Iteration Num of Simuation:0
m_SimulationDeltaT of action plan:0
boidNo = 0
boid Wall No = 0
position = = (3.8, -3.4, -8.6)
Boid Radius= 10
Boid Frame=
 -0.69762	0.38451	-0.60455	3.84513
-0.71591	-0.34081	0.60936	-3.40808
-0.02827	-0.85790	-0.51303	-8.57904
0.00000	0.00000	0.00000	1.00000

boidNo = 1
boid Wall No = 0
position = = (0.5, -9.9, -1.4)
Boid Radius= 10
Boid Frame=
 -0.54349	0.04881	0.83800	0.48810
0.09261	-0.98873	0.11765	-9.88727
-0.83429	-0.14155	-0.53284	-1.41549
0.00000	0.00000	0.00000	1.00000

boidNo = 2
boid Wall No = 0
position = = (-4.3, -8.0, -4.1)
Boid Radius= 10
Boid Frame=
 -0.67306	-0.43439	-0.59858	-4.34391
-0.01097	-0.80339	0.59536	-8.03387
0.73951	-0.40728	-0.53596	-4.07276
0.00000	0.00000	0.00000	1.00000

boidNo = 3
boid Wall No = 0
position = = (0.3, -5.9, 8.0)
Boid Radius= 10
Boid Frame=
 0.84012	0.03316	0.54139	0.33161
-0.41885	-0.59452	0.68637	-5.94521
-0.34463	0.80340	0.48558	8.03396
0.00000	0.00000	0.00000	1.00000

boidNo = 4
boid Wall No = 1
position = = (-3.2, 5.1, -7.9)
Boid Radius= 10
Boid Frame=
 -0.86412	-0.32441	-0.38478	-3.24413
-0.50255	0.51467	0.69467	5.14669
0.02733	-0.79364	0.60777	-7.93644
0.00000	0.00000	0.00000	1.00000

boidNo = 5
boid Wall No = 1
position = = (-2.4, 1.0, 9.7)
Boid Radius= 10
Boid Frame=
 0.68589	-0.24084	0.68670	-2.40838
-0.68650	0.09889	0.72037	0.98889
0.24140	0.96551	0.09751	9.65515
0.00000	0.00000	0.00000	1.00000

boidNo = 6
boid Wall No = 1
position = = (-7.4, 6.1, 2.8)
Boid Radius= 10
Boid Frame=
 -0.03993	-0.74303	0.66807	-7.43027
-0.45456	0.60892	0.65007	6.08919
0.88982	0.27772	0.36206	2.77722
0.00000	0.00000	0.00000	1.00000

boidNo = 7
boid Wall No = 1
position = = (-3.7, 8.9, -2.8)
Boid Radius= 10
Boid Frame=
 -0.68118	-0.37092	0.63120	-3.70922
-0.05558	0.88587	0.46060	8.85867
0.73000	-0.27867	0.62405	-2.78669
0.00000	0.00000	0.00000	1.00000

boidNo = 8
boid Wall No = 0
position = = (1.3, -9.9, -0.4)
Boid Radius= 10
Boid Frame=
 -0.15704	0.12575	0.97955	1.25750
0.01923	-0.99128	0.13034	-9.91283
-0.98740	-0.03930	-0.15326	-0.39304
0.00000	0.00000	0.00000	1.00000

boidNo = 9
boid Wall No = 0
position = = (-7.4, -6.7, 0.5)
Boid Radius= 10
Boid Frame=
 0.34394	-0.74100	-0.57673	-7.41001
-0.31831	-0.66985	0.67081	-6.69847
0.88339	0.04714	0.46626	0.47142
0.00000	0.00000	0.00000	1.00000

boidNo = 10
boid Wall No = 1
position = = (7.7, 2.8, -5.7)
Boid Radius= 10
Boid Frame=
 -0.27549	0.77473	-0.56913	7.74727
-0.65429	0.28263	0.70145	2.82632
-0.70428	-0.56561	-0.42903	-5.65613
0.00000	0.00000	0.00000	1.00000

boidNo = 11
boid Wall No = 1
position = = (4.0, 3.3, 8.6)
Boid Radius= 10
Boid Frame=
 0.76205	0.39659	0.51186	3.96590
-0.63865	0.32996	0.69516	3.29960
-0.10680	0.85665	-0.50473	8.56646
0.00000	0.00000	0.00000	1.00000

boidNo = 12
boid Wall No = 1
position = = (-0.4, 9.9, -1.3)
Boid Radius= 10
Boid Frame=
 -0.74758	-0.04333	0.66276	-0.43332
0.05253	0.99089	0.12404	9.90885
0.66209	-0.12755	0.73849	-1.27550
0.00000	0.00000	0.00000	1.00000

boidNo = 13
boid Wall No = 1
position = = (5.4, 4.1, -7.3)
Boid Radius= 10
Boid Frame=
 -0.47475	0.54436	-0.69158	5.44358
-0.56541	0.41355	0.71365	4.13551
-0.67448	-0.72983	-0.11145	-7.29829
0.00000	0.00000	0.00000	1.00000

boidNo = 14
boid Wall No = 0
position = = (-0.7, -9.6, -2.7)
Boid Radius= 10
Boid Frame=
 -0.99772	-0.06749	0.00073	-0.67487
0.06513	-0.95986	0.27281	-9.59861
0.01771	-0.27224	-0.96207	-2.72236
0.00000	0.00000	0.00000	1.00000

