Iteration Num of Simuation:0
m_SimulationDeltaT of action plan:0
boidNo = 0
boid Wall No = 0
position = = (-0.1, -1.0, -9.9)
Boid Radius= 10
Boid Frame=
 0.19393	-0.01041	-0.98096	-0.10409
-0.97615	-0.10151	-0.19191	-1.01506
0.09758	-0.99478	0.02985	-9.94780
0.00000	0.00000	0.00000	1.00000

boidNo = 1
boid Wall No = 1
position = = (-0.9, 9.5, 2.9)
Boid Radius= 10
Boid Frame=
 0.93760	-0.08567	0.33700	-0.85668
-0.02042	0.95394	0.29931	9.53938
0.34712	0.28751	-0.89266	2.87512
0.00000	0.00000	0.00000	1.00000

boidNo = 2
boid Wall No = 1
position = = (0.4, 4.7, -8.8)
Boid Radius= 10
Boid Frame=
 -0.71692	0.04335	-0.69580	0.43349
-0.59890	0.47259	0.64652	4.72589
-0.35685	-0.88022	0.31285	-8.80216
0.00000	0.00000	0.00000	1.00000

boidNo = 3
boid Wall No = 1
position = = (0.4, 9.4, 3.2)
Boid Radius= 10
Boid Frame=
 0.60798	0.04009	0.79294	0.40089
-0.28108	0.94491	0.16774	9.44913
0.74253	0.32486	-0.58576	3.24858
0.00000	0.00000	0.00000	1.00000

boidNo = 4
boid Wall No = 1
position = = (3.2, 1.3, 9.4)
Boid Radius= 10
Boid Frame=
 0.74988	0.32134	0.57830	3.21336
-0.64043	0.13332	0.75636	1.33323
-0.16595	0.93753	-0.30577	9.37533
0.00000	0.00000	0.00000	1.00000

boidNo = 5
boid Wall No = 1
position = = (-1.3, 8.7, -4.7)
Boid Radius= 10
Boid Frame=
 -0.99104	-0.13029	0.02936	-1.30294
-0.10050	0.87226	0.47861	8.72256
0.08797	-0.47137	0.87754	-4.71374
0.00000	0.00000	0.00000	1.00000

boidNo = 6
boid Wall No = 0
position = = (-0.2, -9.9, -1.3)
Boid Radius= 10
Boid Frame=
 -0.99722	-0.01528	-0.07298	-0.15283
0.00549	-0.99117	0.13252	-9.91166
0.07436	-0.13175	-0.98849	-1.31747
0.00000	0.00000	0.00000	1.00000

boidNo = 7
boid Wall No = 0
position = = (4.2, -8.9, 1.9)
Boid Radius= 10
Boid Frame=
 0.28827	0.41774	0.86162	4.17743
-0.07306	-0.88760	0.45478	-8.87600
-0.95476	0.19405	0.22535	1.94054
0.00000	0.00000	0.00000	1.00000

boidNo = 8
boid Wall No = 1
position = = (0.8, 10.0, 0.5)
Boid Radius= 9.999999
Boid Frame=
 -0.00799	0.08158	-0.99664	0.81577
0.05104	0.99540	0.08107	9.95401
-0.99866	0.05022	0.01212	0.50217
0.00000	0.00000	0.00000	1.00000

boidNo = 9
boid Wall No = 1
position = = (-8.9, 4.3, 1.5)
Boid Radius= 10
Boid Frame=
 -0.19672	-0.89162	0.40781	-8.91625
-0.66790	0.42637	0.61002	4.26369
0.71778	0.15237	0.67939	1.52367
0.00000	0.00000	0.00000	1.00000

boidNo = 10
boid Wall No = 0
position = = (-2.8, -9.4, 1.9)
Boid Radius= 10
Boid Frame=
 0.00638	-0.28452	-0.95865	-2.84523
0.19727	-0.93947	0.28014	-9.39470
0.98033	0.19090	-0.05014	1.90900
0.00000	0.00000	0.00000	1.00000

boidNo = 11
boid Wall No = 0
position = = (-2.7, -9.6, -0.3)
Boid Radius= 10
Boid Frame=
 -0.08588	-0.26799	-0.95959	-2.67989
-0.01023	-0.96286	0.26982	-9.62857
0.99625	-0.03299	-0.07995	-0.32987
0.00000	0.00000	0.00000	1.00000

boidNo = 12
boid Wall No = 1
position = = (0.6, 3.8, 9.2)
Boid Radius= 10
Boid Frame=
 0.76294	0.05972	0.64370	0.59723
-0.61319	0.38219	0.69132	3.82185
0.20473	0.92215	-0.32821	9.22154
0.00000	0.00000	0.00000	1.00000

boidNo = 13
boid Wall No = 1
position = = (6.0, 6.5, 4.6)
Boid Radius= 10
Boid Frame=
 0.78725	0.60479	-0.12032	6.04785
-0.39911	0.64848	0.64821	6.48483
-0.47005	0.46228	-0.75190	4.62281
0.00000	0.00000	0.00000	1.00000

boidNo = 14
boid Wall No = 0
position = = (-8.8, -3.6, -3.1)
Boid Radius= 10
Boid Frame=
 -0.08991	-0.88132	-0.46389	-8.81318
-0.50928	-0.35959	0.78187	-3.59593
0.85589	-0.30655	0.41651	-3.06548
0.00000	0.00000	0.00000	1.00000

boidNo = 15
boid Wall No = 0
position = = (-1.9, -4.9, -8.5)
Boid Radius= 10
Boid Frame=
 -0.82270	-0.19080	-0.53550	-1.90804
-0.39157	-0.49268	0.77713	-4.92682
0.41211	-0.84903	-0.33062	-8.49034
0.00000	0.00000	0.00000	1.00000

boidNo = 16
boid Wall No = 1
position = = (4.3, 5.3, 7.3)
Boid Radius= 10
Boid Frame=
 0.87210	0.43004	0.23348	4.30037
-0.45283	0.52843	0.71813	5.28429
-0.18545	0.73200	-0.65558	7.32005
0.00000	0.00000	0.00000	1.00000

boidNo = 17
boid Wall No = 0
position = = (-5.9, -5.7, 5.7)
Boid Radius= 10
Boid Frame=
 0.27370	-0.59151	0.75843	-5.91505
-0.80472	-0.57272	-0.15626	-5.72715
-0.52679	0.56756	0.63275	5.67555
0.00000	0.00000	0.00000	1.00000

boidNo = 18
boid Wall No = 1
position = = (-0.7, 6.7, -7.4)
Boid Radius= 10
Boid Frame=
 -0.62203	-0.07167	-0.77971	-0.71674
-0.60735	0.67264	0.42270	6.72642
-0.49417	-0.73649	0.46194	-7.36489
0.00000	0.00000	0.00000	1.00000

boidNo = 19
boid Wall No = 1
position = = (8.2, 4.1, -3.9)
Boid Radius= 10
Boid Frame=
 0.01320	0.82186	-0.56954	8.21855
-0.70669	0.41063	0.57617	4.10633
-0.70740	-0.39488	-0.58622	-3.94885
0.00000	0.00000	0.00000	1.00000

