Iteration Num of Simuation:0
m_SimulationDeltaT of action plan:0
boidNo = 0
boid Wall No = 1
position = = (7.7, 3.9, 5.0)
Boid Radius= 10
Boid Frame=
 0.62722	0.77142	0.10729	7.71418
-0.60228	0.39307	0.69481	3.93067
-0.49382	0.50041	-0.71115	5.00413
0.00000	0.00000	0.00000	1.00000

boidNo = 1
boid Wall No = 1
position = = (-8.2, 4.4, 3.6)
Boid Radius= 10
Boid Frame=
 0.05207	-0.81933	0.57095	-8.19333
-0.57098	0.44463	0.69014	4.44630
0.81931	0.36194	0.44467	3.61936
0.00000	0.00000	0.00000	1.00000

boidNo = 2
boid Wall No = 1
position = = (-4.3, 6.9, 5.8)
Boid Radius= 10
Boid Frame=
 0.52939	-0.43228	0.72999	-4.32277
-0.32797	0.68928	0.64601	6.89280
0.78242	0.58140	-0.22313	5.81404
0.00000	0.00000	0.00000	1.00000

boidNo = 3
boid Wall No = 1
position = = (-2.6, 8.5, -4.5)
Boid Radius= 10
Boid Frame=
 -0.93219	-0.26029	0.25155	-2.60294
-0.10148	0.85498	0.50864	8.54977
0.34747	-0.44862	0.82341	-4.48622
0.00000	0.00000	0.00000	1.00000

boidNo = 4
boid Wall No = 1
position = = (3.7, 4.9, 7.9)
Boid Radius= 10
Boid Frame=
 0.84011	0.36804	0.39845	3.68042
-0.53945	0.49018	0.68463	4.90178
-0.05666	0.79011	-0.61034	7.90108
0.00000	0.00000	0.00000	1.00000

boidNo = 5
boid Wall No = 1
position = = (0.1, 9.7, 2.3)
Boid Radius= 10
Boid Frame=
 0.95424	0.00528	-0.29900	0.05276
0.06284	0.97398	0.21774	9.73982
-0.29237	0.22656	-0.92908	2.26562
0.00000	0.00000	0.00000	1.00000

boidNo = 6
boid Wall No = 0
position = = (4.2, -9.0, 0.9)
Boid Radius= 10
Boid Frame=
 0.53270	0.42051	0.73444	4.20515
0.16889	-0.90318	0.39464	-9.03183
-0.82928	0.08619	0.55215	0.86188
0.00000	0.00000	0.00000	1.00000

boidNo = 7
boid Wall No = 1
position = = (-0.1, 9.9, -1.3)
Boid Radius= 10
Boid Frame=
 -0.85751	-0.00756	0.51442	-0.07557
0.05908	0.99183	0.11305	9.91832
0.51107	-0.12733	0.85006	-1.27328
0.00000	0.00000	0.00000	1.00000

boidNo = 8
boid Wall No = 1
position = = (8.6, 5.2, -0.1)
Boid Radius= 10
Boid Frame=
 0.30461	0.85634	-0.41701	8.56338
-0.51900	0.51634	0.68120	5.16339
-0.79865	-0.00893	-0.60173	-0.08930
0.00000	0.00000	0.00000	1.00000

boidNo = 9
boid Wall No = 1
position = = (-9.0, 0.4, -4.4)
Boid Radius= 10
Boid Frame=
 -0.33919	-0.89656	-0.28482	-8.96564
-0.70603	0.04253	0.70690	0.42535
0.62167	-0.44087	0.64743	-4.40868
0.00000	0.00000	0.00000	1.00000

boidNo = 10
boid Wall No = 1
position = = (-2.7, 9.4, 2.2)
Boid Radius= 9.999999
Boid Frame=
 0.67746	-0.27415	0.68256	-2.74154
0.02878	0.93712	0.34783	9.37116
0.73499	0.21599	-0.64275	2.15994
0.00000	0.00000	0.00000	1.00000

boidNo = 11
boid Wall No = 1
position = = (-2.5, 6.8, -6.9)
Boid Radius= 10
Boid Frame=
 -0.93445	-0.25053	-0.25306	-2.50528
-0.35590	0.68071	0.64029	6.80707
-0.01185	-0.68838	0.72525	-6.88385
0.00000	0.00000	0.00000	1.00000

boidNo = 12
boid Wall No = 1
position = = (8.1, 5.6, 1.6)
Boid Radius= 10
Boid Frame=
 0.48070	0.80911	-0.33804	8.09109
-0.47769	0.56490	0.67283	5.64900
-0.73535	0.16196	-0.65805	1.61958
0.00000	0.00000	0.00000	1.00000

boidNo = 13
boid Wall No = 1
position = = (-9.0, 4.2, 1.4)
Boid Radius= 10
Boid Frame=
 -0.14746	-0.89510	0.42077	-8.95105
-0.58536	0.42189	0.69236	4.21891
0.79725	0.14421	0.58617	1.44206
0.00000	0.00000	0.00000	1.00000

boidNo = 14
boid Wall No = 0
position = = (2.3, -9.7, -1.1)
Boid Radius= 10
Boid Frame=
 0.22032	0.22594	0.94890	2.25937
0.16570	-0.96733	0.19185	-9.67334
-0.96125	-0.11497	0.25056	-1.14965
0.00000	0.00000	0.00000	1.00000

