Iteration Num of Simuation:0
m_SimulationDeltaT of action plan:0
boidNo = 0
boid Wall No = 1
position = = (-3.6, 8.2, 4.4)
Boid Radius= 10
Boid Frame=
 0.60757	-0.35787	0.70907	-3.57871
-0.15045	0.82473	0.54515	8.24726
0.77988	0.43790	-0.44724	4.37899
0.00000	0.00000	0.00000	1.00000

boidNo = 1
boid Wall No = 1
position = = (1.0, 9.6, -2.8)
Boid Radius= 10
Boid Frame=
 -0.98237	0.09979	-0.15808	0.99792
0.05071	0.95615	0.28844	9.56154
-0.17993	-0.27534	0.94436	-2.75340
0.00000	0.00000	0.00000	1.00000

boidNo = 2
boid Wall No = 0
position = = (9.8, -0.6, 1.7)
Boid Radius= 10
Boid Frame=
 0.09328	0.98292	0.15863	9.82921
-0.65299	-0.05988	0.75499	-0.59879
-0.75160	0.17401	-0.63626	1.74013
0.00000	0.00000	0.00000	1.00000

boidNo = 3
boid Wall No = 1
position = = (8.8, 4.7, -0.9)
Boid Radius= 10
Boid Frame=
 0.19307	0.87810	-0.43780	8.78096
-0.52398	0.46952	0.71063	4.69518
-0.82956	-0.09220	-0.55076	-0.92203
0.00000	0.00000	0.00000	1.00000

boidNo = 4
boid Wall No = 0
position = = (-2.8, -5.2, 8.0)
Boid Radius= 10
Boid Frame=
 0.85653	-0.28272	0.43176	-2.82725
-0.51504	-0.52165	0.68016	-5.21651
-0.03293	0.80495	0.59243	8.04952
0.00000	0.00000	0.00000	1.00000

boidNo = 5
boid Wall No = 1
position = = (7.5, 6.6, -0.7)
Boid Radius= 10
Boid Frame=
 0.46299	0.74501	-0.48021	7.45007
-0.58803	0.66356	0.46251	6.63557
-0.66322	-0.06824	-0.74531	-0.68243
0.00000	0.00000	0.00000	1.00000

boidNo = 6
boid Wall No = 1
position = = (0.7, 8.8, -4.8)
Boid Radius= 10
Boid Frame=
 -0.95575	0.06977	-0.28579	0.69768
-0.07886	0.87515	0.47738	8.75152
-0.28341	-0.47879	0.83092	-4.78792
0.00000	0.00000	0.00000	1.00000

boidNo = 7
boid Wall No = 1
position = = (-0.8, 9.9, -1.3)
Boid Radius= 10
Boid Frame=
 -0.77317	-0.08215	0.62886	-0.82149
0.02130	0.98765	0.15521	9.87653
0.63384	-0.13339	0.76187	-1.33393
0.00000	0.00000	0.00000	1.00000

boidNo = 8
boid Wall No = 0
position = = (-0.6, -1.5, 9.9)
Boid Radius= 10
Boid Frame=
 0.77139	-0.06131	0.63340	-0.61309
-0.63473	-0.14530	0.75895	-1.45303
-0.04550	0.98749	0.15100	9.87486
0.00000	0.00000	0.00000	1.00000

boidNo = 9
boid Wall No = 1
position = = (-0.2, 9.9, 1.6)
Boid Radius= 10
Boid Frame=
 0.96373	-0.02102	-0.26604	-0.21017
0.06317	0.98653	0.15088	9.86532
-0.25928	0.16221	-0.95208	1.62215
0.00000	0.00000	0.00000	1.00000

boidNo = 10
boid Wall No = 0
position = = (-2.5, -5.7, -7.9)
Boid Radius= 10
Boid Frame=
 -0.74746	-0.25042	-0.61530	-2.50416
-0.40297	-0.56544	0.71965	-5.65437
0.52812	-0.78586	-0.32173	-7.85858
0.00000	0.00000	0.00000	1.00000

boidNo = 11
boid Wall No = 0
position = = (0.3, -5.6, -8.2)
Boid Radius= 10
Boid Frame=
 -0.88499	0.03100	-0.46457	0.31004
-0.39902	-0.56470	0.72242	-5.64703
0.23995	-0.82471	-0.51213	-8.24712
0.00000	0.00000	0.00000	1.00000

boidNo = 12
boid Wall No = 1
position = = (8.2, 2.5, -5.2)
Boid Radius= 10
Boid Frame=
 -0.25535	0.81895	-0.51393	8.18949
-0.65252	0.24626	0.71664	2.46264
-0.71345	-0.51834	-0.47150	-5.18340
0.00000	0.00000	0.00000	1.00000

boidNo = 13
boid Wall No = 1
position = = (-3.1, 8.0, 5.1)
Boid Radius= 10
Boid Frame=
 0.67133	-0.31280	0.67191	-3.12804
-0.18927	0.80416	0.56348	8.04159
0.71658	0.50545	-0.48066	5.05452
0.00000	0.00000	0.00000	1.00000

boidNo = 14
boid Wall No = 0
position = = (5.3, -3.9, 7.5)
Boid Radius= 10
Boid Frame=
 0.48164	0.53286	0.69576	5.32864
-0.59336	-0.38598	0.70636	-3.85978
-0.64494	0.75305	-0.13028	7.53045
0.00000	0.00000	0.00000	1.00000

