Iteration Num of Simuation:0
m_SimulationDeltaT of action plan:0
boidNo = 0
boid Wall No = 0
position = = (-7.3, -5.4, -4.3)
Boid Radius= 10
Boid Frame=
 -0.13742	-0.72730	-0.67242	-7.27300
-0.49724	-0.53647	0.68187	-5.36472
0.85666	-0.42806	0.28792	-4.28056
0.00000	0.00000	0.00000	1.00000

boidNo = 1
boid Wall No = 1
position = = (-4.2, 4.8, -7.7)
Boid Radius= 10
Boid Frame=
 -0.79306	-0.42276	-0.43854	-4.22764
-0.60658	0.48225	0.63205	4.82254
0.05572	-0.76727	0.63890	-7.67269
0.00000	0.00000	0.00000	1.00000

boidNo = 2
boid Wall No = 0
position = = (-0.3, -9.7, 2.4)
Boid Radius= 10
Boid Frame=
 0.58136	-0.02857	-0.81315	-0.28569
0.18193	-0.96952	0.16413	-9.69517
0.79305	0.24335	0.55844	2.43353
0.00000	0.00000	0.00000	1.00000

boidNo = 3
boid Wall No = 1
position = = (7.8, 3.0, 5.4)
Boid Radius= 10
Boid Frame=
 0.57922	0.78304	0.22662	7.83036
-0.67334	0.30288	0.67445	3.02879
-0.45948	0.54325	-0.70268	5.43248
0.00000	0.00000	0.00000	1.00000

boidNo = 4
boid Wall No = 0
position = = (5.6, -7.9, 2.6)
Boid Radius= 10
Boid Frame=
 0.37364	0.56253	0.73754	5.62526
-0.03645	-0.78560	0.61765	-7.85605
-0.92686	0.25766	0.27303	2.57662
0.00000	0.00000	0.00000	1.00000

boidNo = 5
boid Wall No = 0
position = = (1.6, -9.8, -1.2)
Boid Radius= 10
Boid Frame=
 0.21766	0.15700	0.96332	1.56997
0.15334	-0.98022	0.12511	-9.80222
-0.96390	-0.12048	0.23743	-1.20483
0.00000	0.00000	0.00000	1.00000

boidNo = 6
boid Wall No = 1
position = = (-1.7, 4.9, 8.6)
Boid Radius= 10
Boid Frame=
 0.71936	-0.16761	0.67412	-1.67614
-0.53499	0.48531	0.69156	4.85312
0.44307	0.85812	-0.25944	8.58125
0.00000	0.00000	0.00000	1.00000

boidNo = 7
boid Wall No = 1
position = = (0.2, 9.8, 2.0)
Boid Radius= 9.999999
Boid Frame=
 0.91405	0.02009	-0.40511	0.20087
0.06504	0.97859	0.19528	9.78589
-0.40036	0.20484	-0.89317	2.04840
0.00000	0.00000	0.00000	1.00000

boidNo = 8
boid Wall No = 1
position = = (4.2, 8.5, -3.0)
Boid Radius= 10
Boid Frame=
 -0.43799	0.42129	-0.79415	4.21291
-0.10136	0.85462	0.50927	8.54617
-0.89325	-0.30355	0.33161	-3.03553
0.00000	0.00000	0.00000	1.00000

boidNo = 9
boid Wall No = 0
position = = (0.6, -9.6, -2.7)
Boid Radius= 10
Boid Frame=
 -0.55005	0.06451	0.83263	0.64513
0.18902	-0.96152	0.19937	-9.61522
-0.81346	-0.26705	-0.51670	-2.67046
0.00000	0.00000	0.00000	1.00000

boidNo = 10
boid Wall No = 1
position = = (-1.3, 3.2, -9.4)
Boid Radius= 10
Boid Frame=
 -0.74076	-0.13288	-0.65849	-1.32881
-0.66075	0.32089	0.67855	3.20893
-0.12114	-0.93775	0.32551	-9.37747
0.00000	0.00000	0.00000	1.00000

boidNo = 11
boid Wall No = 0
position = = (5.8, -6.9, 4.3)
Boid Radius= 9.999999
Boid Frame=
 0.32284	0.57909	0.74862	5.79093
-0.28675	-0.69395	0.66046	-6.93946
-0.90197	0.42789	0.05798	4.27890
0.00000	0.00000	0.00000	1.00000

boidNo = 12
boid Wall No = 1
position = = (-4.8, 8.1, 3.3)
Boid Radius= 10
Boid Frame=
 0.33844	-0.48472	0.80654	-4.84721
-0.17102	0.81116	0.55926	8.11157
0.92531	0.32722	-0.19163	3.27215
0.00000	0.00000	0.00000	1.00000

boidNo = 13
boid Wall No = 0
position = = (-3.5, -1.8, 9.2)
Boid Radius= 9.999999
Boid Frame=
 0.70382	-0.34650	0.62014	-3.46502
-0.69877	-0.18057	0.69218	-1.80570
0.12786	0.92051	0.36922	9.20506
0.00000	0.00000	0.00000	1.00000

boidNo = 14
boid Wall No = 0
position = = (-0.1, -10.0, -0.8)
Boid Radius= 10
Boid Frame=
 -0.94624	-0.01402	-0.32316	-0.14017
-0.01194	-0.99687	0.07819	-9.96867
0.32325	-0.07784	-0.94311	-0.77841
0.00000	0.00000	0.00000	1.00000

