Iteration Num of Simuation:0
m_SimulationDeltaT of action plan:0
boidNo = 0
boid Wall No = 0
position = = (-0.3, -3.5, 9.4)
Boid Radius= 10
Boid Frame=
 0.80656	-0.03171	0.59030	-0.31707
-0.56161	-0.35283	0.74840	-3.52828
-0.18454	0.93515	0.30238	9.35151
0.00000	0.00000	0.00000	1.00000

boidNo = 1
boid Wall No = 0
position = = (-3.0, -9.5, -0.3)
Boid Radius= 10
Boid Frame=
 -0.60463	-0.29584	-0.73953	-2.95840
0.16501	-0.95485	0.24707	-9.54846
0.77922	-0.02736	-0.62615	-0.27356
0.00000	0.00000	0.00000	1.00000

boidNo = 2
boid Wall No = 1
position = = (1.9, 6.0, -7.7)
Boid Radius= 10
Boid Frame=
 -0.72547	0.19256	-0.66077	1.92563
-0.44437	0.60209	0.66334	6.02090
-0.52558	-0.77486	0.35123	-7.74860
0.00000	0.00000	0.00000	1.00000

boidNo = 3
boid Wall No = 1
position = = (2.2, 9.6, -1.5)
Boid Radius= 10
Boid Frame=
 -0.73962	0.21711	-0.63705	2.17105
0.06115	0.96430	0.25764	9.64304
-0.67024	-0.15160	0.72649	-1.51599
0.00000	0.00000	0.00000	1.00000

boidNo = 4
boid Wall No = 1
position = = (1.6, 2.1, 9.6)
Boid Radius= 10
Boid Frame=
 0.73929	0.15616	0.65503	1.56156
-0.67278	0.21232	0.70872	2.12320
0.02841	0.96464	-0.26203	9.64643
0.00000	0.00000	0.00000	1.00000

boidNo = 5
boid Wall No = 0
position = = (4.8, -5.6, 6.7)
Boid Radius= 10
Boid Frame=
 0.51119	0.48119	0.71214	4.81188
-0.44202	-0.56341	0.69798	-5.63412
-0.73709	0.67158	0.07531	6.71584
0.00000	0.00000	0.00000	1.00000

boidNo = 6
boid Wall No = 1
position = = (2.4, 9.7, -0.9)
Boid Radius= 10
Boid Frame=
 -0.53864	0.23567	-0.80891	2.35667
0.05725	0.96810	0.24393	9.68102
-0.84059	-0.08508	0.53495	-0.85082
0.00000	0.00000	0.00000	1.00000

boidNo = 7
boid Wall No = 0
position = = (-1.7, -9.8, 0.5)
Boid Radius= 10
Boid Frame=
 -0.15524	-0.17299	-0.97261	-1.72987
0.07540	-0.98375	0.16293	-9.83752
0.98500	0.04804	-0.16576	0.48043
0.00000	0.00000	0.00000	1.00000

boidNo = 8
boid Wall No = 1
position = = (1.2, 4.4, -8.9)
Boid Radius= 10
Boid Frame=
 -0.71972	0.11812	-0.68414	1.18118
-0.58064	0.43780	0.68643	4.37803
-0.38060	-0.89128	0.24651	-8.91278
0.00000	0.00000	0.00000	1.00000

boidNo = 9
boid Wall No = 0
position = = (8.3, -5.5, 1.0)
Boid Radius= 10
Boid Frame=
 -0.16396	0.82543	0.54017	8.25432
-0.41220	-0.55481	0.72269	-5.54808
-0.89622	0.10417	-0.43121	1.04166
0.00000	0.00000	0.00000	1.00000

boidNo = 10
boid Wall No = 1
position = = (-0.5, 3.0, 9.5)
Boid Radius= 10
Boid Frame=
 0.74609	-0.04806	0.66411	-0.48064
-0.62376	0.29850	0.72237	2.98500
0.23296	0.95320	-0.19273	9.53199
0.00000	0.00000	0.00000	1.00000

boidNo = 11
boid Wall No = 0
position = = (-9.3, -2.5, 2.8)
Boid Radius= 10
Boid Frame=
 0.36957	-0.92896	-0.02144	-9.28957
-0.57243	-0.24578	0.78225	-2.45785
0.73195	0.27682	0.62259	2.76818
0.00000	0.00000	0.00000	1.00000

boidNo = 12
boid Wall No = 1
position = = (-1.3, 9.9, 0.6)
Boid Radius= 10
Boid Frame=
 0.76882	-0.13362	0.62535	-1.33617
0.06457	0.98915	0.13197	9.89149
0.63620	0.06109	-0.76911	0.61086
0.00000	0.00000	0.00000	1.00000

boidNo = 13
boid Wall No = 1
position = = (3.4, 9.3, -1.5)
Boid Radius= 10
Boid Frame=
 -0.42398	0.34342	-0.83803	3.43423
0.01520	0.92789	0.37255	9.27886
-0.90554	-0.14522	0.39863	-1.45220
0.00000	0.00000	0.00000	1.00000

boidNo = 14
boid Wall No = 0
position = = (5.1, -8.4, 1.8)
Boid Radius= 10
Boid Frame=
 0.44169	0.51456	0.73494	5.14555
0.07715	-0.83793	0.54029	-8.37932
-0.89384	0.18194	0.40981	1.81941
0.00000	0.00000	0.00000	1.00000

