Iteration Num of Simuation:0
m_SimulationDeltaT of action plan:0
boidNo = 0
boid Wall No = 1
position = = (2.7, 9.5, -1.5)
Boid Radius= 10
Boid Frame=
 -0.20555	0.26635	-0.94170	2.66349
-0.09464	0.95233	0.29001	9.52331
-0.97406	-0.14874	0.17055	-1.48740
0.00000	0.00000	0.00000	1.00000

boidNo = 1
boid Wall No = 0
position = = (0.1, -10.0, 0.6)
Boid Radius= 10
Boid Frame=
 0.99918	0.00806	0.03958	0.08060
0.00555	-0.99799	0.06307	-9.97994
-0.04001	0.06279	0.99722	0.62794
0.00000	0.00000	0.00000	1.00000

boidNo = 2
boid Wall No = 1
position = = (-1.9, 9.4, -2.8)
Boid Radius= 10
Boid Frame=
 -0.91526	-0.19227	0.35402	-1.92275
-0.07002	0.94130	0.33022	9.41302
0.39673	-0.27745	0.87500	-2.77453
0.00000	0.00000	0.00000	1.00000

boidNo = 3
boid Wall No = 1
position = = (6.6, 7.4, 0.7)
Boid Radius= 10
Boid Frame=
 0.59375	0.66391	-0.45464	6.63906
-0.46941	0.74469	0.47443	7.44693
-0.65354	0.06828	-0.75381	0.68276
0.00000	0.00000	0.00000	1.00000

boidNo = 4
boid Wall No = 1
position = = (5.8, 5.1, 6.3)
Boid Radius= 10
Boid Frame=
 0.79722	0.57895	0.17107	5.78945
-0.51993	0.51445	0.68192	5.14454
-0.30679	0.63258	-0.71114	6.32582
0.00000	0.00000	0.00000	1.00000

boidNo = 5
boid Wall No = 0
position = = (2.8, -8.7, 4.1)
Boid Radius= 10
Boid Frame=
 0.94339	0.27549	0.18471	2.75486
0.16241	-0.86924	0.46695	-8.69241
-0.28920	0.41052	0.86478	4.10520
0.00000	0.00000	0.00000	1.00000

boidNo = 6
boid Wall No = 0
position = = (-2.2, -6.7, -7.1)
Boid Radius= 10
Boid Frame=
 -0.59857	-0.22324	-0.76933	-2.23237
-0.47978	-0.66918	0.56746	-6.69177
0.64150	-0.70878	-0.29345	-7.08779
0.00000	0.00000	0.00000	1.00000

boidNo = 7
boid Wall No = 0
position = = (-1.2, -9.9, 0.4)
Boid Radius= 10
Boid Frame=
 0.39051	-0.12496	-0.91208	-1.24957
-0.01397	-0.99144	0.12985	-9.91435
0.92049	0.03797	0.38891	0.37968
0.00000	0.00000	0.00000	1.00000

boidNo = 8
boid Wall No = 1
position = = (0.6, 10.0, -0.6)
Boid Radius= 10
Boid Frame=
 -0.95816	0.06292	-0.27923	0.62924
0.04349	0.99622	0.07526	9.96215
-0.28291	-0.05997	0.95727	-0.59967
0.00000	0.00000	0.00000	1.00000

boidNo = 9
boid Wall No = 1
position = = (2.0, 9.7, 1.3)
Boid Radius= 10
Boid Frame=
 0.97674	0.20262	-0.07020	2.02621
-0.19069	0.97046	0.14781	9.70458
-0.09808	0.13098	-0.98652	1.30982
0.00000	0.00000	0.00000	1.00000

boidNo = 10
boid Wall No = 0
position = = (-5.5, -3.3, 7.6)
Boid Radius= 10
Boid Frame=
 0.79301	-0.55275	0.25613	-5.52746
-0.49132	-0.33170	0.80535	-3.31697
0.36019	0.76449	0.53461	7.64493
0.00000	0.00000	0.00000	1.00000

boidNo = 11
boid Wall No = 1
position = = (3.1, 9.3, 1.9)
Boid Radius= 10
Boid Frame=
 0.54580	0.31265	-0.77740	3.12650
-0.01288	0.93080	0.36530	9.30800
-0.83781	0.18937	-0.51206	1.89372
0.00000	0.00000	0.00000	1.00000

boidNo = 12
boid Wall No = 0
position = = (-2.4, -0.4, -9.7)
Boid Radius= 10
Boid Frame=
 -0.42775	-0.23813	-0.87197	-2.38126
-0.89300	-0.03802	0.44845	-0.38025
0.13995	-0.97049	0.19638	-9.70490
0.00000	0.00000	0.00000	1.00000

boidNo = 13
boid Wall No = 0
position = = (5.7, -3.2, 7.6)
Boid Radius= 10
Boid Frame=
 0.58228	0.56687	0.58275	5.66872
-0.49844	-0.31736	0.80675	-3.17360
-0.64227	0.76022	-0.09776	7.60223
0.00000	0.00000	0.00000	1.00000

boidNo = 14
boid Wall No = 0
position = = (3.2, -6.0, 7.3)
Boid Radius= 10
Boid Frame=
 0.75463	0.31852	0.57365	3.18523
-0.30462	-0.60428	0.73625	-6.04277
-0.58116	0.73034	0.35898	7.30338
0.00000	0.00000	0.00000	1.00000

boidNo = 15
boid Wall No = 0
position = = (-0.1, -9.5, -3.0)
Boid Radius= 9.999999
Boid Frame=
 -0.99973	-0.00572	0.02254	-0.05718
0.01224	-0.95360	0.30083	-9.53598
-0.01978	-0.30103	-0.95341	-3.01027
0.00000	0.00000	0.00000	1.00000

boidNo = 16
boid Wall No = 0
position = = (8.4, -5.4, 0.9)
Boid Radius= 10
Boid Frame=
 -0.35116	0.83604	0.42157	8.36041
-0.65229	-0.54145	0.53043	-5.41446
-0.67172	0.08872	-0.73547	0.88721
0.00000	0.00000	0.00000	1.00000

boidNo = 17
boid Wall No = 0
position = = (-7.6, -6.5, 0.8)
Boid Radius= 10
Boid Frame=
 0.30018	-0.75536	-0.58251	-7.55364
-0.23464	-0.65038	0.72246	-6.50380
0.92458	0.08019	0.37246	0.80190
0.00000	0.00000	0.00000	1.00000

boidNo = 18
boid Wall No = 1
position = = (6.5, 1.3, 7.5)
Boid Radius= 10
Boid Frame=
 0.64052	0.64837	0.41153	6.48366
-0.62745	0.13288	0.76724	1.32878
-0.44277	0.74964	-0.49193	7.49643
0.00000	0.00000	0.00000	1.00000

boidNo = 19
boid Wall No = 0
position = = (8.6, -1.6, 4.8)
Boid Radius= 10
Boid Frame=
 0.32586	0.86026	0.39213	8.60260
-0.56187	-0.15736	0.81212	-1.57355
-0.76034	0.48497	-0.43207	4.84967
0.00000	0.00000	0.00000	1.00000

