Iteration Num of Simuation:0
m_SimulationDeltaT of action plan:0
boidNo = 0
boid Wall No = 1
position = = (-1.0, 9.3, 3.4)
Boid Radius= 10
Boid Frame=
 0.97329	-0.10060	0.20637	-1.00601
0.02091	0.93399	0.35669	9.33988
0.22863	0.34285	-0.91114	3.42851
0.00000	0.00000	0.00000	1.00000

boidNo = 1
boid Wall No = 1
position = = (4.4, 8.9, -0.8)
Boid Radius= 10
Boid Frame=
 -0.10445	0.44257	-0.89063	4.42575
-0.03698	0.89318	0.44818	8.93179
-0.99384	-0.07975	0.07693	-0.79747
0.00000	0.00000	0.00000	1.00000

boidNo = 2
boid Wall No = 1
position = = (0.2, 2.3, 9.7)
Boid Radius= 10
Boid Frame=
 0.66023	0.01796	0.75085	0.17961
-0.73364	0.22951	0.63961	2.29509
0.16084	0.97314	-0.16471	9.73141
0.00000	0.00000	0.00000	1.00000

boidNo = 3
boid Wall No = 0
position = = (3.0, -8.3, 4.7)
Boid Radius= 10
Boid Frame=
 0.87679	0.30403	0.37256	3.04027
0.05180	-0.82998	0.55539	-8.29975
-0.47807	0.46766	0.74346	4.67663
0.00000	0.00000	0.00000	1.00000

boidNo = 4
boid Wall No = 1
position = = (7.3, 5.9, -3.3)
Boid Radius= 10
Boid Frame=
 -0.05063	0.73482	-0.67637	7.34821
-0.44404	0.59005	0.67429	5.90052
-0.89457	-0.33448	-0.29642	-3.34479
0.00000	0.00000	0.00000	1.00000

boidNo = 5
boid Wall No = 0
position = = (5.6, -8.2, 1.2)
Boid Radius= 10
Boid Frame=
 0.26493	0.56178	0.78372	5.61780
0.03732	-0.81813	0.57383	-8.18127
-0.96355	0.12277	0.23771	1.22770
0.00000	0.00000	0.00000	1.00000

boidNo = 6
boid Wall No = 0
position = = (-1.5, -9.9, 0.6)
Boid Radius= 10
Boid Frame=
 -0.10097	-0.15226	-0.98317	-1.52260
0.07484	-0.98658	0.14510	-9.86582
0.99207	0.05893	-0.11101	0.58927
0.00000	0.00000	0.00000	1.00000

boidNo = 7
boid Wall No = 1
position = = (0.4, 7.9, 6.1)
Boid Radius= 10
Boid Frame=
 0.93545	0.04160	0.35100	0.41603
-0.24678	0.78782	0.56430	7.87822
0.25305	0.61450	-0.74723	6.14496
0.00000	0.00000	0.00000	1.00000

boidNo = 8
boid Wall No = 0
position = = (-6.4, -2.8, 7.2)
Boid Radius= 10
Boid Frame=
 0.65308	-0.63682	0.40981	-6.36822
-0.69321	-0.28486	0.66206	-2.84858
0.30488	0.71646	0.62748	7.16460
0.00000	0.00000	0.00000	1.00000

boidNo = 9
boid Wall No = 0
position = = (0.5, -10.0, 0.7)
Boid Radius= 10
Boid Frame=
 0.93059	0.05115	0.36247	0.51146
0.02228	-0.99627	0.08338	-9.96269
-0.36538	0.06952	0.92826	0.69516
0.00000	0.00000	0.00000	1.00000

boidNo = 10
boid Wall No = 0
position = = (-8.8, -1.5, -4.6)
Boid Radius= 10
Boid Frame=
 -0.26623	-0.87761	-0.39864	-8.77615
-0.64216	-0.14695	0.75236	-1.46947
0.71886	-0.45629	0.52445	-4.56288
0.00000	0.00000	0.00000	1.00000

boidNo = 11
boid Wall No = 1
position = = (-5.1, 3.4, -7.9)
Boid Radius= 10
Boid Frame=
 -0.75186	-0.51306	-0.41411	-5.13059
-0.61971	0.33549	0.70951	3.35487
0.22509	-0.79008	0.57019	-7.90076
0.00000	0.00000	0.00000	1.00000

boidNo = 12
boid Wall No = 0
position = = (8.2, -4.4, -3.7)
Boid Radius= 10
Boid Frame=
 -0.57110	0.82039	0.02853	8.20386
-0.59449	-0.43731	0.67479	-4.37312
-0.56606	-0.36841	-0.73746	-3.68408
0.00000	0.00000	0.00000	1.00000

boidNo = 13
boid Wall No = 0
position = = (-3.8, -7.4, 5.5)
Boid Radius= 10
Boid Frame=
 0.88032	-0.38469	-0.27759	-3.84690
-0.11616	-0.74214	0.66010	-7.42142
0.45995	0.54885	0.69800	5.48852
0.00000	0.00000	0.00000	1.00000

boidNo = 14
boid Wall No = 1
position = = (0.1, 9.9, -1.3)
Boid Radius= 10
Boid Frame=
 -0.90572	0.00728	0.42381	0.07275
0.06294	0.99108	0.11750	9.91076
0.41917	-0.13310	0.89810	-1.33101
0.00000	0.00000	0.00000	1.00000

