Iteration Num of Simuation:0
m_SimulationDeltaT of action plan:0
boidNo = 0
boid Wall No = 0
position = = (-2.0, -3.4, -9.2)
Boid Radius= 10
Boid Frame=
 -0.76872	-0.19670	-0.60859	-1.96702
-0.52691	-0.34458	0.77693	-3.44585
0.36253	-0.91792	-0.16124	-9.17916
0.00000	0.00000	0.00000	1.00000

boidNo = 1
boid Wall No = 0
position = = (3.3, -8.9, 3.3)
Boid Radius= 10
Boid Frame=
 0.75991	0.32590	0.56242	3.25904
0.03673	-0.88538	0.46342	-8.85377
-0.64898	0.33150	0.68478	3.31502
0.00000	0.00000	0.00000	1.00000

boidNo = 2
boid Wall No = 1
position = = (3.6, 8.8, -3.0)
Boid Radius= 9.999999
Boid Frame=
 -0.28276	0.36398	-0.88745	3.63980
-0.20297	0.88155	0.42623	8.81551
-0.93747	-0.30064	0.17539	-3.00642
0.00000	0.00000	0.00000	1.00000

boidNo = 3
boid Wall No = 0
position = = (2.1, -1.4, -9.7)
Boid Radius= 10
Boid Frame=
 -0.76209	0.21186	-0.61182	2.11860
-0.64286	-0.13508	0.75398	-1.35076
-0.07710	-0.96792	-0.23914	-9.67920
0.00000	0.00000	0.00000	1.00000

boidNo = 4
boid Wall No = 1
position = = (3.0, 9.5, 0.4)
Boid Radius= 10
Boid Frame=
 0.42477	0.30444	-0.85258	3.04438
-0.09933	0.95175	0.29036	9.51748
-0.89984	0.03865	-0.43451	0.38654
0.00000	0.00000	0.00000	1.00000

boidNo = 5
boid Wall No = 0
position = = (-8.1, -2.8, -5.2)
Boid Radius= 10
Boid Frame=
 -0.32231	-0.80685	-0.49508	-8.06850
-0.52961	-0.27979	0.80077	-2.79786
0.78462	-0.52030	0.33714	-5.20302
0.00000	0.00000	0.00000	1.00000

boidNo = 6
boid Wall No = 0
position = = (-9.5, -1.3, 2.8)
Boid Radius= 10
Boid Frame=
 0.13812	-0.95178	0.27394	-9.51776
-0.99024	-0.12748	0.05637	-1.27478
0.01873	0.27906	0.96009	2.79056
0.00000	0.00000	0.00000	1.00000

boidNo = 7
boid Wall No = 1
position = = (-2.1, 1.4, 9.7)
Boid Radius= 10
Boid Frame=
 0.74572	-0.20652	0.63344	-2.06523
-0.61784	0.14145	0.77347	1.41448
0.24934	0.96816	0.02212	9.68164
0.00000	0.00000	0.00000	1.00000

boidNo = 8
boid Wall No = 0
position = = (-6.9, -3.9, 6.2)
Boid Radius= 10
Boid Frame=
 0.69232	-0.68779	0.21826	-6.87795
-0.60319	-0.38560	0.69820	-3.85596
0.39605	0.61502	0.68183	6.15023
0.00000	0.00000	0.00000	1.00000

boidNo = 9
boid Wall No = 0
position = = (-8.3, -4.4, 3.5)
Boid Radius= 10
Boid Frame=
 0.55470	-0.82703	-0.09125	-8.27034
-0.54179	-0.44224	0.71476	-4.42244
0.63149	0.34704	0.69339	3.47039
0.00000	0.00000	0.00000	1.00000

boidNo = 10
boid Wall No = 0
position = = (0.2, -10.0, -0.4)
Boid Radius= 10
Boid Frame=
 -0.87660	0.02440	0.48060	0.24396
-0.00327	-0.99899	0.04476	-9.98993
-0.48120	-0.03766	-0.87580	-0.37663
0.00000	0.00000	0.00000	1.00000

boidNo = 11
boid Wall No = 1
position = = (2.9, 9.2, -2.6)
Boid Radius= 10
Boid Frame=
 -0.42823	0.28746	-0.85673	2.87460
-0.11924	0.92179	0.36889	9.21793
-0.89577	-0.26013	0.36046	-2.60126
0.00000	0.00000	0.00000	1.00000

boidNo = 12
boid Wall No = 1
position = = (-2.8, 9.6, -0.4)
Boid Radius= 10
Boid Frame=
 -0.43765	-0.27940	0.85463	-2.79396
-0.08854	0.95927	0.26826	9.59269
0.89478	-0.04174	0.44456	-0.41737
0.00000	0.00000	0.00000	1.00000

boidNo = 13
boid Wall No = 1
position = = (0.9, 9.9, -1.0)
Boid Radius= 10
Boid Frame=
 -0.97238	0.08737	-0.21643	0.87368
0.06284	0.99106	0.11772	9.91056
-0.22478	-0.10087	0.96917	-1.00868
0.00000	0.00000	0.00000	1.00000

boidNo = 14
boid Wall No = 0
position = = (-4.1, -2.6, -8.7)
Boid Radius= 10
Boid Frame=
 -0.51705	-0.41430	-0.74901	-4.14298
-0.72288	-0.25725	0.64131	-2.57245
0.45837	-0.87303	0.16648	-8.73030
0.00000	0.00000	0.00000	1.00000

boidNo = 15
boid Wall No = 1
position = = (-2.6, 5.9, -7.6)
Boid Radius= 10
Boid Frame=
 -0.89414	-0.26006	-0.36452	-2.60061
-0.44596	0.59052	0.67261	5.90518
-0.04033	-0.76397	0.64398	-7.63974
0.00000	0.00000	0.00000	1.00000

boidNo = 16
boid Wall No = 1
position = = (-6.5, 3.7, -6.6)
Boid Radius= 10
Boid Frame=
 -0.69065	-0.65048	-0.31605	-6.50478
-0.65237	0.37176	0.66046	3.71756
0.31212	-0.66233	0.68111	-6.62326
0.00000	0.00000	0.00000	1.00000

boidNo = 17
boid Wall No = 0
position = = (1.5, -9.8, -1.0)
Boid Radius= 10
Boid Frame=
 -0.59320	0.15256	0.79047	1.52556
-0.00983	-0.98318	0.18237	-9.83180
-0.80499	-0.10042	-0.58472	-1.00417
0.00000	0.00000	0.00000	1.00000

boidNo = 18
boid Wall No = 1
position = = (6.0, 5.4, -6.0)
Boid Radius= 10
Boid Frame=
 -0.30492	0.59773	-0.74144	5.97733
-0.53491	0.53664	0.65261	5.36636
-0.78797	-0.59560	-0.15610	-5.95599
0.00000	0.00000	0.00000	1.00000

boidNo = 19
boid Wall No = 0
position = = (3.9, -9.2, -0.7)
Boid Radius= 10
Boid Frame=
 -0.00405	0.39433	0.91896	3.94330
0.07901	-0.91597	0.39339	-9.15968
-0.99687	-0.07420	0.02745	-0.74200
0.00000	0.00000	0.00000	1.00000

