Iteration Num of Simuation:0
m_SimulationDeltaT of action plan:0
boidNo = 0
boid Wall No = 1
position = = (6.4, 7.6, 1.5)
Boid Radius= 10
Boid Frame=
 0.49428	0.63851	-0.58991	6.38508
-0.25807	0.75579	0.60182	7.55788
-0.83011	0.14523	-0.53835	1.45229
0.00000	0.00000	0.00000	1.00000

boidNo = 1
boid Wall No = 1
position = = (-9.2, 3.9, 0.5)
Boid Radius= 10
Boid Frame=
 -0.21669	-0.92064	0.32475	-9.20640
-0.60527	0.38770	0.69522	3.87703
0.76596	0.04591	0.64125	0.45913
0.00000	0.00000	0.00000	1.00000

boidNo = 2
boid Wall No = 1
position = = (8.7, 4.8, -0.7)
Boid Radius= 10
Boid Frame=
 0.23392	0.87418	-0.42555	8.74178
-0.54645	0.48023	0.68613	4.80232
-0.80416	-0.07204	-0.59003	-0.72044
0.00000	0.00000	0.00000	1.00000

boidNo = 3
boid Wall No = 1
position = = (3.1, 9.4, 1.4)
Boid Radius= 10
Boid Frame=
 0.33628	0.30694	-0.89034	3.06940
0.03393	0.94083	0.33716	9.40835
-0.94115	0.14359	-0.30597	1.43588
0.00000	0.00000	0.00000	1.00000

boidNo = 4
boid Wall No = 0
position = = (0.0, -9.8, 2.1)
Boid Radius= 10
Boid Frame=
 0.57714	-0.00334	-0.81664	-0.03342
0.16898	-0.97786	0.12343	-9.77861
0.79897	0.20923	0.56379	2.09232
0.00000	0.00000	0.00000	1.00000

boidNo = 5
boid Wall No = 0
position = = (-0.5, -4.4, 9.0)
Boid Radius= 10
Boid Frame=
 0.81643	-0.04589	0.57562	-0.45886
-0.53303	-0.44330	0.72067	-4.43300
-0.22211	0.89520	0.38638	8.95198
0.00000	0.00000	0.00000	1.00000

boidNo = 6
boid Wall No = 0
position = = (-5.2, -2.9, 8.0)
Boid Radius= 10
Boid Frame=
 0.71734	-0.52377	0.45945	-5.23772
-0.65589	-0.28521	0.69890	-2.85205
0.23503	0.80270	0.54812	8.02696
0.00000	0.00000	0.00000	1.00000

boidNo = 7
boid Wall No = 1
position = = (6.9, 7.0, 1.8)
Boid Radius= 10
Boid Frame=
 0.54297	0.69078	-0.47750	6.90780
-0.33313	0.69915	0.63263	6.99147
-0.77085	0.18443	-0.60974	1.84434
0.00000	0.00000	0.00000	1.00000

boidNo = 8
boid Wall No = 0
position = = (-3.9, -5.9, -7.1)
Boid Radius= 10
Boid Frame=
 -0.66756	-0.38620	-0.63656	-3.86200
-0.35044	-0.59136	0.72628	-5.91355
0.65692	-0.70792	-0.25942	-7.07919
0.00000	0.00000	0.00000	1.00000

boidNo = 9
boid Wall No = 1
position = = (-1.7, 9.4, -3.1)
Boid Radius= 10
Boid Frame=
 -0.84491	-0.16513	0.50878	-1.65127
0.02793	0.93624	0.35024	9.36243
0.53418	-0.31013	0.78643	-3.10131
0.00000	0.00000	0.00000	1.00000

boidNo = 10
boid Wall No = 0
position = = (-0.8, -8.9, 4.5)
Boid Radius= 10
Boid Frame=
 0.86988	-0.07953	-0.48681	-0.79528
0.15655	-0.89138	0.42536	-8.91381
0.46777	0.44622	0.76294	4.46223
0.00000	0.00000	0.00000	1.00000

boidNo = 11
boid Wall No = 1
position = = (-5.6, 8.2, -1.1)
Boid Radius= 10
Boid Frame=
 -0.40403	-0.56327	0.72075	-5.63272
-0.16160	0.81949	0.54984	8.19485
0.90036	-0.10568	0.42213	-1.05682
0.00000	0.00000	0.00000	1.00000

boidNo = 12
boid Wall No = 0
position = = (-2.0, -8.5, 4.9)
Boid Radius= 10
Boid Frame=
 0.85186	-0.20074	-0.48377	-2.00743
0.09363	-0.85039	0.51775	-8.50392
0.51533	0.48635	0.70562	4.86349
0.00000	0.00000	0.00000	1.00000

boidNo = 13
boid Wall No = 1
position = = (-7.9, 0.6, 6.1)
Boid Radius= 10
Boid Frame=
 0.40116	-0.79084	0.46222	-7.90840
-0.70516	0.05544	0.70687	0.55440
0.58465	0.60951	0.53543	6.09507
0.00000	0.00000	0.00000	1.00000

boidNo = 14
boid Wall No = 1
position = = (4.6, 6.4, 6.1)
Boid Radius= 10
Boid Frame=
 0.88367	0.46020	0.08571	4.60196
-0.39861	0.64376	0.65321	6.43758
-0.24543	0.61139	-0.75231	6.11388
0.00000	0.00000	0.00000	1.00000

