Iteration Num of Simuation:0
m_SimulationDeltaT of action plan:0
boidNo = 0
boid Wall No = 1
position = = (-6.6, 4.7, -5.8)
Boid Radius= 10
Boid Frame=
 -0.73468	-0.66445	-0.13695	-6.64451
-0.55654	0.47485	0.68174	4.74853
0.38796	-0.57708	0.71866	-5.77079
0.00000	0.00000	0.00000	1.00000

boidNo = 1
boid Wall No = 0
position = = (-9.6, -2.7, 0.7)
Boid Radius= 10
Boid Frame=
 0.21730	-0.95935	-0.18007	-9.59351
-0.56872	-0.27437	0.77542	-2.74367
0.79331	0.06609	0.60522	0.66089
0.00000	0.00000	0.00000	1.00000

boidNo = 2
boid Wall No = 1
position = = (-2.9, 9.3, -2.0)
Boid Radius= 10
Boid Frame=
 -0.52441	-0.29233	0.79971	-2.92331
0.02138	0.93440	0.35559	9.34398
0.85120	-0.20357	0.48376	-2.03575
0.00000	0.00000	0.00000	1.00000

boidNo = 3
boid Wall No = 0
position = = (3.1, -9.3, 1.9)
Boid Radius= 10
Boid Frame=
 0.59903	0.31424	0.73649	3.14235
0.03885	-0.93010	0.36524	-9.30101
-0.79979	0.19018	0.56936	1.90180
0.00000	0.00000	0.00000	1.00000

boidNo = 4
boid Wall No = 0
position = = (9.4, -0.2, 3.4)
Boid Radius= 10
Boid Frame=
 0.23157	0.94090	0.24716	9.40897
-0.68448	-0.02294	0.72867	-0.22942
-0.69127	0.33792	-0.63871	3.37916
0.00000	0.00000	0.00000	1.00000

boidNo = 5
boid Wall No = 1
position = = (-5.6, 0.2, 8.3)
Boid Radius= 9.999999
Boid Frame=
 0.60329	-0.56349	0.56437	-5.63494
-0.67274	0.02050	0.73960	0.20496
0.42833	0.82587	0.36672	8.25866
0.00000	0.00000	0.00000	1.00000

boidNo = 6
boid Wall No = 1
position = = (-8.9, 3.0, 3.6)
Boid Radius= 10
Boid Frame=
 0.08874	-0.88655	0.45404	-8.86554
-0.64746	0.29505	0.70266	2.95052
0.75691	0.35632	0.54783	3.56324
0.00000	0.00000	0.00000	1.00000

boidNo = 7
boid Wall No = 1
position = = (-1.9, 9.7, 1.6)
Boid Radius= 10
Boid Frame=
 0.77383	-0.18584	0.60552	-1.85842
0.04331	0.96927	0.24214	9.69274
0.63191	0.16115	-0.75810	1.61151
0.00000	0.00000	0.00000	1.00000

boidNo = 8
boid Wall No = 1
position = = (3.4, 9.2, -2.0)
Boid Radius= 10
Boid Frame=
 -0.49596	0.34444	-0.79711	3.44443
0.00026	0.91802	0.39653	9.18022
-0.86834	-0.19646	0.45539	-1.96457
0.00000	0.00000	0.00000	1.00000

boidNo = 9
boid Wall No = 0
position = = (5.4, -3.0, -7.9)
Boid Radius= 10
Boid Frame=
 -0.72443	0.54049	-0.42786	5.40495
-0.63954	-0.29530	0.70978	-2.95300
-0.25729	-0.78782	-0.55959	-7.87822
0.00000	0.00000	0.00000	1.00000

boidNo = 10
boid Wall No = 1
position = = (8.7, 1.8, -4.5)
Boid Radius= 10
Boid Frame=
 -0.20634	0.87238	-0.44314	8.72382
-0.70624	0.18068	0.68453	1.80676
-0.67724	-0.45421	-0.57883	-4.54210
0.00000	0.00000	0.00000	1.00000

boidNo = 11
boid Wall No = 0
position = = (4.3, -4.3, 7.9)
Boid Radius= 10
Boid Frame=
 0.56142	0.43236	0.70560	4.32359
-0.55689	-0.43330	0.70861	-4.33295
-0.61211	0.79077	0.00248	7.90772
0.00000	0.00000	0.00000	1.00000

boidNo = 12
boid Wall No = 0
position = = (-5.8, -7.2, 3.8)
Boid Radius= 10
Boid Frame=
 0.66299	-0.58020	-0.47309	-5.80204
-0.15176	-0.72298	0.67399	-7.22980
0.73309	0.37505	0.56738	3.75052
0.00000	0.00000	0.00000	1.00000

boidNo = 13
boid Wall No = 1
position = = (-1.7, 9.8, 1.1)
Boid Radius= 10
Boid Frame=
 0.77065	-0.17120	0.61383	-1.71203
0.06443	0.97923	0.19222	9.79234
0.63399	0.10858	-0.76568	1.08585
0.00000	0.00000	0.00000	1.00000

boidNo = 14
boid Wall No = 1
position = = (-1.6, 3.2, -9.3)
Boid Radius= 10
Boid Frame=
 -0.78458	-0.15760	-0.59967	-1.57599
-0.61500	0.32075	0.72034	3.20753
-0.07882	-0.93396	0.34858	-9.33959
0.00000	0.00000	0.00000	1.00000

