Iteration Num of Simuation:0
m_SimulationDeltaT of action plan:0
boidNo = 0
boid Wall No = 0
position = = (-4.7, -1.5, 8.7)
Boid Radius= 10
Boid Frame=
 0.75573	-0.47304	0.45288	-4.73043
-0.57699	-0.15385	0.80213	-1.53848
0.30977	0.86750	0.38921	8.67503
0.00000	0.00000	0.00000	1.00000

boidNo = 1
boid Wall No = 0
position = = (0.2, -6.8, 7.3)
Boid Radius= 10
Boid Frame=
 0.89119	0.02298	0.45304	0.22979
-0.31844	-0.67959	0.66088	-6.79588
-0.32307	0.73323	0.59833	7.33234
0.00000	0.00000	0.00000	1.00000

boidNo = 2
boid Wall No = 1
position = = (0.2, 2.5, -9.7)
Boid Radius= 10
Boid Frame=
 -0.78563	0.02446	-0.61821	0.24455
-0.59339	0.25305	0.76410	2.53052
-0.17513	-0.96714	0.18429	-9.67144
0.00000	0.00000	0.00000	1.00000

boidNo = 3
boid Wall No = 1
position = = (-0.4, 10.0, -0.6)
Boid Radius= 10
Boid Frame=
 -0.47334	-0.03548	0.88017	-0.35481
0.03704	0.99750	0.06013	9.97503
0.88010	-0.06106	0.47084	-0.61058
0.00000	0.00000	0.00000	1.00000

boidNo = 4
boid Wall No = 0
position = = (9.7, -2.3, 1.0)
Boid Radius= 10
Boid Frame=
 -0.22932	0.96880	0.09404	9.68798
-0.97305	-0.22576	-0.04703	-2.25758
0.02434	0.10229	-0.99446	1.02294
0.00000	0.00000	0.00000	1.00000

boidNo = 5
boid Wall No = 0
position = = (-2.2, -9.7, 0.5)
Boid Radius= 9.999999
Boid Frame=
 0.15819	-0.22255	-0.96200	-2.22547
0.01224	-0.97375	0.22728	-9.73753
0.98733	0.04772	0.15132	0.47723
0.00000	0.00000	0.00000	1.00000

boidNo = 6
boid Wall No = 1
position = = (4.4, 7.7, -4.6)
Boid Radius= 10
Boid Frame=
 -0.18530	0.44458	-0.87636	4.44581
-0.41933	0.77076	0.47968	7.70762
-0.88872	-0.45637	-0.04360	-4.56370
0.00000	0.00000	0.00000	1.00000

boidNo = 7
boid Wall No = 1
position = = (1.4, 9.3, 3.5)
Boid Radius= 10
Boid Frame=
 0.98981	0.13943	-0.02879	1.39429
-0.12044	0.92786	0.35294	9.27862
-0.07592	0.34588	-0.93520	3.45879
0.00000	0.00000	0.00000	1.00000

boidNo = 8
boid Wall No = 1
position = = (-1.1, 9.3, -3.4)
Boid Radius= 10
Boid Frame=
 -0.93025	-0.11156	0.34957	-1.11563
0.02141	0.93454	0.35522	9.34538
0.36631	-0.33792	0.86696	-3.37924
0.00000	0.00000	0.00000	1.00000

boidNo = 9
boid Wall No = 0
position = = (-0.1, -10.0, 0.3)
Boid Radius= 10
Boid Frame=
 0.99846	-0.00808	-0.05487	-0.08077
-0.00626	-0.99943	0.03321	-9.99429
0.05510	0.03281	0.99794	0.32812
0.00000	0.00000	0.00000	1.00000

boidNo = 10
boid Wall No = 1
position = = (-1.2, 9.9, 0.0)
Boid Radius= 10
Boid Frame=
 -0.65480	-0.11536	0.74694	-1.15363
-0.07861	0.99332	0.08450	9.93318
0.75170	0.00338	0.65950	0.03382
0.00000	0.00000	0.00000	1.00000

boidNo = 11
boid Wall No = 0
position = = (3.5, -6.5, -6.7)
Boid Radius= 10
Boid Frame=
 -0.90766	0.34793	-0.23472	3.47926
-0.41428	-0.65316	0.63384	-6.53160
-0.06722	-0.67255	-0.73699	-6.72554
0.00000	0.00000	0.00000	1.00000

boidNo = 12
boid Wall No = 0
position = = (-8.9, -4.1, 2.0)
Boid Radius= 10
Boid Frame=
 0.38776	-0.89119	-0.23542	-8.91189
-0.45355	-0.40682	0.79296	-4.06819
0.80245	0.20070	0.56195	2.00701
0.00000	0.00000	0.00000	1.00000

boidNo = 13
boid Wall No = 0
position = = (5.6, -4.8, -6.8)
Boid Radius= 10
Boid Frame=
 -0.82450	0.55936	-0.08561	5.59356
-0.40636	-0.48000	0.77748	-4.79996
-0.39380	-0.67581	-0.62306	-6.75814
0.00000	0.00000	0.00000	1.00000

boidNo = 14
boid Wall No = 0
position = = (4.0, -0.1, -9.2)
Boid Radius= 10
Boid Frame=
 -0.73974	0.40272	-0.53908	4.02715
-0.59323	-0.01221	0.80494	-0.12214
-0.31758	-0.91524	-0.24794	-9.15244
0.00000	0.00000	0.00000	1.00000

boidNo = 15
boid Wall No = 1
position = = (-7.8, 3.3, 5.4)
Boid Radius= 10
Boid Frame=
 0.23675	-0.77616	0.58441	-7.76157
-0.63566	0.33117	0.69733	3.31165
0.73477	0.53657	0.41497	5.36573
0.00000	0.00000	0.00000	1.00000

boidNo = 16
boid Wall No = 0
position = = (0.4, -7.0, 7.2)
Boid Radius= 10
Boid Frame=
 0.93785	0.03608	0.34515	0.36084
-0.22371	-0.69749	0.68078	-6.97493
-0.26531	0.71568	0.64607	7.15683
0.00000	0.00000	0.00000	1.00000

boidNo = 17
boid Wall No = 1
position = = (-0.4, 9.0, 4.2)
Boid Radius= 10
Boid Frame=
 0.92226	-0.04127	0.38435	-0.41267
-0.12880	0.90466	0.40620	9.04661
0.36447	0.42413	-0.82902	4.24130
0.00000	0.00000	0.00000	1.00000

boidNo = 18
boid Wall No = 1
position = = (-3.4, 2.0, 9.2)
Boid Radius= 10
Boid Frame=
 0.58730	-0.34119	0.73394	-3.41190
-0.71660	0.20234	0.66749	2.02345
0.37625	0.91796	0.12566	9.17958
0.00000	0.00000	0.00000	1.00000

boidNo = 19
boid Wall No = 0
position = = (-2.1, -9.8, -0.8)
Boid Radius= 10
Boid Frame=
 -0.39627	-0.20874	-0.89409	-2.08742
0.01347	-0.97503	0.22167	-9.75029
0.91803	-0.07579	-0.38919	-0.75794
0.00000	0.00000	0.00000	1.00000

