Iteration Num of Simuation:0
m_SimulationDeltaT of action plan:0
boidNo = 0
boid Wall No = 1
position = = (2.1, 6.9, 6.9)
Boid Radius= 10
Boid Frame=
 0.86524	0.21445	0.45318	2.14451
-0.46236	0.69082	0.55586	6.90823
0.19386	0.69049	-0.69688	6.90489
0.00000	0.00000	0.00000	1.00000

boidNo = 1
boid Wall No = 0
position = = (5.6, -7.9, 2.5)
Boid Radius= 10
Boid Frame=
 0.36965	0.55968	0.74170	5.59685
-0.02659	-0.79154	0.61054	-7.91536
-0.92879	0.24541	0.27771	2.45405
0.00000	0.00000	0.00000	1.00000

boidNo = 2
boid Wall No = 0
position = = (1.1, -9.9, 0.3)
Boid Radius= 10
Boid Frame=
 0.10484	0.11167	0.98820	1.11668
-0.01956	-0.99325	0.11431	-9.93252
-0.99430	0.03132	0.10195	0.31316
0.00000	0.00000	0.00000	1.00000

boidNo = 3
boid Wall No = 0
position = = (-9.5, -3.0, -0.2)
Boid Radius= 10
Boid Frame=
 0.18328	-0.95369	-0.23851	-9.53689
-0.64203	-0.29985	0.70562	-2.99851
0.74446	-0.02381	0.66725	-0.23806
0.00000	0.00000	0.00000	1.00000

boidNo = 4
boid Wall No = 0
position = = (-5.7, -5.9, -5.7)
Boid Radius= 10
Boid Frame=
 -0.45467	-0.57041	-0.68404	-5.70409
-0.35275	-0.58988	0.72637	-5.89881
0.81783	-0.57155	-0.06699	-5.71555
0.00000	0.00000	0.00000	1.00000

boidNo = 5
boid Wall No = 1
position = = (4.0, 9.0, 1.7)
Boid Radius= 10
Boid Frame=
 0.65635	0.39758	-0.64120	3.97583
-0.14693	0.90097	0.40825	9.00967
-0.74001	0.17374	-0.64977	1.73740
0.00000	0.00000	0.00000	1.00000

boidNo = 6
boid Wall No = 0
position = = (-0.2, -10.0, 0.0)
Boid Radius= 10
Boid Frame=
 -0.22509	-0.02492	-0.97402	-0.24924
0.00107	-0.99968	0.02533	-9.99679
0.97434	-0.00466	-0.22505	-0.04658
0.00000	0.00000	0.00000	1.00000

boidNo = 7
boid Wall No = 1
position = = (-0.1, 9.9, -1.1)
Boid Radius= 10
Boid Frame=
 -0.81780	-0.01181	0.57538	-0.11808
0.05422	0.99376	0.09745	9.93762
0.57294	-0.11089	0.81206	-1.10895
0.00000	0.00000	0.00000	1.00000

boidNo = 8
boid Wall No = 0
position = = (8.4, -4.1, -3.7)
Boid Radius= 10
Boid Frame=
 -0.54155	0.83700	-0.07851	8.36995
-0.70960	-0.40505	0.57654	-4.05047
-0.45076	-0.36793	-0.81329	-3.67934
0.00000	0.00000	0.00000	1.00000

boidNo = 9
boid Wall No = 1
position = = (-7.5, 6.3, -1.9)
Boid Radius= 10
Boid Frame=
 -0.64970	-0.75206	0.11085	-7.52061
-0.66193	0.63139	0.40397	6.31389
0.37380	-0.18908	0.90803	-1.89083
0.00000	0.00000	0.00000	1.00000

boidNo = 10
boid Wall No = 0
position = = (2.8, -2.2, 9.3)
Boid Radius= 9.999999
Boid Frame=
 0.70097	0.27954	0.65612	2.79542
-0.61844	-0.21995	0.75443	-2.19948
-0.35521	0.93460	-0.01870	9.34601
0.00000	0.00000	0.00000	1.00000

boidNo = 11
boid Wall No = 0
position = = (-1.0, -7.9, 6.0)
Boid Radius= 10
Boid Frame=
 0.99380	-0.09814	-0.05219	-0.98141
-0.04611	-0.79123	0.60978	-7.91232
0.10114	0.60359	0.79085	6.03590
0.00000	0.00000	0.00000	1.00000

boidNo = 12
boid Wall No = 1
position = = (1.0, 9.9, 0.6)
Boid Radius= 10
Boid Frame=
 0.94601	0.10123	-0.30793	1.01229
-0.07858	0.99327	0.08511	9.93268
-0.31447	0.05632	-0.94760	0.56316
0.00000	0.00000	0.00000	1.00000

boidNo = 13
boid Wall No = 1
position = = (9.2, 3.9, -1.1)
Boid Radius= 10
Boid Frame=
 0.29130	0.91571	-0.27681	9.15709
-0.82741	0.38640	0.40754	3.86404
-0.48015	-0.11032	-0.87022	-1.10316
0.00000	0.00000	0.00000	1.00000

boidNo = 14
boid Wall No = 0
position = = (-2.0, -9.8, 0.0)
Boid Radius= 10
Boid Frame=
 0.16879	-0.20110	-0.96492	-2.01099
-0.03261	-0.97957	0.19845	-9.79569
0.98511	0.00203	0.17190	0.02028
0.00000	0.00000	0.00000	1.00000

boidNo = 15
boid Wall No = 1
position = = (-9.4, 1.0, 3.2)
Boid Radius= 10
Boid Frame=
 0.07740	-0.94169	0.32746	-9.41691
-0.85845	0.10408	0.50222	1.04079
0.50702	0.31998	0.80034	3.19979
0.00000	0.00000	0.00000	1.00000

boidNo = 16
boid Wall No = 0
position = = (7.9, -3.8, -4.8)
Boid Radius= 10
Boid Frame=
 -0.61076	0.79178	0.00783	7.91777
-0.48011	-0.37818	0.79150	-3.78176
-0.62966	-0.47966	-0.61111	-4.79659
0.00000	0.00000	0.00000	1.00000

boidNo = 17
boid Wall No = 0
position = = (0.7, -3.1, 9.5)
Boid Radius= 10
Boid Frame=
 0.78672	0.06703	0.61367	0.67026
-0.56851	-0.30875	0.76254	-3.08747
-0.24058	0.94878	0.20479	9.48780
0.00000	0.00000	0.00000	1.00000

boidNo = 18
boid Wall No = 0
position = = (-1.7, -6.4, -7.5)
Boid Radius= 10
Boid Frame=
 -0.82795	-0.17344	-0.53332	-1.73436
-0.31842	-0.63744	0.70163	-6.37442
0.46164	-0.75072	-0.47254	-7.50725
0.00000	0.00000	0.00000	1.00000

boidNo = 19
boid Wall No = 0
position = = (-6.8, -2.7, -6.8)
Boid Radius= 10
Boid Frame=
 -0.49049	-0.67874	-0.54657	-6.78737
-0.52762	-0.26788	0.80614	-2.67882
0.69357	-0.68378	0.22672	-6.83780
0.00000	0.00000	0.00000	1.00000

