Iteration Num of Simuation:0
m_SimulationDeltaT of action plan:0
boidNo = 0
boid Wall No = 1
position = = (2.8, 8.6, 4.2)
Boid Radius= 10
Boid Frame=
 0.90743	0.27635	-0.31656	2.76353
-0.08889	0.86252	0.49816	8.62516
-0.41070	0.42390	-0.80723	4.23905
0.00000	0.00000	0.00000	1.00000

boidNo = 1
boid Wall No = 1
position = = (-5.0, 6.1, 6.2)
Boid Radius= 10
Boid Frame=
 0.44103	-0.49826	0.74648	-4.98258
-0.43777	0.60665	0.66357	6.06653
0.78348	0.61944	-0.04943	6.19444
0.00000	0.00000	0.00000	1.00000

boidNo = 2
boid Wall No = 0
position = = (0.2, -9.9, 1.6)
Boid Radius= 10
Boid Frame=
 0.85329	0.01966	-0.52107	0.19664
0.09974	-0.98699	0.12608	-9.86993
0.51181	0.15955	0.84415	1.59554
0.00000	0.00000	0.00000	1.00000

boidNo = 3
boid Wall No = 0
position = = (-1.7, -9.9, 0.0)
Boid Radius= 10
Boid Frame=
 -0.72171	-0.16845	-0.67139	-1.68451
0.12314	-0.98571	0.11495	-9.85710
0.68115	-0.00028	-0.73214	-0.00283
0.00000	0.00000	0.00000	1.00000

boidNo = 4
boid Wall No = 0
position = = (0.1, -10.0, -0.3)
Boid Radius= 10
Boid Frame=
 -0.36276	0.01305	-0.93179	0.13045
-0.02868	-0.99958	-0.00283	-9.99585
0.93144	-0.02570	-0.36298	-0.25696
0.00000	0.00000	0.00000	1.00000

boidNo = 5
boid Wall No = 0
position = = (-3.8, -9.1, 1.5)
Boid Radius= 10
Boid Frame=
 -0.02389	-0.37798	-0.92551	-3.77980
0.16727	-0.91423	0.36906	-9.14230
0.98562	0.14600	-0.08506	1.45997
0.00000	0.00000	0.00000	1.00000

boidNo = 6
boid Wall No = 1
position = = (-2.2, 3.1, 9.3)
Boid Radius= 10
Boid Frame=
 0.66736	-0.22128	0.71111	-2.21276
-0.64369	0.30886	0.70020	3.08863
0.37457	0.92501	-0.06369	9.25008
0.00000	0.00000	0.00000	1.00000

boidNo = 7
boid Wall No = 1
position = = (-2.6, 6.1, -7.5)
Boid Radius= 10
Boid Frame=
 -0.90076	-0.25513	-0.35147	-2.55129
-0.43183	0.61251	0.66208	6.12513
-0.04637	-0.74816	0.66190	-7.48156
0.00000	0.00000	0.00000	1.00000

boidNo = 8
boid Wall No = 1
position = = (-5.8, 6.4, -5.1)
Boid Radius= 10
Boid Frame=
 -0.81162	-0.58062	0.06448	-5.80622
-0.40471	0.63842	0.65470	6.38425
0.42130	-0.50526	0.75314	-5.05265
0.00000	0.00000	0.00000	1.00000

boidNo = 9
boid Wall No = 1
position = = (1.5, 9.8, -1.3)
Boid Radius= 10
Boid Frame=
 -0.84860	0.15435	-0.50601	1.54355
0.06168	0.97883	0.19514	9.78834
-0.52542	-0.13438	0.84016	-1.34381
0.00000	0.00000	0.00000	1.00000

boidNo = 10
boid Wall No = 1
position = = (9.6, 2.6, 0.2)
Boid Radius= 10
Boid Frame=
 0.19443	0.96471	-0.17757	9.64710
-0.66163	0.26262	0.70233	2.62624
-0.72418	0.01907	-0.68934	0.19065
0.00000	0.00000	0.00000	1.00000

boidNo = 11
boid Wall No = 0
position = = (-5.4, -6.3, -5.6)
Boid Radius= 10
Boid Frame=
 -0.48469	-0.53808	-0.68959	-5.38083
-0.30842	-0.63262	0.71040	-6.32616
0.81850	-0.55701	-0.14067	-5.57013
0.00000	0.00000	0.00000	1.00000

boidNo = 12
boid Wall No = 1
position = = (4.8, 6.0, -6.4)
Boid Radius= 10
Boid Frame=
 -0.46224	0.48288	-0.74375	4.82882
-0.44718	0.59734	0.66575	5.97338
-0.76574	-0.64032	0.06018	-6.40323
0.00000	0.00000	0.00000	1.00000

boidNo = 13
boid Wall No = 0
position = = (-6.6, -7.3, -1.8)
Boid Radius= 10
Boid Frame=
 -0.10723	-0.66292	-0.74097	-6.62925
-0.14389	-0.72707	0.67131	-7.27071
0.98377	-0.17860	0.01742	-1.78600
0.00000	0.00000	0.00000	1.00000

boidNo = 14
boid Wall No = 1
position = = (3.1, 9.3, 2.1)
Boid Radius= 10
Boid Frame=
 0.52815	0.30811	-0.79128	3.08112
0.01604	0.92806	0.37208	9.28064
-0.84900	0.20920	-0.48521	2.09200
0.00000	0.00000	0.00000	1.00000

