Iteration Num of Simuation:0
m_SimulationDeltaT of action plan:0
boidNo = 0
boid Wall No = 0
position = = (-1.9, -9.6, 2.2)
Boid Radius= 10
Boid Frame=
 0.52292	-0.18960	-0.83103	-1.89599
0.09354	-0.95630	0.27703	-9.56297
0.84724	0.22260	0.48233	2.22596
0.00000	0.00000	0.00000	1.00000

boidNo = 1
boid Wall No = 0
position = = (-0.2, -10.0, 0.1)
Boid Radius= 10
Boid Frame=
 0.98731	-0.01602	0.15798	-0.16023
-0.01662	-0.99986	0.00245	-9.99859
-0.15791	0.00504	0.98744	0.05041
0.00000	0.00000	0.00000	1.00000

boidNo = 2
boid Wall No = 1
position = = (-4.0, 4.2, 8.2)
Boid Radius= 9.999999
Boid Frame=
 0.52810	-0.39752	0.75039	-3.97516
-0.62524	0.41594	0.66036	4.15936
0.57462	0.81791	0.02888	8.17911
0.00000	0.00000	0.00000	1.00000

boidNo = 3
boid Wall No = 0
position = = (-6.9, -6.7, -2.9)
Boid Radius= 10
Boid Frame=
 -0.15879	-0.68586	-0.71020	-6.85855
-0.24942	-0.66813	0.70099	-6.68133
0.95529	-0.28845	0.06497	-2.88447
0.00000	0.00000	0.00000	1.00000

boidNo = 4
boid Wall No = 0
position = = (4.1, -0.1, 9.1)
Boid Radius= 9.999999
Boid Frame=
 0.74477	0.41180	0.52511	4.11797
-0.57269	-0.00952	0.81972	-0.09522
-0.34256	0.91123	-0.22874	9.11226
0.00000	0.00000	0.00000	1.00000

boidNo = 5
boid Wall No = 1
position = = (0.4, 9.4, 3.3)
Boid Radius= 10
Boid Frame=
 0.98225	0.04195	0.18281	0.41953
-0.10006	0.94160	0.32153	9.41599
0.15865	0.33411	-0.92908	3.34114
0.00000	0.00000	0.00000	1.00000

boidNo = 6
boid Wall No = 0
position = = (7.6, -1.7, 6.3)
Boid Radius= 10
Boid Frame=
 0.38088	0.76045	0.52597	7.60455
-0.66362	-0.17128	0.72820	-1.71284
-0.64385	0.62639	-0.43941	6.26395
0.00000	0.00000	0.00000	1.00000

boidNo = 7
boid Wall No = 1
position = = (1.8, 1.2, -9.8)
Boid Radius= 9.999999
Boid Frame=
 -0.34661	0.18019	-0.92054	1.80189
-0.92161	0.11730	0.36998	1.17303
-0.17465	-0.97661	-0.12540	-9.76613
0.00000	0.00000	0.00000	1.00000

boidNo = 8
boid Wall No = 0
position = = (0.5, -9.9, -1.2)
Boid Radius= 10
Boid Frame=
 -0.82280	0.05174	0.56598	0.51737
0.02765	-0.99102	0.13079	-9.91025
-0.56766	-0.12326	-0.81398	-1.23263
0.00000	0.00000	0.00000	1.00000

boidNo = 9
boid Wall No = 0
position = = (1.1, -4.8, 8.7)
Boid Radius= 10
Boid Frame=
 0.59342	0.11053	0.79727	1.10530
-0.66925	-0.48254	0.56503	-4.82541
-0.44717	0.86887	0.21238	8.68871
0.00000	0.00000	0.00000	1.00000

boidNo = 10
boid Wall No = 0
position = = (0.7, -0.4, -10.0)
Boid Radius= 10
Boid Frame=
 0.12634	0.07216	-0.98936	0.72159
-0.99066	-0.04246	-0.12960	-0.42457
0.05136	-0.99649	-0.06612	-9.96489
0.00000	0.00000	0.00000	1.00000

boidNo = 11
boid Wall No = 1
position = = (8.4, 4.5, 3.0)
Boid Radius= 10
Boid Frame=
 0.51241	0.84000	0.17843	8.40000
-0.84281	0.45209	0.29204	4.52089
-0.16465	0.30003	-0.93961	3.00027
0.00000	0.00000	0.00000	1.00000

boidNo = 12
boid Wall No = 0
position = = (1.7, -9.5, 2.6)
Boid Radius= 10
Boid Frame=
 0.89042	0.16706	0.42338	1.67065
0.03017	-0.94982	0.31134	-9.49820
-0.45414	0.26445	0.85078	2.64446
0.00000	0.00000	0.00000	1.00000

boidNo = 13
boid Wall No = 1
position = = (-6.4, 5.4, 5.5)
Boid Radius= 10
Boid Frame=
 0.18899	-0.63645	0.74781	-6.36447
-0.58339	0.53981	0.60685	5.39806
0.78990	0.55095	0.26928	5.50948
0.00000	0.00000	0.00000	1.00000

boidNo = 14
boid Wall No = 0
position = = (3.5, -2.6, 9.0)
Boid Radius= 10
Boid Frame=
 0.48532	0.34543	0.80321	3.45432
-0.77224	-0.26144	0.57904	-2.61439
-0.41001	0.90129	-0.13988	9.01292
0.00000	0.00000	0.00000	1.00000

boidNo = 15
boid Wall No = 1
position = = (-3.9, 8.0, -4.5)
Boid Radius= 10
Boid Frame=
 -0.89162	-0.39402	0.22308	-3.94017
-0.21246	0.79915	0.56234	7.99148
0.39984	-0.45400	0.79625	-4.53996
0.00000	0.00000	0.00000	1.00000

boidNo = 16
boid Wall No = 0
position = = (-9.9, -0.5, -1.3)
Boid Radius= 9.999999
Boid Frame=
 -0.00289	-0.98973	-0.14295	-9.89726
-0.91569	-0.05483	0.39814	-0.54833
0.40189	-0.13205	0.90612	-1.32048
0.00000	0.00000	0.00000	1.00000

boidNo = 17
boid Wall No = 0
position = = (-1.4, -9.6, 2.3)
Boid Radius= 10
Boid Frame=
 0.76109	-0.13872	-0.63364	-1.38724
0.04312	-0.96388	0.26282	-9.63881
0.64721	0.22735	0.72762	2.27352
0.00000	0.00000	0.00000	1.00000

boidNo = 18
boid Wall No = 1
position = = (0.6, 9.8, 1.9)
Boid Radius= 9.999999
Boid Frame=
 0.87871	0.06383	-0.47308	0.63829
0.03465	0.97988	0.19657	9.79877
-0.47611	0.18912	-0.85881	1.89121
0.00000	0.00000	0.00000	1.00000

boidNo = 19
boid Wall No = 1
position = = (6.7, 4.0, 6.3)
Boid Radius= 10
Boid Frame=
 0.72578	0.66521	0.17533	6.65207
-0.54482	0.40020	0.73690	4.00196
-0.42002	0.63035	-0.65287	6.30352
0.00000	0.00000	0.00000	1.00000

