Iteration Num of Simuation:0
m_SimulationDeltaT of action plan:0
boidNo = 0
boid Wall No = 1
position = = (-1.4, 3.4, 9.3)
Boid Radius= 10
Boid Frame=
 0.70662	-0.14264	0.69306	-1.42637
-0.62375	0.33690	0.70529	3.36896
0.33409	0.93067	-0.14909	9.30675
0.00000	0.00000	0.00000	1.00000

boidNo = 1
boid Wall No = 0
position = = (-2.8, -0.9, 9.6)
Boid Radius= 10
Boid Frame=
 0.62492	-0.27634	0.73014	-2.76338
-0.77280	-0.08637	0.62874	-0.86372
0.11068	0.95717	0.26753	9.57172
0.00000	0.00000	0.00000	1.00000

boidNo = 2
boid Wall No = 0
position = = (-4.7, -5.0, -7.3)
Boid Radius= 10
Boid Frame=
 -0.55409	-0.46551	-0.69013	-4.65507
-0.47678	-0.50213	0.72149	-5.02128
0.68239	-0.72882	-0.05628	-7.28815
0.00000	0.00000	0.00000	1.00000

boidNo = 3
boid Wall No = 1
position = = (-5.8, 1.4, -8.0)
Boid Radius= 10
Boid Frame=
 -0.63238	-0.58483	-0.50801	-5.84828
-0.69412	0.13660	0.70678	1.36598
0.34395	-0.79957	0.49232	-7.99573
0.00000	0.00000	0.00000	1.00000

boidNo = 4
boid Wall No = 0
position = = (-0.1, -10.0, 0.6)
Boid Radius= 10
Boid Frame=
 0.99663	-0.01159	0.08118	-0.11593
-0.01663	-0.99796	0.06169	-9.97957
-0.08030	0.06283	0.99479	0.62833
0.00000	0.00000	0.00000	1.00000

boidNo = 5
boid Wall No = 1
position = = (-0.3, 6.4, 7.7)
Boid Radius= 10
Boid Frame=
 0.80531	-0.03206	0.59199	-0.32055
-0.44035	0.63623	0.63349	6.36227
0.39694	0.77084	-0.49824	7.70836
0.00000	0.00000	0.00000	1.00000

boidNo = 6
boid Wall No = 1
position = = (-9.7, 2.6, 0.5)
Boid Radius= 10
Boid Frame=
 -0.13967	-0.96539	0.22027	-9.65388
-0.67306	0.25572	0.69398	2.55720
0.72628	0.05133	0.68548	0.51327
0.00000	0.00000	0.00000	1.00000

boidNo = 7
boid Wall No = 1
position = = (-3.8, 3.0, -8.7)
Boid Radius= 10
Boid Frame=
 -0.75560	-0.38238	-0.53184	-3.82377
-0.64626	0.30273	0.70050	3.02729
0.10685	-0.87301	0.47586	-8.73008
0.00000	0.00000	0.00000	1.00000

boidNo = 8
boid Wall No = 1
position = = (1.4, 9.0, 4.1)
Boid Radius= 10
Boid Frame=
 0.96060	0.14453	-0.23739	1.44529
-0.02783	0.89988	0.43525	8.99882
-0.27653	0.41149	-0.86845	4.11491
0.00000	0.00000	0.00000	1.00000

boidNo = 9
boid Wall No = 1
position = = (5.0, 2.2, 8.4)
Boid Radius= 10
Boid Frame=
 0.71683	0.49892	0.48707	4.98919
-0.64827	0.21970	0.72902	2.19704
-0.25671	0.83834	-0.48092	8.38338
0.00000	0.00000	0.00000	1.00000

boidNo = 10
boid Wall No = 1
position = = (2.5, 9.1, 3.3)
Boid Radius= 10
Boid Frame=
 0.81028	0.24737	-0.53128	2.47371
-0.00849	0.91141	0.41141	9.11410
-0.58598	0.32885	-0.74060	3.28846
0.00000	0.00000	0.00000	1.00000

boidNo = 11
boid Wall No = 1
position = = (3.6, 7.5, 5.5)
Boid Radius= 10
Boid Frame=
 0.93094	0.36236	-0.04516	3.62358
-0.26407	0.75347	0.60211	7.53474
-0.25220	0.54861	-0.79713	5.48610
0.00000	0.00000	0.00000	1.00000

boidNo = 12
boid Wall No = 1
position = = (0.8, 7.3, 6.8)
Boid Radius= 10
Boid Frame=
 0.93516	0.07522	0.34615	0.75215
-0.28709	0.73338	0.61623	7.33376
0.20751	0.67565	-0.70742	6.75650
0.00000	0.00000	0.00000	1.00000

boidNo = 13
boid Wall No = 0
position = = (-2.0, -9.7, 1.5)
Boid Radius= 10
Boid Frame=
 0.26855	-0.19741	-0.94282	-1.97414
0.09262	-0.96895	0.22927	-9.68947
0.95880	0.14890	0.24193	1.48897
0.00000	0.00000	0.00000	1.00000

boidNo = 14
boid Wall No = 0
position = = (9.9, -1.4, -0.7)
Boid Radius= 9.999999
Boid Frame=
 -0.15055	0.98765	0.04326	9.87655
-0.72263	-0.13981	0.67695	-1.39808
-0.67464	-0.07065	-0.73475	-0.70653
0.00000	0.00000	0.00000	1.00000

