Iteration Num of Simuation:0
m_SimulationDeltaT of action plan:0
boidNo = 0
boid Wall No = 1
position = = (0.1, 9.8, -2.2)
Boid Radius= 10
Boid Frame=
 -0.95548	0.00589	0.29498	0.05895
0.06994	0.97583	0.20705	9.75828
0.28663	-0.21846	0.93280	-2.18462
0.00000	0.00000	0.00000	1.00000

boidNo = 1
boid Wall No = 0
position = = (7.8, -5.5, 3.0)
Boid Radius= 10
Boid Frame=
 -0.04262	0.77653	0.62863	7.76534
-0.52595	-0.55240	0.64670	-5.52401
-0.84944	0.30307	-0.43197	3.03066
0.00000	0.00000	0.00000	1.00000

boidNo = 2
boid Wall No = 0
position = = (-0.9, -9.9, 0.5)
Boid Radius= 10
Boid Frame=
 0.32577	-0.09283	-0.94088	-0.92834
0.01945	-0.99430	0.10484	-9.94299
0.94525	0.05246	0.32210	0.52456
0.00000	0.00000	0.00000	1.00000

boidNo = 3
boid Wall No = 0
position = = (-1.6, -9.8, -1.2)
Boid Radius= 10
Boid Frame=
 -0.94324	-0.16428	-0.28862	-1.64279
0.12079	-0.97927	0.16264	-9.79265
0.30936	-0.11854	-0.94353	-1.18543
0.00000	0.00000	0.00000	1.00000

boidNo = 4
boid Wall No = 0
position = = (0.0, -10.0, -0.3)
Boid Radius= 10
Boid Frame=
 -0.97408	0.00426	0.22618	0.04257
0.00235	-0.99958	0.02895	-9.99578
-0.22621	-0.02873	-0.97365	-0.28735
0.00000	0.00000	0.00000	1.00000

boidNo = 5
boid Wall No = 1
position = = (-1.8, 9.8, -1.2)
Boid Radius= 9.999999
Boid Frame=
 -0.27465	-0.17624	0.94525	-1.76238
0.06799	0.97704	0.20192	9.77039
0.95914	-0.11973	0.25637	-1.19726
0.00000	0.00000	0.00000	1.00000

boidNo = 6
boid Wall No = 1
position = = (7.6, 1.8, 6.3)
Boid Radius= 10
Boid Frame=
 0.54269	0.75692	0.36408	7.56922
-0.70570	0.17582	0.68635	1.75823
-0.45550	0.62941	-0.62957	6.29409
0.00000	0.00000	0.00000	1.00000

boidNo = 7
boid Wall No = 1
position = = (6.2, 2.9, 7.3)
Boid Radius= 10
Boid Frame=
 0.69165	0.61503	0.37864	6.15029
-0.64364	0.28705	0.70946	2.87047
-0.32765	0.73440	-0.59439	7.34401
0.00000	0.00000	0.00000	1.00000

boidNo = 8
boid Wall No = 1
position = = (8.4, 4.1, -3.5)
Boid Radius= 10
Boid Frame=
 -0.04369	0.84053	-0.53999	8.40534
-0.59055	0.41424	0.69257	4.14239
-0.80582	-0.34915	-0.47828	-3.49154
0.00000	0.00000	0.00000	1.00000

boidNo = 9
boid Wall No = 1
position = = (-3.5, 9.3, -0.7)
Boid Radius= 10
Boid Frame=
 -0.14865	-0.34806	0.92561	-3.48064
0.02378	0.93448	0.35522	9.34481
0.98860	-0.07481	0.13064	-0.74815
0.00000	0.00000	0.00000	1.00000

boidNo = 10
boid Wall No = 1
position = = (-1.8, 9.1, 3.7)
Boid Radius= 10
Boid Frame=
 0.88699	-0.17890	0.42573	-1.78900
-0.01158	0.91300	0.40780	9.13000
0.46165	0.36664	-0.80775	3.66641
0.00000	0.00000	0.00000	1.00000

boidNo = 11
boid Wall No = 0
position = = (6.7, 0.0, -7.4)
Boid Radius= 10
Boid Frame=
 -0.54494	0.67158	-0.50202	6.71578
-0.67939	-0.00276	0.73378	-0.02763
-0.49140	-0.74093	-0.45777	-7.40929
0.00000	0.00000	0.00000	1.00000

boidNo = 12
boid Wall No = 0
position = = (-9.6, -0.3, -2.6)
Boid Radius= 9.999999
Boid Frame=
 -0.20022	-0.96369	-0.17665	-9.63694
-0.56430	-0.03397	0.82487	-0.33967
0.80092	-0.26484	0.53701	-2.64840
0.00000	0.00000	0.00000	1.00000

boidNo = 13
boid Wall No = 0
position = = (-5.5, -3.9, -7.4)
Boid Radius= 10
Boid Frame=
 -0.50544	-0.55045	-0.66448	-5.50451
-0.55077	-0.38699	0.73952	-3.86994
0.66422	-0.73976	0.10757	-7.39756
0.00000	0.00000	0.00000	1.00000

boidNo = 14
boid Wall No = 0
position = = (2.4, -9.7, 0.0)
Boid Radius= 10
Boid Frame=
 0.58369	0.24047	0.77555	2.40467
0.14820	-0.97065	0.18942	-9.70647
-0.79834	-0.00437	0.60220	-0.04367
0.00000	0.00000	0.00000	1.00000

