Iteration Num of Simuation:0
m_SimulationDeltaT of action plan:0
boidNo = 0
boid Wall No = 1
position = = (-7.1, 4.9, -5.1)
Boid Radius= 10
Boid Frame=
 -0.68438	-0.70739	-0.17668	-7.07393
-0.65276	0.48648	0.58072	4.86484
0.32485	-0.51277	0.79470	-5.12766
0.00000	0.00000	0.00000	1.00000

boidNo = 1
boid Wall No = 0
position = = (-5.0, -6.3, -5.9)
Boid Radius= 10
Boid Frame=
 0.55601	-0.50192	-0.66251	-5.01923
-0.75917	-0.63118	-0.15895	-6.31183
0.33839	-0.59134	0.73199	-5.91338
0.00000	0.00000	0.00000	1.00000

boidNo = 2
boid Wall No = 1
position = = (0.7, 2.2, 9.7)
Boid Radius= 10
Boid Frame=
 0.76843	0.06530	0.63659	0.65295
-0.63296	0.22399	0.74108	2.23988
0.09420	0.97240	-0.21345	9.72402
0.00000	0.00000	0.00000	1.00000

boidNo = 3
boid Wall No = 1
position = = (-7.2, 6.5, -2.2)
Boid Radius= 10
Boid Frame=
 -0.66546	-0.72315	0.18500	-7.23146
-0.57565	0.65496	0.48955	6.54962
0.47518	-0.21928	0.85213	-2.19282
0.00000	0.00000	0.00000	1.00000

boidNo = 4
boid Wall No = 1
position = = (-2.4, 9.6, -1.7)
Boid Radius= 10
Boid Frame=
 -0.94219	-0.23729	0.23657	-2.37294
-0.18511	0.95712	0.22283	9.57123
0.27930	-0.16615	0.94572	-1.66155
0.00000	0.00000	0.00000	1.00000

boidNo = 5
boid Wall No = 0
position = = (-4.8, -5.2, 7.1)
Boid Radius= 10
Boid Frame=
 0.80619	-0.47841	0.34812	-4.78413
-0.57927	-0.51842	0.62904	-5.18417
0.12047	0.70878	0.69507	7.08777
0.00000	0.00000	0.00000	1.00000

boidNo = 6
boid Wall No = 0
position = = (-9.4, -3.1, 1.3)
Boid Radius= 10
Boid Frame=
 0.32375	-0.94394	0.06444	-9.43944
-0.93012	-0.30506	0.20448	-3.05056
0.17336	0.12614	0.97675	1.26135
0.00000	0.00000	0.00000	1.00000

boidNo = 7
boid Wall No = 1
position = = (-8.7, 0.6, -5.0)
Boid Radius= 10
Boid Frame=
 -0.39320	-0.86614	-0.30855	-8.66139
-0.69471	0.06003	0.71678	0.60034
0.60231	-0.49619	0.62532	-4.96186
0.00000	0.00000	0.00000	1.00000

boidNo = 8
boid Wall No = 0
position = = (-1.9, -9.8, 0.7)
Boid Radius= 10
Boid Frame=
 0.38504	-0.19155	-0.90280	-1.91548
-0.01082	-0.97909	0.20312	-9.79094
0.92284	0.06844	0.37906	0.68443
0.00000	0.00000	0.00000	1.00000

boidNo = 9
boid Wall No = 1
position = = (0.6, 9.7, 2.5)
Boid Radius= 10
Boid Frame=
 0.99045	0.05841	-0.12485	0.58407
-0.02517	0.96719	0.25282	9.67185
-0.13552	0.24727	-0.95942	2.47268
0.00000	0.00000	0.00000	1.00000

boidNo = 10
boid Wall No = 0
position = = (-8.6, -5.1, 0.7)
Boid Radius= 10
Boid Frame=
 0.32452	-0.85946	-0.39498	-8.59460
-0.43576	-0.50648	0.74404	-5.06478
0.83952	0.06934	0.53888	0.69339
0.00000	0.00000	0.00000	1.00000

boidNo = 11
boid Wall No = 0
position = = (4.0, -8.6, 3.0)
Boid Radius= 10
Boid Frame=
 0.37043	0.40150	0.83761	4.01499
-0.14936	-0.86428	0.48033	-8.64275
-0.91678	0.30303	0.26018	3.03031
0.00000	0.00000	0.00000	1.00000

boidNo = 12
boid Wall No = 0
position = = (-1.9, -0.1, 9.8)
Boid Radius= 10
Boid Frame=
 0.66550	-0.19373	0.72082	-1.93727
-0.73556	-0.00628	0.67743	-0.06282
0.12671	0.98104	0.14668	9.81035
0.00000	0.00000	0.00000	1.00000

boidNo = 13
boid Wall No = 0
position = = (-3.7, -9.3, 0.5)
Boid Radius= 10
Boid Frame=
 0.06202	-0.36851	-0.92755	-3.68506
0.03330	-0.92806	0.37093	-9.28062
0.99752	0.05390	0.04528	0.53896
0.00000	0.00000	0.00000	1.00000

boidNo = 14
boid Wall No = 0
position = = (6.2, -3.8, 6.8)
Boid Radius= 10
Boid Frame=
 0.40727	0.62432	0.66660	6.24324
-0.58705	-0.38018	0.71473	-3.80177
-0.69965	0.68241	-0.21167	6.82411
0.00000	0.00000	0.00000	1.00000

boidNo = 15
boid Wall No = 0
position = = (8.4, -5.4, 0.7)
Boid Radius= 10
Boid Frame=
 -0.14757	0.83815	0.52510	8.38149
-0.34795	-0.54097	0.76569	-5.40967
-0.92583	0.06972	-0.37147	0.69721
0.00000	0.00000	0.00000	1.00000

boidNo = 16
boid Wall No = 1
position = = (0.8, 9.8, -2.0)
Boid Radius= 10
Boid Frame=
 -0.56572	0.07981	-0.82073	0.79813
-0.11964	0.97683	0.17746	9.76830
-0.81587	-0.19858	0.54306	-1.98579
0.00000	0.00000	0.00000	1.00000

boidNo = 17
boid Wall No = 1
position = = (4.2, 8.6, -2.8)
Boid Radius= 10
Boid Frame=
 -0.31163	0.42302	-0.85085	4.23021
-0.15014	0.86227	0.48369	8.62266
-0.93827	-0.27848	0.20520	-2.78480
0.00000	0.00000	0.00000	1.00000

boidNo = 18
boid Wall No = 1
position = = (-7.2, 2.9, -6.3)
Boid Radius= 9.999999
Boid Frame=
 -0.63277	-0.71845	-0.28886	-7.18447
-0.65312	0.29477	0.69753	2.94774
0.41599	-0.63003	0.65575	-6.30034
0.00000	0.00000	0.00000	1.00000

boidNo = 19
boid Wall No = 1
position = = (-6.8, 2.5, -6.9)
Boid Radius= 10
Boid Frame=
 -0.63739	-0.68267	-0.35735	-6.82666
-0.66432	0.25189	0.70372	2.51891
0.39039	-0.68594	0.61406	-6.85943
0.00000	0.00000	0.00000	1.00000

