Iteration Num of Simuation:0
m_SimulationDeltaT of action plan:0
boidNo = 0
boid Wall No = 1
position = = (-5.3, 7.2, 4.5)
Boid Radius= 10
Boid Frame=
 0.31434	-0.52885	0.78836	-5.28850
-0.32634	0.71965	0.61288	7.19645
0.89146	0.44992	-0.05363	4.49921
0.00000	0.00000	0.00000	1.00000

boidNo = 1
boid Wall No = 1
position = = (-7.5, 4.0, -5.2)
Boid Radius= 10
Boid Frame=
 -0.64717	-0.75299	-0.11907	-7.52985
-0.59493	0.40119	0.69650	4.01185
0.47668	-0.52160	0.70761	-5.21597
0.00000	0.00000	0.00000	1.00000

boidNo = 2
boid Wall No = 0
position = = (-1.6, -9.6, 2.3)
Boid Radius= 9.999999
Boid Frame=
 0.36648	-0.15795	-0.91692	-1.57950
0.16128	-0.95978	0.22979	-9.59783
0.91634	0.23210	0.32627	2.32095
0.00000	0.00000	0.00000	1.00000

boidNo = 3
boid Wall No = 1
position = = (-1.1, 7.0, 7.0)
Boid Radius= 10
Boid Frame=
 0.81260	-0.10684	0.57295	-1.06839
-0.34541	0.70354	0.62107	7.03536
0.46944	0.70258	-0.53479	7.02583
0.00000	0.00000	0.00000	1.00000

boidNo = 4
boid Wall No = 0
position = = (8.3, -5.2, -1.9)
Boid Radius= 9.999999
Boid Frame=
 -0.45977	0.82992	0.31598	8.29921
-0.45124	-0.52479	0.72179	-5.24792
-0.76485	-0.18927	-0.61578	-1.89274
0.00000	0.00000	0.00000	1.00000

boidNo = 5
boid Wall No = 1
position = = (0.3, 9.2, 3.9)
Boid Radius= 10
Boid Frame=
 0.99957	0.02943	0.00140	0.29427
-0.02764	0.92022	0.39042	9.20224
-0.01020	0.39028	-0.92064	3.90284
0.00000	0.00000	0.00000	1.00000

boidNo = 6
boid Wall No = 0
position = = (-8.4, -5.5, 0.2)
Boid Radius= 10
Boid Frame=
 0.28046	-0.83722	-0.46948	-8.37217
-0.39634	-0.54647	0.73775	-5.46474
0.87422	0.02084	0.48509	0.20839
0.00000	0.00000	0.00000	1.00000

boidNo = 7
boid Wall No = 0
position = = (9.1, -3.4, 2.5)
Boid Radius= 10
Boid Frame=
 -0.05627	0.90548	0.42064	9.05481
-0.67744	-0.34411	0.65013	-3.44113
-0.73343	0.24838	-0.63277	2.48376
0.00000	0.00000	0.00000	1.00000

boidNo = 8
boid Wall No = 1
position = = (-8.9, 3.5, 2.7)
Boid Radius= 10
Boid Frame=
 -0.01028	-0.89408	0.44779	-8.94078
-0.62720	0.35454	0.69349	3.54540
0.77879	0.27372	0.56441	2.73725
0.00000	0.00000	0.00000	1.00000

boidNo = 9
boid Wall No = 1
position = = (-9.0, 3.1, 3.2)
Boid Radius= 10
Boid Frame=
 0.02741	-0.89503	0.44515	-8.95034
-0.66912	0.31442	0.67337	3.14418
0.74265	0.31631	0.59027	3.16315
0.00000	0.00000	0.00000	1.00000

boidNo = 10
boid Wall No = 0
position = = (1.8, -9.4, -2.8)
Boid Radius= 9.999999
Boid Frame=
 -0.31009	0.18459	0.93261	1.84585
0.21729	-0.94124	0.25854	-9.41244
-0.92554	-0.28282	-0.25177	-2.82821
0.00000	0.00000	0.00000	1.00000

boidNo = 11
boid Wall No = 1
position = = (3.1, 0.6, 9.5)
Boid Radius= 10
Boid Frame=
 0.65927	0.30668	0.68652	3.06684
-0.73392	0.06391	0.67623	0.63911
-0.16351	0.94966	-0.26721	9.49663
0.00000	0.00000	0.00000	1.00000

boidNo = 12
boid Wall No = 0
position = = (6.8, -3.1, 6.6)
Boid Radius= 9.999999
Boid Frame=
 0.38720	0.68174	0.62073	6.81742
-0.61092	-0.31454	0.72653	-3.14538
-0.69055	0.66053	-0.29470	6.60525
0.00000	0.00000	0.00000	1.00000

boidNo = 13
boid Wall No = 0
position = = (1.6, -0.3, 9.9)
Boid Radius= 10
Boid Frame=
 0.63286	0.16297	0.75692	1.62969
-0.76399	-0.02729	0.64465	-0.27285
-0.12571	0.98625	-0.10724	9.86254
0.00000	0.00000	0.00000	1.00000

boidNo = 14
boid Wall No = 0
position = = (9.2, -3.8, 0.5)
Boid Radius= 10
Boid Frame=
 -0.19873	0.92476	0.32454	9.24759
-0.58442	-0.37765	0.71822	-3.77647
-0.78674	0.04694	-0.61550	0.46936
0.00000	0.00000	0.00000	1.00000

