Iteration Num of Simuation:0
m_SimulationDeltaT of action plan:0
boidNo = 0
boid Wall No = 1
position = = (-6.6, 7.1, 2.6)
Boid Radius= 10
Boid Frame=
 0.05599	-0.65835	0.75063	-6.58348
-0.29326	0.70780	0.64266	7.07801
0.95439	0.25612	0.15344	2.56116
0.00000	0.00000	0.00000	1.00000

boidNo = 1
boid Wall No = 0
position = = (-3.1, -9.0, 3.2)
Boid Radius= 10
Boid Frame=
 0.35318	-0.30676	-0.88383	-3.06762
0.20869	-0.89508	0.39406	-8.95079
0.91198	0.32362	0.25210	3.23623
0.00000	0.00000	0.00000	1.00000

boidNo = 2
boid Wall No = 0
position = = (-0.2, -9.9, -1.3)
Boid Radius= 10
Boid Frame=
 -0.19814	-0.02022	0.97997	-0.20221
0.13544	-0.99076	0.00694	-9.90762
-0.97077	-0.13410	-0.19905	-1.34098
0.00000	0.00000	0.00000	1.00000

boidNo = 3
boid Wall No = 0
position = = (0.9, -10.0, -0.4)
Boid Radius= 10
Boid Frame=
 -0.30180	0.08635	0.94945	0.86353
0.00885	-0.99559	0.09336	-9.95593
-0.95333	-0.03658	-0.29971	-0.36584
0.00000	0.00000	0.00000	1.00000

boidNo = 4
boid Wall No = 0
position = = (2.8, -7.9, -5.4)
Boid Radius= 10
Boid Frame=
 -0.89634	0.28344	0.34092	2.83444
-0.01731	-0.79073	0.61192	-7.90730
-0.44302	-0.54259	-0.71367	-5.42592
0.00000	0.00000	0.00000	1.00000

boidNo = 5
boid Wall No = 0
position = = (-4.6, -5.1, 7.3)
Boid Radius= 10
Boid Frame=
 0.87236	-0.45656	0.17476	-4.56557
-0.41685	-0.50794	0.75382	-5.07938
0.25539	0.73045	0.63342	7.30448
0.00000	0.00000	0.00000	1.00000

boidNo = 6
boid Wall No = 0
position = = (-3.5, -0.9, -9.3)
Boid Radius= 9.999999
Boid Frame=
 -0.72019	-0.34546	-0.60164	-3.45462
-0.61272	-0.09004	0.78515	-0.90043
0.32541	-0.93410	0.14682	-9.34103
0.00000	0.00000	0.00000	1.00000

boidNo = 7
boid Wall No = 1
position = = (-1.8, 9.7, 1.7)
Boid Radius= 10
Boid Frame=
 0.84130	-0.18180	0.50908	-1.81803
0.06580	0.96919	0.23738	9.69186
0.53655	0.16621	-0.82734	1.66213
0.00000	0.00000	0.00000	1.00000

boidNo = 8
boid Wall No = 1
position = = (3.3, 9.4, 0.9)
Boid Radius= 10
Boid Frame=
 0.17186	0.32856	-0.92872	3.28556
0.03282	0.94031	0.33873	9.40311
-0.98457	0.08869	-0.15082	0.88694
0.00000	0.00000	0.00000	1.00000

boidNo = 9
boid Wall No = 1
position = = (-2.9, 9.1, -2.9)
Boid Radius= 10
Boid Frame=
 -0.71765	-0.29392	0.63135	-2.93918
-0.00965	0.91068	0.41299	9.10684
0.69634	-0.29029	0.65638	-2.90289
0.00000	0.00000	0.00000	1.00000

boidNo = 10
boid Wall No = 1
position = = (-3.6, 7.6, -5.4)
Boid Radius= 10
Boid Frame=
 -0.92459	-0.36456	0.11055	-3.64559
-0.22771	0.76153	0.60682	7.61528
0.30541	-0.53588	0.78712	-5.35885
0.00000	0.00000	0.00000	1.00000

boidNo = 11
boid Wall No = 1
position = = (-1.8, 9.6, -2.1)
Boid Radius= 10
Boid Frame=
 -0.60625	-0.17947	0.77476	-1.79472
0.05971	0.96118	0.26938	9.61180
0.79303	-0.20958	0.57200	-2.09577
0.00000	0.00000	0.00000	1.00000

boidNo = 12
boid Wall No = 0
position = = (0.3, -10.0, 0.1)
Boid Radius= 9.999999
Boid Frame=
 0.33363	0.02654	0.94233	0.26539
0.00180	-0.99962	0.02752	-9.99620
-0.94270	0.00749	0.33355	0.07488
0.00000	0.00000	0.00000	1.00000

boidNo = 13
boid Wall No = 0
position = = (2.7, -8.9, -3.8)
Boid Radius= 9.999999
Boid Frame=
 -0.57787	0.26697	0.77123	2.66969
0.16565	-0.88695	0.43114	-8.86947
-0.79914	-0.37690	-0.46832	-3.76900
0.00000	0.00000	0.00000	1.00000

boidNo = 14
boid Wall No = 1
position = = (8.0, 2.7, 5.4)
Boid Radius= 10
Boid Frame=
 0.56148	0.80155	0.20555	8.01550
-0.64325	0.26653	0.71777	2.66528
-0.52054	0.53524	-0.66525	5.35239
0.00000	0.00000	0.00000	1.00000

