Iteration Num of Simuation:0
m_SimulationDeltaT of action plan:0
boidNo = 0
boid Wall No = 1
position = = (-1.9, 6.2, 7.6)
Boid Radius= 10
Boid Frame=
 0.74257	-0.18987	0.64229	-1.89871
-0.41670	0.61981	0.66498	6.19810
0.52436	0.76144	-0.38113	7.61436
0.00000	0.00000	0.00000	1.00000

boidNo = 1
boid Wall No = 1
position = = (2.2, 4.6, -8.6)
Boid Radius= 10
Boid Frame=
 -0.72999	0.22054	-0.64690	2.20545
-0.50713	0.45974	0.72901	4.59738
-0.45818	-0.86023	0.22376	-8.60233
0.00000	0.00000	0.00000	1.00000

boidNo = 2
boid Wall No = 0
position = = (-3.9, -2.1, -8.9)
Boid Radius= 10
Boid Frame=
 -0.58117	-0.39374	-0.71219	-3.93745
-0.69544	-0.21419	0.68592	-2.14193
0.42262	-0.89392	0.14934	-8.93916
0.00000	0.00000	0.00000	1.00000

boidNo = 3
boid Wall No = 1
position = = (6.6, 7.5, -0.6)
Boid Radius= 10
Boid Frame=
 0.22575	0.66410	-0.71274	6.64103
-0.27736	0.74517	0.60646	7.45167
-0.93387	-0.06078	-0.35242	-0.60778
0.00000	0.00000	0.00000	1.00000

boidNo = 4
boid Wall No = 0
position = = (-7.4, -1.6, -6.5)
Boid Radius= 9.999999
Boid Frame=
 -0.32591	-0.74189	-0.58598	-7.41892
-0.76328	-0.15925	0.62613	-1.59245
0.55784	-0.65133	0.51437	-6.51334
0.00000	0.00000	0.00000	1.00000

boidNo = 5
boid Wall No = 1
position = = (-0.4, 4.5, -8.9)
Boid Radius= 10
Boid Frame=
 -0.76729	-0.04492	-0.63972	-0.44923
-0.58700	0.45092	0.67239	4.50918
-0.25826	-0.89143	0.37236	-8.91434
0.00000	0.00000	0.00000	1.00000

boidNo = 6
boid Wall No = 0
position = = (-2.0, -2.6, 9.4)
Boid Radius= 10
Boid Frame=
 0.78264	-0.20198	0.58879	-2.01979
-0.62247	-0.25810	0.73886	-2.58100
-0.00273	0.94477	0.32773	9.44769
0.00000	0.00000	0.00000	1.00000

boidNo = 7
boid Wall No = 1
position = = (1.4, 8.8, -4.6)
Boid Radius= 10
Boid Frame=
 -0.90009	0.14127	-0.41217	1.41272
-0.07974	0.87659	0.47458	8.76591
-0.42835	-0.46003	0.77774	-4.60033
0.00000	0.00000	0.00000	1.00000

boidNo = 8
boid Wall No = 1
position = = (-2.7, 4.3, 8.6)
Boid Radius= 10
Boid Frame=
 0.51415	-0.26857	0.81457	-2.68567
-0.69361	0.42847	0.57907	4.28474
0.50454	0.86272	-0.03402	8.62718
0.00000	0.00000	0.00000	1.00000

boidNo = 9
boid Wall No = 1
position = = (3.8, 8.9, -2.3)
Boid Radius= 9.999999
Boid Frame=
 -0.44469	0.38160	-0.81033	3.81598
-0.04373	0.89438	0.44517	8.94377
-0.89462	-0.23339	0.38103	-2.33394
0.00000	0.00000	0.00000	1.00000

boidNo = 10
boid Wall No = 0
position = = (8.6, -3.7, 3.4)
Boid Radius= 10
Boid Frame=
 0.14163	0.86207	0.48659	8.62074
-0.47544	-0.37190	0.79727	-3.71904
-0.86827	0.34426	-0.35719	3.44261
0.00000	0.00000	0.00000	1.00000

boidNo = 11
boid Wall No = 1
position = = (-0.8, 10.0, -0.3)
Boid Radius= 9.999999
Boid Frame=
 -0.07628	-0.08309	0.99362	-0.83086
0.02307	0.99611	0.08506	9.96108
0.99682	-0.02941	0.07407	-0.29410
0.00000	0.00000	0.00000	1.00000

boidNo = 12
boid Wall No = 0
position = = (6.4, -7.5, -1.5)
Boid Radius= 10
Boid Frame=
 -0.35129	0.64341	0.68016	6.43409
-0.10972	-0.74975	0.65257	-7.49746
-0.92982	-0.15461	-0.33397	-1.54613
0.00000	0.00000	0.00000	1.00000

boidNo = 13
boid Wall No = 1
position = = (-0.4, 3.7, -9.3)
Boid Radius= 10
Boid Frame=
 -0.76385	-0.03715	-0.64432	-0.37146
-0.60963	0.36922	0.70144	3.69217
-0.21184	-0.92860	0.30467	-9.28601
0.00000	0.00000	0.00000	1.00000

boidNo = 14
boid Wall No = 0
position = = (-2.0, -9.7, -1.7)
Boid Radius= 10
Boid Frame=
 -0.97733	-0.19868	-0.07316	-1.98679
0.18230	-0.96541	0.18641	-9.65411
0.10766	-0.16885	-0.97974	-1.68846
0.00000	0.00000	0.00000	1.00000

