Iteration Num of Simuation:0
m_SimulationDeltaT of action plan:0
boidNo = 0
boid Wall No = 1
position = = (6.6, 1.9, 7.2)
Boid Radius= 10
Boid Frame=
 0.60853	0.66443	0.43385	6.64429
-0.69696	0.18611	0.69254	1.86108
-0.37940	0.72381	-0.57633	7.23808
0.00000	0.00000	0.00000	1.00000

boidNo = 1
boid Wall No = 1
position = = (0.0, 1.2, 9.9)
Boid Radius= 10
Boid Frame=
 0.71243	-0.00420	0.70174	-0.04199
-0.69657	0.11704	0.70788	1.17039
0.08510	0.99312	-0.08046	9.93119
0.00000	0.00000	0.00000	1.00000

boidNo = 2
boid Wall No = 0
position = = (2.7, -5.8, 7.7)
Boid Radius= 10
Boid Frame=
 0.71840	0.26768	0.64206	2.67678
-0.41478	-0.57613	0.70429	-5.76135
-0.55844	0.77228	0.30287	7.72280
0.00000	0.00000	0.00000	1.00000

boidNo = 3
boid Wall No = 1
position = = (2.3, 9.3, 3.0)
Boid Radius= 9.999999
Boid Frame=
 0.77392	0.22685	-0.59126	2.26850
0.01428	0.92715	0.37441	9.27154
-0.63313	0.29820	-0.71430	2.98202
0.00000	0.00000	0.00000	1.00000

boidNo = 4
boid Wall No = 1
position = = (5.5, 8.2, -1.5)
Boid Radius= 10
Boid Frame=
 -0.02153	0.55357	-0.83252	5.53572
-0.17070	0.81845	0.54863	8.18454
-0.98509	-0.15392	-0.07687	-1.53918
0.00000	0.00000	0.00000	1.00000

boidNo = 5
boid Wall No = 1
position = = (-9.9, 0.8, 0.8)
Boid Radius= 10
Boid Frame=
 -0.00444	-0.99333	0.11524	-9.93327
-0.71079	0.08420	0.69835	0.84198
0.70339	0.07881	0.70642	0.78815
0.00000	0.00000	0.00000	1.00000

boidNo = 6
boid Wall No = 1
position = = (-2.0, 9.1, -3.7)
Boid Radius= 10
Boid Frame=
 -0.89203	-0.19617	0.40719	-1.96172
-0.01101	0.91006	0.41432	9.10063
0.45185	-0.36511	0.81396	-3.65107
0.00000	0.00000	0.00000	1.00000

boidNo = 7
boid Wall No = 1
position = = (4.9, 8.1, -3.2)
Boid Radius= 10
Boid Frame=
 -0.32988	0.48824	-0.80796	4.88244
-0.17193	0.81048	0.55997	8.10481
-0.92823	-0.32363	0.18342	-3.23634
0.00000	0.00000	0.00000	1.00000

boidNo = 8
boid Wall No = 0
position = = (-0.4, -10.0, -0.4)
Boid Radius= 10
Boid Frame=
 -0.76463	-0.04250	-0.64307	-0.42497
0.00750	-0.99834	0.05705	-9.98343
0.64443	-0.03880	-0.76368	-0.38797
0.00000	0.00000	0.00000	1.00000

boidNo = 9
boid Wall No = 0
position = = (-1.3, -9.6, -2.6)
Boid Radius= 10
Boid Frame=
 -0.99116	-0.12771	-0.03583	-1.27706
0.11365	-0.95698	0.26696	-9.56982
0.06838	-0.26053	-0.96304	-2.60531
0.00000	0.00000	0.00000	1.00000

boidNo = 10
boid Wall No = 1
position = = (5.7, 3.5, -7.4)
Boid Radius= 10
Boid Frame=
 -0.44824	0.56997	-0.68863	5.69972
-0.62572	0.35010	0.69707	3.50104
-0.63840	-0.74334	-0.19971	-7.43343
0.00000	0.00000	0.00000	1.00000

boidNo = 11
boid Wall No = 0
position = = (4.3, -9.0, 0.8)
Boid Radius= 10
Boid Frame=
 0.47434	0.42650	0.77013	4.26501
0.14809	-0.90100	0.40777	-9.00998
-0.86780	0.07937	0.49053	0.79370
0.00000	0.00000	0.00000	1.00000

boidNo = 12
boid Wall No = 1
position = = (7.5, 2.7, -6.1)
Boid Radius= 10
Boid Frame=
 -0.34207	0.74642	-0.57083	7.46421
-0.63259	0.26628	0.72727	2.66282
-0.69485	-0.60988	-0.38109	-6.09877
0.00000	0.00000	0.00000	1.00000

boidNo = 13
boid Wall No = 0
position = = (2.5, -3.7, -9.0)
Boid Radius= 10
Boid Frame=
 -0.80727	0.24636	-0.53630	2.46361
-0.58979	-0.36987	0.71788	-3.69872
0.02150	-0.89582	-0.44389	-8.95824
0.00000	0.00000	0.00000	1.00000

boidNo = 14
boid Wall No = 1
position = = (2.9, 6.3, 7.2)
Boid Radius= 10
Boid Frame=
 0.91059	0.29180	0.29272	2.91799
-0.41323	0.62805	0.65939	6.28048
-0.00857	0.72139	-0.69247	7.21394
0.00000	0.00000	0.00000	1.00000

