Iteration Num of Simuation:0
m_SimulationDeltaT of action plan:0
boidNo = 0
boid Wall No = 1
position = = (-5.9, 7.7, -2.4)
Boid Radius= 10
Boid Frame=
 -0.61109	-0.58546	0.53272	-5.85465
-0.22885	0.77494	0.58915	7.74941
0.75775	-0.23811	0.60754	-2.38113
0.00000	0.00000	0.00000	1.00000

boidNo = 1
boid Wall No = 1
position = = (-8.8, 4.7, 0.5)
Boid Radius= 9.999999
Boid Frame=
 -0.25333	-0.88062	0.40041	-8.80620
-0.55271	0.47146	0.68719	4.71463
0.79393	0.04722	0.60617	0.47223
0.00000	0.00000	0.00000	1.00000

boidNo = 2
boid Wall No = 0
position = = (8.0, -5.5, -2.5)
Boid Radius= 10
Boid Frame=
 -0.52591	0.79780	0.29486	7.97797
-0.42592	-0.54710	0.72061	-5.47096
-0.73622	-0.25339	-0.62752	-2.53389
0.00000	0.00000	0.00000	1.00000

boidNo = 3
boid Wall No = 0
position = = (-2.1, -8.4, -4.9)
Boid Radius= 10
Boid Frame=
 -0.96121	-0.21011	-0.17870	-2.10106
0.08642	-0.84467	0.52827	-8.44667
0.26193	-0.49233	-0.83006	-4.92334
0.00000	0.00000	0.00000	1.00000

boidNo = 4
boid Wall No = 0
position = = (-3.2, -3.9, 8.6)
Boid Radius= 10
Boid Frame=
 0.81759	-0.32368	0.47621	-3.23680
-0.57398	-0.39247	0.71869	-3.92469
0.04572	0.86093	0.50667	8.60930
0.00000	0.00000	0.00000	1.00000

boidNo = 5
boid Wall No = 1
position = = (7.7, 6.4, -0.2)
Boid Radius= 10
Boid Frame=
 0.31492	0.76719	-0.55879	7.67187
-0.40114	0.64117	0.65421	6.41168
-0.86018	-0.01812	-0.50967	-0.18124
0.00000	0.00000	0.00000	1.00000

boidNo = 6
boid Wall No = 1
position = = (9.3, 0.8, -3.5)
Boid Radius= 9.999999
Boid Frame=
 -0.19924	0.93259	-0.30096	9.32591
-0.69521	0.08193	0.71412	0.81928
-0.69064	-0.35151	-0.63202	-3.51514
0.00000	0.00000	0.00000	1.00000

boidNo = 7
boid Wall No = 0
position = = (0.3, -9.5, -3.0)
Boid Radius= 10
Boid Frame=
 -0.85656	0.03170	0.51507	0.31703
0.12883	-0.95337	0.27293	-9.53367
-0.49970	-0.30014	-0.81254	-3.00144
0.00000	0.00000	0.00000	1.00000

boidNo = 8
boid Wall No = 0
position = = (3.1, -5.3, 7.9)
Boid Radius= 10
Boid Frame=
 0.68802	0.31124	0.65556	3.11244
-0.44676	-0.53020	0.72062	-5.30204
-0.57187	0.78868	0.22574	7.88677
0.00000	0.00000	0.00000	1.00000

boidNo = 9
boid Wall No = 0
position = = (5.3, -2.8, 8.0)
Boid Radius= 10
Boid Frame=
 0.39505	0.52988	0.75044	5.29884
-0.75057	-0.28484	0.59624	-2.84844
-0.52970	0.79880	-0.28519	7.98803
0.00000	0.00000	0.00000	1.00000

boidNo = 10
boid Wall No = 0
position = = (4.0, -2.6, 8.8)
Boid Radius= 10
Boid Frame=
 0.59673	0.40022	0.69551	4.00218
-0.65173	-0.26394	0.71104	-2.63939
-0.46815	0.87759	-0.10333	8.77589
0.00000	0.00000	0.00000	1.00000

boidNo = 11
boid Wall No = 0
position = = (-4.9, -8.5, -1.8)
Boid Radius= 10
Boid Frame=
 -0.49633	-0.48926	-0.71714	-4.89259
0.10092	-0.85298	0.51209	-8.52982
0.86225	-0.18179	-0.47273	-1.81792
0.00000	0.00000	0.00000	1.00000

boidNo = 12
boid Wall No = 0
position = = (3.1, -9.5, -0.9)
Boid Radius= 10
Boid Frame=
 0.29264	0.31161	0.90402	3.11610
0.18390	-0.94610	0.26658	-9.46104
-0.93837	-0.08824	0.33418	-0.88235
0.00000	0.00000	0.00000	1.00000

boidNo = 13
boid Wall No = 0
position = = (0.0, -0.3, -10.0)
Boid Radius= 10
Boid Frame=
 -0.70755	0.00472	-0.70665	0.04718
-0.70648	-0.02737	0.70720	-0.27367
0.01600	-0.99961	-0.02270	-9.99614
0.00000	0.00000	0.00000	1.00000

boidNo = 14
boid Wall No = 0
position = = (4.8, -5.6, 6.7)
Boid Radius= 10
Boid Frame=
 0.54582	0.48213	0.68529	4.82134
-0.40570	-0.56354	0.71961	-5.63536
-0.73313	0.67080	0.11199	6.70801
0.00000	0.00000	0.00000	1.00000

