Iteration Num of Simuation:0
m_SimulationDeltaT of action plan:0
boidNo = 0
boid Wall No = 1
position = = (-7.6, 5.7, -3.3)
Boid Radius= 9.999999
Boid Frame=
 -0.62104	-0.75592	0.20710	-7.55921
-0.46441	0.56776	0.67969	5.67756
0.63137	-0.32594	0.70366	-3.25940
0.00000	0.00000	0.00000	1.00000

boidNo = 1
boid Wall No = 1
position = = (-4.3, 8.2, 3.7)
Boid Radius= 10
Boid Frame=
 0.46549	-0.43247	0.77220	-4.32467
-0.14835	0.82202	0.54980	8.22020
0.87253	0.37048	-0.31849	3.70479
0.00000	0.00000	0.00000	1.00000

boidNo = 2
boid Wall No = 1
position = = (-0.6, 9.4, 3.3)
Boid Radius= 9.999999
Boid Frame=
 0.99570	-0.06101	0.06965	-0.61006
0.03472	0.94336	0.32996	9.43356
0.08584	0.32612	-0.94142	3.26124
0.00000	0.00000	0.00000	1.00000

boidNo = 3
boid Wall No = 0
position = = (1.6, -3.1, -9.4)
Boid Radius= 10
Boid Frame=
 -0.76470	0.16020	-0.62415	1.60202
-0.63908	-0.31254	0.70278	-3.12543
0.08249	-0.93630	-0.34138	-9.36297
0.00000	0.00000	0.00000	1.00000

boidNo = 4
boid Wall No = 1
position = = (5.3, 8.4, -1.2)
Boid Radius= 9.999999
Boid Frame=
 -0.04179	0.52985	-0.84706	5.29846
-0.11949	0.83907	0.53074	8.39069
-0.99196	-0.12339	-0.02824	-1.23393
0.00000	0.00000	0.00000	1.00000

boidNo = 5
boid Wall No = 0
position = = (-0.3, -10.0, 0.3)
Boid Radius= 10
Boid Frame=
 0.81848	-0.03034	-0.57373	-0.30336
-0.00695	-0.99906	0.04290	-9.99055
0.57449	0.03113	0.81792	0.31126
0.00000	0.00000	0.00000	1.00000

boidNo = 6
boid Wall No = 0
position = = (-2.2, -9.4, 2.5)
Boid Radius= 10
Boid Frame=
 0.37862	-0.21504	-0.90023	-2.15040
0.15263	-0.94481	0.28988	-9.44813
0.91288	0.24716	0.32490	2.47155
0.00000	0.00000	0.00000	1.00000

boidNo = 7
boid Wall No = 1
position = = (6.9, 3.8, -6.2)
Boid Radius= 10
Boid Frame=
 -0.31591	0.68728	-0.65410	6.87280
-0.60910	0.38168	0.69521	3.81675
-0.72746	-0.61804	-0.29805	-6.18038
0.00000	0.00000	0.00000	1.00000

boidNo = 8
boid Wall No = 0
position = = (2.4, -0.3, -9.7)
Boid Radius= 10
Boid Frame=
 -0.69126	0.24137	-0.68110	2.41371
-0.70647	-0.02765	0.70720	-0.27654
-0.15186	-0.97004	-0.18964	-9.70039
0.00000	0.00000	0.00000	1.00000

boidNo = 9
boid Wall No = 0
position = = (-0.3, -9.9, 1.4)
Boid Radius= 10
Boid Frame=
 0.71773	-0.03173	-0.69560	-0.31733
0.07460	-0.98971	0.12212	-9.89708
0.69231	0.13954	0.70798	1.39538
0.00000	0.00000	0.00000	1.00000

boidNo = 10
boid Wall No = 0
position = = (-2.5, -1.3, -9.6)
Boid Radius= 10
Boid Frame=
 -0.59206	-0.25359	-0.76496	-2.53591
-0.76193	-0.13308	0.63384	-1.33076
0.26253	-0.95811	0.11443	-9.58114
0.00000	0.00000	0.00000	1.00000

boidNo = 11
boid Wall No = 1
position = = (-4.1, 8.9, -1.9)
Boid Radius= 10
Boid Frame=
 -0.52731	-0.40913	0.74468	-4.09134
-0.05927	0.89201	0.44811	8.92013
0.84760	-0.19215	0.49462	-1.92151
0.00000	0.00000	0.00000	1.00000

boidNo = 12
boid Wall No = 0
position = = (1.8, -5.7, 8.0)
Boid Radius= 10
Boid Frame=
 0.78890	0.17817	0.58812	1.78167
-0.40594	-0.56741	0.71642	-5.67409
-0.46135	0.80393	0.37530	8.03930
0.00000	0.00000	0.00000	1.00000

boidNo = 13
boid Wall No = 0
position = = (8.3, -4.3, 3.5)
Boid Radius= 10
Boid Frame=
 0.09081	0.83197	0.54734	8.31971
-0.50971	-0.43333	0.74325	-4.33332
-0.85554	0.34648	-0.38471	3.46480
0.00000	0.00000	0.00000	1.00000

boidNo = 14
boid Wall No = 1
position = = (-4.9, 8.7, -0.6)
Boid Radius= 10
Boid Frame=
 -0.25912	-0.48816	0.83340	-4.88157
-0.07829	0.87065	0.48563	8.70651
0.96267	-0.06059	0.26382	-0.60588
0.00000	0.00000	0.00000	1.00000

