Iteration Num of Simuation:0
m_SimulationDeltaT of action plan:0
boidNo = 0
boid Wall No = 0
position = = (-2.6, -9.7, 0.2)
Boid Radius= 10
Boid Frame=
 -0.15514	-0.25816	-0.95356	-2.58159
0.05922	-0.96595	0.25188	-9.65946
0.98612	0.01739	-0.16515	0.17393
0.00000	0.00000	0.00000	1.00000

boidNo = 1
boid Wall No = 0
position = = (-0.4, -9.9, -1.2)
Boid Radius= 10
Boid Frame=
 -0.94551	-0.04486	-0.32250	-0.44856
0.00261	-0.99148	0.13025	-9.91478
0.32560	-0.12231	-0.93756	-1.22311
0.00000	0.00000	0.00000	1.00000

boidNo = 2
boid Wall No = 1
position = = (-3.0, 9.5, 0.3)
Boid Radius= 10
Boid Frame=
 0.01508	-0.29591	0.95510	-2.95912
-0.02200	0.95488	0.29619	9.54876
0.99964	0.02548	-0.00789	0.25477
0.00000	0.00000	0.00000	1.00000

boidNo = 3
boid Wall No = 1
position = = (7.1, 4.6, -5.4)
Boid Radius= 10
Boid Frame=
 -0.28962	0.70507	-0.64730	7.05068
-0.50979	0.45875	0.72778	4.58752
-0.81009	-0.54076	-0.22657	-5.40764
0.00000	0.00000	0.00000	1.00000

boidNo = 4
boid Wall No = 1
position = = (4.0, 4.8, -7.8)
Boid Radius= 10
Boid Frame=
 -0.52158	0.40128	-0.75295	4.01282
-0.58160	0.47847	0.65788	4.78472
-0.62426	-0.78105	0.01618	-7.81049
0.00000	0.00000	0.00000	1.00000

boidNo = 5
boid Wall No = 1
position = = (-8.4, 2.2, 4.9)
Boid Radius= 10
Boid Frame=
 0.21304	-0.84099	0.49734	-8.40994
-0.70511	0.22003	0.67410	2.20027
0.67634	0.49428	0.54612	4.94284
0.00000	0.00000	0.00000	1.00000

boidNo = 6
boid Wall No = 1
position = = (-1.3, 9.3, -3.6)
Boid Radius= 10
Boid Frame=
 -0.98449	-0.13174	0.11589	-1.31737
-0.08019	0.92532	0.37062	9.25315
0.15606	-0.35558	0.92152	-3.55581
0.00000	0.00000	0.00000	1.00000

boidNo = 7
boid Wall No = 1
position = = (1.3, 9.9, 0.1)
Boid Radius= 10
Boid Frame=
 0.81929	0.13376	-0.55756	1.33758
-0.10552	0.99097	0.08269	9.90974
-0.56359	0.00891	-0.82601	0.08912
0.00000	0.00000	0.00000	1.00000

boidNo = 8
boid Wall No = 1
position = = (0.8, 3.3, -9.4)
Boid Radius= 10
Boid Frame=
 -0.58306	0.07996	-0.80849	0.79958
-0.74933	0.33159	0.57319	3.31594
-0.31392	-0.94003	0.13342	-9.40028
0.00000	0.00000	0.00000	1.00000

boidNo = 9
boid Wall No = 0
position = = (-6.6, -5.0, -5.6)
Boid Radius= 10
Boid Frame=
 -0.18167	-0.65878	-0.73007	-6.58783
-0.61679	-0.50189	0.60636	-5.01886
0.76587	-0.56046	0.31516	-5.60460
0.00000	0.00000	0.00000	1.00000

boidNo = 10
boid Wall No = 1
position = = (-3.9, 2.4, 8.9)
Boid Radius= 10
Boid Frame=
 0.62447	-0.39172	0.67572	-3.91719
-0.64108	0.23713	0.72992	2.37134
0.44616	0.88900	0.10304	8.89002
0.00000	0.00000	0.00000	1.00000

boidNo = 11
boid Wall No = 1
position = = (-3.0, 7.5, 5.9)
Boid Radius= 10
Boid Frame=
 0.64088	-0.30307	0.70528	-3.03066
-0.29545	0.75061	0.59102	7.50607
0.70851	0.58715	-0.39151	5.87146
0.00000	0.00000	0.00000	1.00000

boidNo = 12
boid Wall No = 1
position = = (-2.8, 9.3, 2.3)
Boid Radius= 9.999999
Boid Frame=
 0.66731	-0.28370	0.68863	-2.83703
0.01819	0.93054	0.36574	9.30539
0.74456	0.23154	-0.62612	2.31537
0.00000	0.00000	0.00000	1.00000

boidNo = 13
boid Wall No = 0
position = = (-1.9, -8.8, 4.3)
Boid Radius= 10
Boid Frame=
 0.43559	-0.18937	0.88000	-1.89368
-0.46815	-0.88266	0.04179	-8.82659
-0.76883	0.43018	0.47313	4.30177
0.00000	0.00000	0.00000	1.00000

boidNo = 14
boid Wall No = 0
position = = (7.3, -2.1, 6.5)
Boid Radius= 10
Boid Frame=
 0.36663	0.72901	0.57804	7.29006
-0.68043	-0.21363	0.70099	-2.13631
-0.63451	0.65032	-0.41771	6.50317
0.00000	0.00000	0.00000	1.00000

