Iteration Num of Simuation:0
m_SimulationDeltaT of action plan:0
boidNo = 0
boid Wall No = 1
position = = (0.5, 9.9, -1.4)
Boid Radius= 10
Boid Frame=
 -0.99868	0.04946	0.01419	0.49461
0.05099	0.98832	0.14359	9.88323
0.00692	-0.14412	0.98954	-1.44120
0.00000	0.00000	0.00000	1.00000

boidNo = 1
boid Wall No = 0
position = = (0.0, -7.9, 6.1)
Boid Radius= 10
Boid Frame=
 0.99975	0.00036	0.02216	0.00357
-0.01318	-0.79434	0.60733	-7.94338
-0.01782	0.60748	0.79414	6.07477
0.00000	0.00000	0.00000	1.00000

boidNo = 2
boid Wall No = 0
position = = (-2.3, -9.2, -3.3)
Boid Radius= 10
Boid Frame=
 -0.96735	-0.22533	-0.11605	-2.25329
0.17038	-0.91709	0.36043	-9.17093
0.18765	-0.32889	-0.92554	-3.28887
0.00000	0.00000	0.00000	1.00000

boidNo = 3
boid Wall No = 1
position = = (-5.2, 8.2, 2.4)
Boid Radius= 10
Boid Frame=
 0.21762	-0.51868	0.82681	-5.18677
-0.15005	0.81926	0.55344	8.19264
0.96443	0.24450	-0.10046	2.44500
0.00000	0.00000	0.00000	1.00000

boidNo = 4
boid Wall No = 0
position = = (9.2, -0.4, 3.8)
Boid Radius= 10
Boid Frame=
 0.18418	0.92229	0.33980	9.22286
-0.83490	-0.03563	0.54924	-0.35632
-0.51867	0.38486	-0.76346	3.84863
0.00000	0.00000	0.00000	1.00000

boidNo = 5
boid Wall No = 1
position = = (-6.4, 6.8, -3.7)
Boid Radius= 10
Boid Frame=
 -0.72428	-0.63564	0.26716	-6.35641
-0.36113	0.67978	0.63834	6.79785
0.58736	-0.36586	0.72191	-3.65859
0.00000	0.00000	0.00000	1.00000

boidNo = 6
boid Wall No = 1
position = = (-5.2, 0.9, -8.5)
Boid Radius= 10
Boid Frame=
 -0.63860	-0.51814	-0.56896	-5.18136
-0.70200	0.08936	0.70655	0.89357
0.31525	-0.85062	0.42080	-8.50618
0.00000	0.00000	0.00000	1.00000

boidNo = 7
boid Wall No = 0
position = = (-5.4, -8.3, 1.1)
Boid Radius= 10
Boid Frame=
 0.15519	-0.53987	-0.82732	-5.39866
0.02902	-0.83462	0.55007	-8.34615
0.98746	0.10937	0.11386	1.09373
0.00000	0.00000	0.00000	1.00000

boidNo = 8
boid Wall No = 1
position = = (0.2, 7.5, -6.6)
Boid Radius= 10
Boid Frame=
 -0.88388	0.02469	-0.46707	0.24686
-0.29419	0.74699	0.59620	7.46994
-0.36362	-0.66437	0.65299	-6.64373
0.00000	0.00000	0.00000	1.00000

boidNo = 9
boid Wall No = 0
position = = (9.9, -1.4, -0.5)
Boid Radius= 10
Boid Frame=
 -0.13256	0.98874	0.06941	9.88742
-0.65438	-0.13990	0.74312	-1.39898
-0.74446	-0.05308	-0.66555	-0.53084
0.00000	0.00000	0.00000	1.00000

boidNo = 10
boid Wall No = 1
position = = (-1.3, 0.1, 9.9)
Boid Radius= 10
Boid Frame=
 0.71046	-0.13103	0.69143	-1.31033
-0.69607	0.01379	0.71784	0.13792
0.10360	0.99128	0.08141	9.91282
0.00000	0.00000	0.00000	1.00000

boidNo = 11
boid Wall No = 1
position = = (1.3, 9.9, 0.2)
Boid Radius= 10
Boid Frame=
 -0.22077	0.12557	-0.96721	1.25575
0.04911	0.99185	0.11756	9.91850
-0.97409	0.02155	0.22514	0.21547
0.00000	0.00000	0.00000	1.00000

boidNo = 12
boid Wall No = 0
position = = (8.9, -3.9, -2.3)
Boid Radius= 10
Boid Frame=
 -0.44685	0.89103	0.07993	8.91029
-0.66376	-0.39012	0.63814	-3.90123
-0.59978	-0.23210	-0.76576	-2.32102
0.00000	0.00000	0.00000	1.00000

boidNo = 13
boid Wall No = 0
position = = (-1.2, -6.6, 7.4)
Boid Radius= 10
Boid Frame=
 0.97280	-0.11947	0.19845	-1.19473
-0.22734	-0.65667	0.71910	-6.56669
-0.04440	0.74466	0.66597	7.44656
0.00000	0.00000	0.00000	1.00000

boidNo = 14
boid Wall No = 1
position = = (2.1, 8.5, -4.8)
Boid Radius= 10
Boid Frame=
 -0.81262	0.20719	-0.54472	2.07187
-0.12093	0.85439	0.50537	8.54386
-0.57011	-0.47655	0.66924	-4.76548
0.00000	0.00000	0.00000	1.00000

