Iteration Num of Simuation:0
m_SimulationDeltaT of action plan:0
boidNo = 0
boid Wall No = 0
position = = (-9.0, -3.4, 2.6)
Boid Radius= 10
Boid Frame=
 0.42073	-0.90390	-0.07709	-9.03904
-0.59159	-0.33779	0.73207	-3.37792
0.68776	0.26240	0.67686	2.62401
0.00000	0.00000	0.00000	1.00000

boidNo = 1
boid Wall No = 1
position = = (1.0, 9.2, 3.8)
Boid Radius= 10
Boid Frame=
 0.97967	0.09567	-0.17636	0.95669
-0.01924	0.91975	0.39203	9.19751
-0.19971	0.38067	-0.90289	3.80666
0.00000	0.00000	0.00000	1.00000

boidNo = 2
boid Wall No = 0
position = = (-4.8, -0.7, -8.7)
Boid Radius= 10
Boid Frame=
 -0.65392	-0.48346	-0.58194	-4.83457
-0.63187	-0.07404	0.77153	-0.74043
0.41609	-0.87223	0.25706	-8.72231
0.00000	0.00000	0.00000	1.00000

boidNo = 3
boid Wall No = 0
position = = (0.6, -9.9, -1.1)
Boid Radius= 10
Boid Frame=
 -0.65277	0.05679	0.75542	0.56790
0.04936	-0.99188	0.11722	-9.91879
-0.75595	-0.11380	-0.64467	-1.13801
0.00000	0.00000	0.00000	1.00000

boidNo = 4
boid Wall No = 0
position = = (-5.3, -8.5, 0.5)
Boid Radius= 10
Boid Frame=
 0.06653	-0.52793	-0.84668	-5.27925
0.02258	-0.84755	0.53024	-8.47547
0.99753	0.05440	0.04447	0.54395
0.00000	0.00000	0.00000	1.00000

boidNo = 5
boid Wall No = 0
position = = (-0.1, -10.0, 0.1)
Boid Radius= 10
Boid Frame=
 0.99798	-0.00740	-0.06312	-0.07402
-0.00686	-0.99994	0.00877	-9.99938
0.06318	0.00832	0.99797	0.08322
0.00000	0.00000	0.00000	1.00000

boidNo = 6
boid Wall No = 1
position = = (-0.4, 4.0, -9.2)
Boid Radius= 10
Boid Frame=
 -0.74628	-0.03937	-0.66447	-0.39372
-0.62104	0.40042	0.67378	4.00418
-0.23954	-0.91549	0.32327	-9.15486
0.00000	0.00000	0.00000	1.00000

boidNo = 7
boid Wall No = 0
position = = (-1.0, -4.9, 8.6)
Boid Radius= 10
Boid Frame=
 0.87814	-0.09956	0.46793	-0.99563
-0.45217	-0.49218	0.74384	-4.92179
-0.15625	0.86478	0.47722	8.64781
0.00000	0.00000	0.00000	1.00000

boidNo = 8
boid Wall No = 1
position = = (1.9, 9.8, -1.1)
Boid Radius= 10
Boid Frame=
 -0.70711	0.19357	-0.68010	1.93569
0.06260	0.97516	0.21246	9.75162
-0.70433	-0.10766	0.70166	-1.07658
0.00000	0.00000	0.00000	1.00000

boidNo = 9
boid Wall No = 1
position = = (-2.4, 9.3, 2.8)
Boid Radius= 10
Boid Frame=
 0.77515	-0.24161	0.58375	-2.41612
0.01263	0.92972	0.36804	9.29724
0.63165	0.27792	-0.72373	2.77918
0.00000	0.00000	0.00000	1.00000

boidNo = 10
boid Wall No = 1
position = = (3.9, 8.8, 2.7)
Boid Radius= 10
Boid Frame=
 0.66761	0.39006	-0.63416	3.90057
-0.07036	0.88102	0.46782	8.81017
-0.74118	0.26770	-0.61562	2.67702
0.00000	0.00000	0.00000	1.00000

boidNo = 11
boid Wall No = 1
position = = (-1.0, 6.2, 7.8)
Boid Radius= 10
Boid Frame=
 0.80758	-0.09784	0.58158	-0.97845
-0.40706	0.62110	0.66973	6.21097
0.42675	0.77760	-0.46176	7.77602
0.00000	0.00000	0.00000	1.00000

boidNo = 12
boid Wall No = 0
position = = (-0.7, -9.7, 2.3)
Boid Radius= 10
Boid Frame=
 0.78376	-0.06664	-0.61748	-0.66640
0.08988	-0.97159	0.21894	-9.71591
0.61453	0.22709	0.75551	2.27090
0.00000	0.00000	0.00000	1.00000

boidNo = 13
boid Wall No = 1
position = = (-0.8, 10.0, -0.6)
Boid Radius= 10
Boid Frame=
 -0.10318	-0.07952	0.99148	-0.79519
0.04851	0.99521	0.08487	9.95211
0.99348	-0.05685	0.09883	-0.56852
0.00000	0.00000	0.00000	1.00000

boidNo = 14
boid Wall No = 0
position = = (6.7, -1.6, 7.3)
Boid Radius= 10
Boid Frame=
 0.46357	0.66972	0.58015	6.69725
-0.67534	-0.15680	0.72064	-1.56799
-0.57360	0.72587	-0.37961	7.25867
0.00000	0.00000	0.00000	1.00000

