Iteration Num of Simuation:0
m_SimulationDeltaT of action plan:0
boidNo = 0
boid Wall No = 0
position = = (2.4, -6.5, 7.2)
Boid Radius= 10
Boid Frame=
 0.76856	0.24210	0.59221	2.42099
-0.32372	-0.65125	0.68635	-6.51253
-0.55184	0.71921	0.42215	7.19206
0.00000	0.00000	0.00000	1.00000

boidNo = 1
boid Wall No = 0
position = = (-2.1, -9.8, 0.1)
Boid Radius= 10
Boid Frame=
 -0.66127	-0.20709	-0.72099	-2.07094
0.14573	-0.97829	0.14734	-9.78291
0.73585	0.00764	-0.67710	0.07645
0.00000	0.00000	0.00000	1.00000

boidNo = 2
boid Wall No = 0
position = = (-3.4, -7.8, -5.2)
Boid Radius= 10
Boid Frame=
 -0.81029	-0.34128	-0.47640	-3.41285
-0.03328	-0.78481	0.61884	-7.84815
0.58509	-0.51729	-0.62457	-5.17292
0.00000	0.00000	0.00000	1.00000

boidNo = 3
boid Wall No = 1
position = = (-4.4, 8.4, 3.2)
Boid Radius= 9.999999
Boid Frame=
 0.41393	-0.44472	0.79428	-4.44721
-0.12771	0.83554	0.53438	8.35542
0.90130	0.32263	-0.28907	3.22634
0.00000	0.00000	0.00000	1.00000

boidNo = 4
boid Wall No = 1
position = = (2.5, 8.7, -4.2)
Boid Radius= 9.999999
Boid Frame=
 -0.77589	0.25411	-0.57742	2.54113
-0.07429	0.87212	0.48362	8.72119
-0.62648	-0.41813	0.65779	-4.18132
0.00000	0.00000	0.00000	1.00000

boidNo = 5
boid Wall No = 1
position = = (-1.4, 6.2, 7.7)
Boid Radius= 10
Boid Frame=
 0.77150	-0.13636	0.62144	-1.36361
-0.42076	0.62330	0.65913	6.23302
0.47723	0.77000	-0.42350	7.70000
0.00000	0.00000	0.00000	1.00000

boidNo = 6
boid Wall No = 1
position = = (-3.0, 9.5, 0.2)
Boid Radius= 9.999999
Boid Frame=
 0.20771	-0.29991	0.93108	-2.99913
0.04930	0.95384	0.29625	9.53838
0.97695	0.01563	-0.21290	0.15634
0.00000	0.00000	0.00000	1.00000

boidNo = 7
boid Wall No = 0
position = = (1.9, -9.7, 1.6)
Boid Radius= 10
Boid Frame=
 0.94135	0.18605	0.28151	1.86047
0.12898	-0.96931	0.20931	-9.69306
-0.31181	0.16072	0.93645	1.60723
0.00000	0.00000	0.00000	1.00000

boidNo = 8
boid Wall No = 0
position = = (9.3, -3.0, -2.1)
Boid Radius= 9.999999
Boid Frame=
 -0.36562	0.93002	0.03724	9.30019
-0.69272	-0.29861	0.65649	-2.98614
-0.62166	-0.21423	-0.75342	-2.14231
0.00000	0.00000	0.00000	1.00000

boidNo = 9
boid Wall No = 0
position = = (-2.5, -9.7, -0.3)
Boid Radius= 10
Boid Frame=
 -0.71785	-0.25146	-0.64920	-2.51459
0.16398	-0.96733	0.19336	-9.67327
0.67661	-0.03234	-0.73563	-0.32344
0.00000	0.00000	0.00000	1.00000

boidNo = 10
boid Wall No = 1
position = = (-8.2, 0.7, -5.7)
Boid Radius= 10
Boid Frame=
 -0.44172	-0.81863	-0.36704	-8.18633
-0.71552	0.07466	0.69459	0.74658
0.54121	-0.56944	0.61873	-5.69444
0.00000	0.00000	0.00000	1.00000

boidNo = 11
boid Wall No = 1
position = = (-4.6, 8.9, 0.4)
Boid Radius= 9.999999
Boid Frame=
 -0.01176	-0.46365	0.88594	-4.63653
-0.05071	0.88514	0.46256	8.85137
0.99864	0.03948	0.03392	0.39482
0.00000	0.00000	0.00000	1.00000

boidNo = 12
boid Wall No = 1
position = = (2.1, 9.8, -0.3)
Boid Radius= 10
Boid Frame=
 -0.41662	0.21349	-0.88366	2.13490
0.06218	0.97645	0.20659	9.76450
-0.90695	-0.03112	0.42009	-0.31121
0.00000	0.00000	0.00000	1.00000

boidNo = 13
boid Wall No = 1
position = = (-0.2, 9.9, 1.5)
Boid Radius= 9.999999
Boid Frame=
 0.95597	-0.02225	-0.29262	-0.22250
0.06603	0.98786	0.14061	9.87861
-0.28594	0.15374	-0.94584	1.53741
0.00000	0.00000	0.00000	1.00000

boidNo = 14
boid Wall No = 1
position = = (3.6, 8.8, -3.1)
Boid Radius= 9.999999
Boid Frame=
 -0.48940	0.36010	-0.79424	3.60098
-0.10704	0.87907	0.46452	8.79072
-0.86547	-0.31235	0.39167	-3.12348
0.00000	0.00000	0.00000	1.00000

