Iteration Num of Simuation:0
m_SimulationDeltaT of action plan:0
boidNo = 0
boid Wall No = 0
position = = (8.3, -5.4, 1.5)
Boid Radius= 10
Boid Frame=
 -0.07218	0.82524	0.56015	8.25243
-0.37339	-0.54313	0.75206	-5.43127
-0.92486	0.15488	-0.34734	1.54876
0.00000	0.00000	0.00000	1.00000

boidNo = 1
boid Wall No = 0
position = = (6.6, -7.0, 2.9)
Boid Radius= 10
Boid Frame=
 0.20815	0.65646	0.72508	6.56459
-0.19999	-0.69709	0.68853	-6.97087
-0.95743	0.28832	0.01382	2.88324
0.00000	0.00000	0.00000	1.00000

boidNo = 2
boid Wall No = 0
position = = (-2.2, -9.7, -1.0)
Boid Radius= 10
Boid Frame=
 -0.79517	-0.21509	-0.56696	-2.15090
0.11192	-0.97097	0.21139	-9.70972
0.59597	-0.10464	-0.79616	-1.04636
0.00000	0.00000	0.00000	1.00000

boidNo = 3
boid Wall No = 0
position = = (-0.1, -7.2, -6.9)
Boid Radius= 10
Boid Frame=
 -0.97560	-0.00602	-0.21947	-0.06020
-0.14813	-0.71979	0.67821	-7.19786
0.16206	-0.69417	-0.70133	-6.94170
0.00000	0.00000	0.00000	1.00000

boidNo = 4
boid Wall No = 0
position = = (8.2, -1.0, 5.6)
Boid Radius= 10
Boid Frame=
 0.33119	0.82341	0.46077	8.23410
-0.71227	-0.10212	0.69443	-1.02116
-0.61886	0.55818	-0.55267	5.58184
0.00000	0.00000	0.00000	1.00000

boidNo = 5
boid Wall No = 0
position = = (-8.4, -0.3, -5.4)
Boid Radius= 10
Boid Frame=
 -0.34682	-0.84396	-0.40920	-8.43963
-0.72887	-0.03207	0.68390	-0.32071
0.59031	-0.53544	0.60402	-5.35441
0.00000	0.00000	0.00000	1.00000

boidNo = 6
boid Wall No = 1
position = = (5.3, 1.7, 8.3)
Boid Radius= 10
Boid Frame=
 0.68477	0.53070	0.49945	5.30701
-0.66368	0.17102	0.72821	1.71018
-0.30104	0.83013	-0.46932	8.30126
0.00000	0.00000	0.00000	1.00000

boidNo = 7
boid Wall No = 1
position = = (-6.4, 7.4, -1.9)
Boid Radius= 10
Boid Frame=
 -0.54679	-0.64247	0.53689	-6.42474
-0.27078	0.74247	0.61271	7.42470
0.79227	-0.18965	0.57995	-1.89646
0.00000	0.00000	0.00000	1.00000

boidNo = 8
boid Wall No = 1
position = = (4.0, 7.6, 5.0)
Boid Radius= 10
Boid Frame=
 0.90754	0.40438	-0.11336	4.04383
-0.26638	0.76294	0.58904	7.62939
-0.32468	0.50438	-0.80012	5.04380
0.00000	0.00000	0.00000	1.00000

boidNo = 9
boid Wall No = 1
position = = (8.7, 3.9, -3.1)
Boid Radius= 9.999999
Boid Frame=
 -0.00143	0.86854	-0.49562	8.68539
-0.62711	0.38528	0.67698	3.85278
-0.77893	-0.31177	-0.54412	-3.11771
0.00000	0.00000	0.00000	1.00000

boidNo = 10
boid Wall No = 1
position = = (-0.2, 10.0, -0.6)
Boid Radius= 10
Boid Frame=
 -0.87043	-0.01899	0.49192	-0.18990
0.01470	0.99781	0.06453	9.97807
0.49207	-0.06341	0.86824	-0.63406
0.00000	0.00000	0.00000	1.00000

boidNo = 11
boid Wall No = 0
position = = (-4.3, -8.7, 2.5)
Boid Radius= 10
Boid Frame=
 0.28395	-0.43333	-0.85534	-4.33326
0.12818	-0.86689	0.48173	-8.66894
0.95023	0.24642	0.19061	2.46423
0.00000	0.00000	0.00000	1.00000

boidNo = 12
boid Wall No = 1
position = = (-1.0, 8.3, 5.4)
Boid Radius= 9.999999
Boid Frame=
 0.92044	-0.09892	0.37816	-0.98924
-0.13117	0.83318	0.53723	8.33176
0.36821	0.54409	-0.75391	5.44088
0.00000	0.00000	0.00000	1.00000

boidNo = 13
boid Wall No = 0
position = = (-9.6, -2.8, 0.8)
Boid Radius= 9.999999
Boid Frame=
 0.24571	-0.95742	-0.15156	-9.57422
-0.64288	-0.27797	0.71375	-2.77973
0.72549	0.07794	0.68381	0.77937
0.00000	0.00000	0.00000	1.00000

boidNo = 14
boid Wall No = 0
position = = (7.4, -3.2, 5.9)
Boid Radius= 10
Boid Frame=
 0.37458	0.73762	0.56179	7.37619
-0.53858	-0.32011	0.77940	-3.20115
-0.75474	0.59451	-0.27736	5.94512
0.00000	0.00000	0.00000	1.00000

