Iteration Num of Simuation:0
m_SimulationDeltaT of action plan:0
boidNo = 0
boid Wall No = 0
position = = (-5.2, -6.6, -5.5)
Boid Radius= 10
Boid Frame=
 -0.46385	-0.51672	-0.71961	-5.16723
-0.32652	-0.65538	0.68107	-6.55381
0.82354	-0.55088	-0.13528	-5.50884
0.00000	0.00000	0.00000	1.00000

boidNo = 1
boid Wall No = 0
position = = (-8.3, -5.5, -1.2)
Boid Radius= 10
Boid Frame=
 0.15865	-0.82696	-0.53941	-8.26959
-0.43110	-0.54952	0.71566	-5.49525
0.88824	-0.11900	0.44369	-1.19002
0.00000	0.00000	0.00000	1.00000

boidNo = 2
boid Wall No = 0
position = = (-4.9, -8.5, 1.8)
Boid Radius= 10
Boid Frame=
 0.19167	-0.48992	-0.85043	-4.89922
0.09894	-0.85244	0.51338	-8.52441
0.97646	0.18254	0.11492	1.82541
0.00000	0.00000	0.00000	1.00000

boidNo = 3
boid Wall No = 0
position = = (-0.1, -9.9, 1.2)
Boid Radius= 10
Boid Frame=
 0.81033	-0.01170	-0.58586	-0.11697
0.05798	-0.99329	0.10003	-9.93293
0.58310	0.11503	0.80422	1.15028
0.00000	0.00000	0.00000	1.00000

boidNo = 4
boid Wall No = 1
position = = (-1.8, 3.1, 9.3)
Boid Radius= 10
Boid Frame=
 0.66685	-0.18129	0.72280	-1.81288
-0.65898	0.30941	0.68557	3.09409
0.34793	0.93349	-0.08686	9.33489
0.00000	0.00000	0.00000	1.00000

boidNo = 5
boid Wall No = 0
position = = (7.1, -6.8, -1.9)
Boid Radius= 10
Boid Frame=
 -0.47595	0.70689	0.52324	7.06889
-0.26312	-0.68215	0.68223	-6.82150
-0.83919	-0.18703	-0.51067	-1.87029
0.00000	0.00000	0.00000	1.00000

boidNo = 6
boid Wall No = 1
position = = (6.4, 2.7, -7.2)
Boid Radius= 10
Boid Frame=
 -0.42871	0.63667	-0.64098	6.36673
-0.65556	0.26898	0.70562	2.68975
-0.62166	-0.72270	-0.30206	-7.22703
0.00000	0.00000	0.00000	1.00000

boidNo = 7
boid Wall No = 0
position = = (0.3, -10.0, 0.5)
Boid Radius= 10
Boid Frame=
 0.87090	0.03494	0.49022	0.34936
0.00630	-0.99818	0.05995	-9.98182
-0.49142	0.04912	0.86954	0.49121
0.00000	0.00000	0.00000	1.00000

boidNo = 8
boid Wall No = 0
position = = (1.9, -5.1, 8.4)
Boid Radius= 10
Boid Frame=
 0.81119	0.19385	0.55172	1.93854
-0.39938	-0.50550	0.76483	-5.05498
-0.42716	0.84077	0.33263	8.40769
0.00000	0.00000	0.00000	1.00000

boidNo = 9
boid Wall No = 1
position = = (-7.6, 6.2, -1.8)
Boid Radius= 10
Boid Frame=
 -0.51437	-0.76029	0.39670	-7.60294
-0.40717	0.62365	0.66729	6.23645
0.75474	-0.18171	0.63035	-1.81712
0.00000	0.00000	0.00000	1.00000

boidNo = 10
boid Wall No = 1
position = = (-1.0, 9.9, 0.8)
Boid Radius= 10
Boid Frame=
 0.15731	-0.10086	0.98239	-1.00856
-0.06720	0.99137	0.11254	9.91372
0.98526	0.08372	-0.14917	0.83724
0.00000	0.00000	0.00000	1.00000

boidNo = 11
boid Wall No = 0
position = = (8.3, -4.3, -3.7)
Boid Radius= 10
Boid Frame=
 -0.55882	0.82559	0.07828	8.25586
-0.52827	-0.42715	0.73381	-4.27152
-0.63926	-0.36871	-0.67483	-3.68712
0.00000	0.00000	0.00000	1.00000

boidNo = 12
boid Wall No = 1
position = = (7.8, 0.8, 6.2)
Boid Radius= 10
Boid Frame=
 0.47772	0.78321	0.39795	7.83209
-0.71492	0.08334	0.69422	0.83337
-0.51055	0.61615	-0.59975	6.16148
0.00000	0.00000	0.00000	1.00000

boidNo = 13
boid Wall No = 1
position = = (-1.6, 9.1, -3.9)
Boid Radius= 10
Boid Frame=
 -0.93834	-0.15885	0.30705	-1.58850
-0.01575	0.90690	0.42106	9.06897
0.34535	-0.39026	0.85348	-3.90262
0.00000	0.00000	0.00000	1.00000

boidNo = 14
boid Wall No = 0
position = = (8.4, -5.4, -0.8)
Boid Radius= 10
Boid Frame=
 -0.35862	0.84051	0.40611	8.40515
-0.43518	-0.53542	0.72384	-5.35415
-0.82584	-0.08286	-0.55779	-0.82856
0.00000	0.00000	0.00000	1.00000

