Iteration Num of Simuation:0
m_SimulationDeltaT of action plan:0
boidNo = 0
boid Wall No = 1
position = = (1.6, 7.7, 6.2)
Boid Radius= 10
Boid Frame=
 0.97490	0.15560	0.15926	1.55601
-0.22056	0.77275	0.59515	7.72754
0.03046	0.61534	-0.78768	6.15337
0.00000	0.00000	0.00000	1.00000

boidNo = 1
boid Wall No = 1
position = = (-7.3, 3.7, 5.7)
Boid Radius= 10
Boid Frame=
 0.24372	-0.72907	0.63957	-7.29072
-0.64143	0.37346	0.67015	3.73462
0.72744	0.57357	0.37663	5.73568
0.00000	0.00000	0.00000	1.00000

boidNo = 2
boid Wall No = 1
position = = (0.2, 9.1, -4.1)
Boid Radius= 10
Boid Frame=
 -0.99331	0.02356	-0.11308	0.23565
-0.02475	0.91282	0.40760	9.12823
-0.11283	-0.40767	0.90613	-4.07675
0.00000	0.00000	0.00000	1.00000

boidNo = 3
boid Wall No = 0
position = = (1.9, -3.3, 9.2)
Boid Radius= 10
Boid Frame=
 0.68440	0.18717	0.70467	1.87175
-0.63047	-0.33351	0.70092	-3.33509
-0.36621	0.92398	0.11025	9.23979
0.00000	0.00000	0.00000	1.00000

boidNo = 4
boid Wall No = 0
position = = (-2.1, -8.1, 5.4)
Boid Radius= 9.999999
Boid Frame=
 0.91941	-0.21410	-0.32991	-2.14103
0.01904	-0.81362	0.58109	-8.13617
0.39283	0.54054	0.74397	5.40544
0.00000	0.00000	0.00000	1.00000

boidNo = 5
boid Wall No = 1
position = = (2.9, 5.6, 7.8)
Boid Radius= 10
Boid Frame=
 0.86254	0.29154	0.41356	2.91537
-0.50439	0.56039	0.65693	5.60388
0.04023	0.77522	-0.63040	7.75224
0.00000	0.00000	0.00000	1.00000

boidNo = 6
boid Wall No = 0
position = = (-7.1, -1.4, 6.9)
Boid Radius= 9.999999
Boid Frame=
 0.59399	-0.71250	0.37353	-7.12499
-0.64475	-0.14394	0.75072	-1.43939
0.48112	0.68675	0.54488	6.86751
0.00000	0.00000	0.00000	1.00000

boidNo = 7
boid Wall No = 1
position = = (-2.9, 8.9, -3.6)
Boid Radius= 10
Boid Frame=
 -0.84105	-0.28601	0.45916	-2.86013
-0.04997	0.88625	0.46051	8.86246
0.53864	-0.36437	0.75967	-3.64370
0.00000	0.00000	0.00000	1.00000

boidNo = 8
boid Wall No = 1
position = = (3.7, 7.3, 5.8)
Boid Radius= 10
Boid Frame=
 0.92726	0.37389	0.01989	3.73888
-0.30642	0.72726	0.61417	7.27257
-0.21517	0.57559	-0.78892	5.75591
0.00000	0.00000	0.00000	1.00000

boidNo = 9
boid Wall No = 0
position = = (5.9, -7.9, 2.0)
Boid Radius= 10
Boid Frame=
 0.28606	0.58609	0.75807	5.86090
-0.02612	-0.78607	0.61759	-7.86066
-0.95786	0.19647	0.20955	1.96467
0.00000	0.00000	0.00000	1.00000

boidNo = 10
boid Wall No = 0
position = = (5.2, -7.9, 3.2)
Boid Radius= 10
Boid Frame=
 0.51053	0.51785	0.68643	5.17850
-0.00951	-0.79486	0.60672	-7.94858
-0.85981	0.31628	0.40088	3.16278
0.00000	0.00000	0.00000	1.00000

boidNo = 11
boid Wall No = 1
position = = (-1.2, 9.9, 0.7)
Boid Radius= 9.999999
Boid Frame=
 0.84883	-0.12150	0.51451	-1.21498
0.06480	0.98981	0.12682	9.89806
0.52468	0.07431	-0.84805	0.74308
0.00000	0.00000	0.00000	1.00000

boidNo = 12
boid Wall No = 1
position = = (4.8, 8.1, 3.3)
Boid Radius= 10
Boid Frame=
 0.74285	0.48059	-0.46605	4.80591
-0.18058	0.81421	0.55178	8.14206
-0.64464	0.32573	-0.69162	3.25733
0.00000	0.00000	0.00000	1.00000

boidNo = 13
boid Wall No = 0
position = = (1.3, -7.7, 6.3)
Boid Radius= 10
Boid Frame=
 0.93797	0.13337	0.32003	1.33374
-0.10773	-0.76525	0.63466	-7.65247
-0.32955	0.62977	0.70341	6.29768
0.00000	0.00000	0.00000	1.00000

boidNo = 14
boid Wall No = 0
position = = (-8.6, -4.2, 2.8)
Boid Radius= 10
Boid Frame=
 0.49764	-0.86197	-0.09676	-8.61971
-0.60223	-0.42364	0.67664	-4.23640
0.62424	0.27845	0.72993	2.78451
0.00000	0.00000	0.00000	1.00000

