Iteration Num of Simuation:0
m_SimulationDeltaT of action plan:0
boidNo = 0
boid Wall No = 1
position = = (-6.7, 7.0, -2.6)
Boid Radius= 9.999999
Boid Frame=
 -0.62776	-0.66899	0.39796	-6.68991
-0.34236	0.69644	0.63069	6.96436
0.69908	-0.25967	0.66623	-2.59668
0.00000	0.00000	0.00000	1.00000

boidNo = 1
boid Wall No = 0
position = = (-8.7, -2.6, 4.2)
Boid Radius= 10
Boid Frame=
 0.48111	-0.86881	0.11706	-8.68811
-0.64981	-0.26379	0.71285	-2.63792
0.58845	0.41902	0.69148	4.19024
0.00000	0.00000	0.00000	1.00000

boidNo = 2
boid Wall No = 0
position = = (2.4, -9.6, -1.6)
Boid Radius= 10
Boid Frame=
 0.57162	0.24104	0.78432	2.41039
0.27663	-0.95653	0.09235	-9.56529
-0.77248	-0.16417	0.61345	-1.64172
0.00000	0.00000	0.00000	1.00000

boidNo = 3
boid Wall No = 0
position = = (0.5, -10.0, -0.2)
Boid Radius= 10
Boid Frame=
 -0.13969	0.05439	0.98870	0.54395
0.01707	-0.99821	0.05733	-9.98209
-0.99005	-0.02489	-0.13852	-0.24887
0.00000	0.00000	0.00000	1.00000

boidNo = 4
boid Wall No = 1
position = = (6.8, 6.0, -4.2)
Boid Radius= 10
Boid Frame=
 -0.17821	0.67821	-0.71293	6.78209
-0.42516	0.60033	0.67737	6.00334
-0.88740	-0.42383	-0.18136	-4.23829
0.00000	0.00000	0.00000	1.00000

boidNo = 5
boid Wall No = 1
position = = (3.1, 2.2, -9.3)
Boid Radius= 9.999999
Boid Frame=
 -0.63609	0.30978	-0.70670	3.09784
-0.67552	0.21905	0.70405	2.19051
-0.37291	-0.92523	-0.06993	-9.25230
0.00000	0.00000	0.00000	1.00000

boidNo = 6
boid Wall No = 1
position = = (-2.4, 8.9, -3.9)
Boid Radius= 10
Boid Frame=
 -0.89618	-0.23794	0.37450	-2.37937
-0.04791	0.89101	0.45145	8.91012
0.44110	-0.38663	0.80991	-3.86632
0.00000	0.00000	0.00000	1.00000

boidNo = 7
boid Wall No = 1
position = = (6.9, 4.5, 5.7)
Boid Radius= 9.999999
Boid Frame=
 0.71926	0.68902	0.08895	6.89021
-0.52293	0.45263	0.72227	4.52631
-0.45740	0.56602	-0.68587	5.66017
0.00000	0.00000	0.00000	1.00000

boidNo = 8
boid Wall No = 1
position = = (-0.1, 10.0, 0.7)
Boid Radius= 10
Boid Frame=
 0.97251	-0.00769	-0.23274	-0.07693
0.02319	0.99769	0.06392	9.97686
-0.23171	0.06755	-0.97044	0.67555
0.00000	0.00000	0.00000	1.00000

boidNo = 9
boid Wall No = 0
position = = (7.7, -1.4, 6.2)
Boid Radius= 10
Boid Frame=
 0.36980	0.76825	0.52253	7.68252
-0.69512	-0.14440	0.70424	-1.44401
-0.61649	0.62365	-0.48063	6.23649
0.00000	0.00000	0.00000	1.00000

boidNo = 10
boid Wall No = 1
position = = (1.0, 9.9, -0.8)
Boid Radius= 9.999999
Boid Frame=
 -0.91503	0.10306	-0.39000	1.03056
0.06210	0.99128	0.11625	9.91277
-0.39858	-0.08216	0.91345	-0.82155
0.00000	0.00000	0.00000	1.00000

boidNo = 11
boid Wall No = 1
position = = (7.9, 5.8, -2.0)
Boid Radius= 10
Boid Frame=
 0.11643	0.78733	-0.60544	7.87330
-0.45579	0.58396	0.67175	5.83961
-0.88244	-0.19774	-0.42684	-1.97741
0.00000	0.00000	0.00000	1.00000

boidNo = 12
boid Wall No = 0
position = = (1.5, -0.7, -9.9)
Boid Radius= 10
Boid Frame=
 -0.70949	0.14788	-0.68902	1.47878
-0.70266	-0.07392	0.70767	-0.73922
-0.05372	-0.98624	-0.15636	-9.86239
0.00000	0.00000	0.00000	1.00000

boidNo = 13
boid Wall No = 0
position = = (4.9, -8.6, -1.5)
Boid Radius= 10
Boid Frame=
 -0.14564	0.48927	0.85989	4.89271
0.08735	-0.85940	0.50379	-8.59399
-0.98547	-0.14848	-0.08242	-1.48482
0.00000	0.00000	0.00000	1.00000

boidNo = 14
boid Wall No = 1
position = = (-1.8, 7.8, -6.0)
Boid Radius= 10
Boid Frame=
 -0.97328	-0.17964	-0.14300	-1.79638
-0.22947	0.78241	0.57895	7.82410
-0.00788	-0.59629	0.80273	-5.96292
0.00000	0.00000	0.00000	1.00000

