Iteration Num of Simuation:0
m_SimulationDeltaT of action plan:0
boidNo = 0
boid Wall No = 0
position = = (3.5, -6.6, -6.7)
Boid Radius= 10
Boid Frame=
 -0.93450	0.34905	-0.06980	3.49049
-0.29719	-0.65712	0.69273	-6.57124
-0.19593	-0.66810	-0.71782	-6.68096
0.00000	0.00000	0.00000	1.00000

boidNo = 1
boid Wall No = 0
position = = (-2.4, -7.9, 5.7)
Boid Radius= 10
Boid Frame=
 0.93626	-0.23828	-0.25816	-2.38277
-0.03019	-0.78669	0.61661	-7.86687
0.35001	0.56952	0.74374	5.69515
0.00000	0.00000	0.00000	1.00000

boidNo = 2
boid Wall No = 0
position = = (-3.9, -2.0, 9.0)
Boid Radius= 9.999999
Boid Frame=
 0.63459	-0.38835	0.66819	-3.88354
-0.76596	-0.20090	0.61069	-2.00902
0.10292	0.89934	0.42496	8.99344
0.00000	0.00000	0.00000	1.00000

boidNo = 3
boid Wall No = 1
position = = (2.1, 9.7, -0.7)
Boid Radius= 10
Boid Frame=
 -0.56244	0.21298	-0.79894	2.12978
0.06692	0.97481	0.21275	9.74812
-0.82413	-0.06619	0.56252	-0.66190
0.00000	0.00000	0.00000	1.00000

boidNo = 4
boid Wall No = 1
position = = (1.7, 9.9, 0.1)
Boid Radius= 10
Boid Frame=
 0.80174	0.17179	-0.57245	1.71792
-0.13494	0.98510	0.10663	9.85099
-0.58224	0.00824	-0.81298	0.08243
0.00000	0.00000	0.00000	1.00000

boidNo = 5
boid Wall No = 1
position = = (-4.1, 7.5, 5.2)
Boid Radius= 10
Boid Frame=
 0.55963	-0.40555	0.72273	-4.05550
-0.24745	0.75053	0.61276	7.50529
0.79093	0.52176	-0.31967	5.21763
0.00000	0.00000	0.00000	1.00000

boidNo = 6
boid Wall No = 0
position = = (-4.3, -1.1, 9.0)
Boid Radius= 10
Boid Frame=
 0.69903	-0.42606	0.57431	-4.26056
-0.66963	-0.10822	0.73476	-1.08225
0.25090	0.89820	0.36095	8.98200
0.00000	0.00000	0.00000	1.00000

boidNo = 7
boid Wall No = 1
position = = (3.5, 9.3, -0.7)
Boid Radius= 9.999999
Boid Frame=
 -0.25116	0.35071	-0.90218	3.50707
0.02542	0.93412	0.35605	9.34122
-0.96761	-0.06649	0.24353	-0.66494
0.00000	0.00000	0.00000	1.00000

boidNo = 8
boid Wall No = 1
position = = (1.2, 9.2, 3.7)
Boid Radius= 10
Boid Frame=
 0.95122	0.11842	-0.28487	1.18422
0.00302	0.91977	0.39245	9.19769
-0.30849	0.37417	-0.87455	3.74167
0.00000	0.00000	0.00000	1.00000

boidNo = 9
boid Wall No = 1
position = = (-1.5, 6.9, 7.1)
Boid Radius= 10
Boid Frame=
 0.76296	-0.15023	0.62875	-1.50234
-0.37602	0.68802	0.62068	6.88022
0.52584	0.70997	-0.46844	7.09969
0.00000	0.00000	0.00000	1.00000

boidNo = 10
boid Wall No = 0
position = = (2.3, -2.3, 9.4)
Boid Radius= 10
Boid Frame=
 0.63900	0.23070	0.73380	2.30703
-0.69591	-0.23303	0.67927	-2.33032
-0.32771	0.94471	-0.01164	9.44708
0.00000	0.00000	0.00000	1.00000

boidNo = 11
boid Wall No = 0
position = = (4.9, -2.9, 8.2)
Boid Radius= 10
Boid Frame=
 0.47710	0.49197	0.72824	4.91970
-0.69822	-0.29104	0.65405	-2.91040
-0.53372	0.82053	-0.20465	8.20525
0.00000	0.00000	0.00000	1.00000

boidNo = 12
boid Wall No = 1
position = = (1.1, 6.8, -7.3)
Boid Radius= 10
Boid Frame=
 -0.81250	0.11161	-0.57218	1.11608
-0.35806	0.67901	0.64089	6.79009
-0.46004	-0.72560	0.51173	-7.25597
0.00000	0.00000	0.00000	1.00000

boidNo = 13
boid Wall No = 1
position = = (-3.3, 9.4, -1.2)
Boid Radius= 10
Boid Frame=
 -0.33718	-0.32909	0.88205	-3.29093
0.00128	0.93675	0.34999	9.36752
0.94144	-0.11914	0.31543	-1.19140
0.00000	0.00000	0.00000	1.00000

boidNo = 14
boid Wall No = 0
position = = (6.9, -5.4, -4.8)
Boid Radius= 10
Boid Frame=
 -0.70837	0.69014	0.14805	6.90139
-0.36770	-0.53985	0.75721	-5.39849
-0.60250	-0.48195	-0.63617	-4.81946
0.00000	0.00000	0.00000	1.00000

