Iteration Num of Simuation:0
m_SimulationDeltaT of action plan:0
boidNo = 0
boid Wall No = 0
position = = (-7.3, -5.1, 4.6)
Boid Radius= 9.999999
Boid Frame=
 0.67924	-0.72936	-0.08167	-7.29358
-0.45851	-0.50860	0.72876	-5.08604
0.57307	0.45756	0.67988	4.57557
0.00000	0.00000	0.00000	1.00000

boidNo = 1
boid Wall No = 0
position = = (9.6, -2.5, -1.4)
Boid Radius= 10
Boid Frame=
 -0.25720	0.95965	0.11371	9.59645
-0.56625	-0.24501	0.78697	-2.45012
-0.78307	-0.13802	-0.60642	-1.38023
0.00000	0.00000	0.00000	1.00000

boidNo = 2
boid Wall No = 1
position = = (-3.6, 5.6, 7.4)
Boid Radius= 10
Boid Frame=
 0.60790	-0.36240	0.70649	-3.62401
-0.46062	0.56379	0.68554	5.63792
0.64675	0.74216	-0.17580	7.42162
0.00000	0.00000	0.00000	1.00000

boidNo = 3
boid Wall No = 0
position = = (-0.8, -9.7, 2.3)
Boid Radius= 10
Boid Frame=
 0.97119	-0.08356	-0.22316	-0.83559
-0.02752	-0.96957	0.24327	-9.69568
0.23670	0.23012	0.94394	2.30123
0.00000	0.00000	0.00000	1.00000

boidNo = 4
boid Wall No = 1
position = = (0.2, 2.7, 9.6)
Boid Radius= 10
Boid Frame=
 0.79326	0.02336	0.60843	0.23359
-0.59153	0.26644	0.76099	2.66444
0.14434	0.96357	-0.22518	9.63567
0.00000	0.00000	0.00000	1.00000

boidNo = 5
boid Wall No = 0
position = = (6.6, -3.0, -6.9)
Boid Radius= 10
Boid Frame=
 -0.63179	0.66070	-0.40536	6.60696
-0.71860	-0.30319	0.62585	-3.03188
-0.29060	-0.68670	-0.66633	-6.86700
0.00000	0.00000	0.00000	1.00000

boidNo = 6
boid Wall No = 0
position = = (-1.1, -4.6, 8.8)
Boid Radius= 10
Boid Frame=
 0.88193	-0.10986	0.45841	-1.09857
-0.45458	-0.45560	0.76537	-4.55603
-0.12477	0.88338	0.45175	8.83379
0.00000	0.00000	0.00000	1.00000

boidNo = 7
boid Wall No = 1
position = = (2.9, 7.9, 5.4)
Boid Radius= 10
Boid Frame=
 0.95346	0.29008	-0.08227	2.90083
-0.18972	0.78922	0.58407	7.89223
-0.23436	0.54128	-0.80753	5.41276
0.00000	0.00000	0.00000	1.00000

boidNo = 8
boid Wall No = 0
position = = (-8.8, -3.1, 3.5)
Boid Radius= 10
Boid Frame=
 0.26329	-0.88411	0.38606	-8.84105
-0.94947	-0.30835	-0.05862	-3.08349
-0.17087	0.35111	0.92061	3.51112
0.00000	0.00000	0.00000	1.00000

boidNo = 9
boid Wall No = 0
position = = (8.2, -4.9, -3.0)
Boid Radius= 10
Boid Frame=
 -0.52842	0.81916	0.22305	8.19162
-0.43408	-0.48647	0.75824	-4.86467
-0.72963	-0.30385	-0.61264	-3.03846
0.00000	0.00000	0.00000	1.00000

boidNo = 10
boid Wall No = 1
position = = (-7.4, 1.7, -6.5)
Boid Radius= 10
Boid Frame=
 -0.51238	-0.74102	-0.43399	-7.41023
-0.76673	0.16714	0.61983	1.67141
0.38677	-0.65035	0.65380	-6.50346
0.00000	0.00000	0.00000	1.00000

boidNo = 11
boid Wall No = 0
position = = (2.3, -9.6, -1.9)
Boid Radius= 10
Boid Frame=
 -0.59341	0.22658	0.77235	2.26583
0.01638	-0.95596	0.29303	-9.55962
-0.80473	-0.18654	-0.56357	-1.86539
0.00000	0.00000	0.00000	1.00000

boidNo = 12
boid Wall No = 0
position = = (3.8, -7.7, 5.1)
Boid Radius= 10
Boid Frame=
 0.75109	0.37513	0.54327	3.75134
-0.07053	-0.77258	0.63099	-7.72580
-0.65642	0.51224	0.55382	5.12244
0.00000	0.00000	0.00000	1.00000

boidNo = 13
boid Wall No = 1
position = = (2.4, 9.5, -2.2)
Boid Radius= 9.999999
Boid Frame=
 -0.72715	0.24017	-0.64310	2.40168
0.02671	0.94599	0.32308	9.45994
-0.68596	-0.21775	0.69429	-2.17749
0.00000	0.00000	0.00000	1.00000

boidNo = 14
boid Wall No = 0
position = = (7.9, -3.6, -4.9)
Boid Radius= 10
Boid Frame=
 -0.61223	0.79068	-0.00120	7.90682
-0.47178	-0.36408	0.80304	-3.64081
-0.63451	-0.49221	-0.59593	-4.92206
0.00000	0.00000	0.00000	1.00000

boidNo = 15
boid Wall No = 1
position = = (-2.2, 9.5, 2.1)
Boid Radius= 10
Boid Frame=
 0.64919	-0.21779	0.72878	-2.17789
-0.01659	0.95385	0.29983	9.53848
0.76044	0.20674	-0.61562	2.06741
0.00000	0.00000	0.00000	1.00000

boidNo = 16
boid Wall No = 1
position = = (-3.2, 5.9, -7.4)
Boid Radius= 10
Boid Frame=
 -0.91077	-0.32005	-0.26089	-3.20045
-0.40706	0.58994	0.69734	5.89936
0.06927	-0.74131	0.66757	-7.41314
0.00000	0.00000	0.00000	1.00000

boidNo = 17
boid Wall No = 1
position = = (2.8, 9.3, -2.5)
Boid Radius= 10
Boid Frame=
 -0.19921	0.27663	-0.94010	2.76634
-0.19791	0.92820	0.31507	9.28204
-0.95976	-0.24882	0.13016	-2.48821
0.00000	0.00000	0.00000	1.00000

boidNo = 18
boid Wall No = 1
position = = (0.7, 9.9, -0.9)
Boid Radius= 10
Boid Frame=
 -0.98536	0.07073	-0.15514	0.70733
0.05477	0.99298	0.10484	9.92979
-0.16146	-0.09481	0.98231	-0.94812
0.00000	0.00000	0.00000	1.00000

boidNo = 19
boid Wall No = 0
position = = (-9.0, -2.1, -3.9)
Boid Radius= 10
Boid Frame=
 -0.11160	-0.89711	-0.42749	-8.97105
-0.75193	-0.20502	0.62655	-2.05019
0.64972	-0.39137	0.65168	-3.91368
0.00000	0.00000	0.00000	1.00000

