Iteration Num of Simuation:0
m_SimulationDeltaT of action plan:0
boidNo = 0
boid Wall No = 0
position = = (-0.3, -6.5, -7.6)
Boid Radius= 10
Boid Frame=
 -0.12108	-0.03037	-0.99218	-0.30370
-0.75529	-0.64576	0.11194	-6.45765
0.64411	-0.76293	-0.05525	-7.62932
0.00000	0.00000	0.00000	1.00000

boidNo = 1
boid Wall No = 0
position = = (-9.8, -1.1, 1.5)
Boid Radius= 9.999999
Boid Frame=
 0.18213	-0.98182	0.05348	-9.81820
-0.77840	-0.11073	0.61793	-1.10735
0.60077	0.15417	0.78441	1.54165
0.00000	0.00000	0.00000	1.00000

boidNo = 2
boid Wall No = 0
position = = (-3.2, -9.1, 2.6)
Boid Radius= 10
Boid Frame=
 0.76800	-0.31731	-0.55632	-3.17310
-0.08703	-0.91229	0.40020	-9.12288
0.63451	0.25893	0.72825	2.58932
0.00000	0.00000	0.00000	1.00000

boidNo = 3
boid Wall No = 1
position = = (-5.0, 7.3, -4.7)
Boid Radius= 10
Boid Frame=
 -0.86666	-0.49816	-0.02710	-4.98159
-0.43531	0.72854	0.52889	7.28545
0.24373	-0.47017	0.84826	-4.70170
0.00000	0.00000	0.00000	1.00000

boidNo = 4
boid Wall No = 0
position = = (-1.6, -2.3, -9.6)
Boid Radius= 10
Boid Frame=
 -0.40111	-0.15535	-0.90276	-1.55349
-0.87437	-0.22889	0.42788	-2.28886
0.27310	-0.96098	0.04402	-9.60978
0.00000	0.00000	0.00000	1.00000

boidNo = 5
boid Wall No = 0
position = = (-5.8, -7.8, 2.3)
Boid Radius= 10
Boid Frame=
 0.54661	-0.58030	-0.60372	-5.80297
-0.16345	-0.78102	0.60273	-7.81022
0.82128	0.23078	0.52177	2.30782
0.00000	0.00000	0.00000	1.00000

boidNo = 6
boid Wall No = 1
position = = (5.5, 6.2, -5.6)
Boid Radius= 9.999999
Boid Frame=
 -0.39020	0.54768	-0.74013	5.47675
-0.40850	0.61743	0.67224	6.17425
-0.82515	-0.56466	0.01719	-5.64657
0.00000	0.00000	0.00000	1.00000

boidNo = 7
boid Wall No = 1
position = = (0.0, 10.0, 0.8)
Boid Radius= 10
Boid Frame=
 0.97624	-0.00267	-0.21670	-0.02670
0.02027	0.99666	0.07906	9.96664
-0.21576	0.08157	-0.97303	0.81572
0.00000	0.00000	0.00000	1.00000

boidNo = 8
boid Wall No = 0
position = = (-7.2, -7.0, -0.4)
Boid Radius= 10
Boid Frame=
 0.27860	-0.71586	-0.64025	-7.15864
-0.33551	-0.69719	0.63353	-6.97188
0.89990	-0.03831	0.43442	-0.38307
0.00000	0.00000	0.00000	1.00000

boidNo = 9
boid Wall No = 1
position = = (0.6, 9.6, -2.8)
Boid Radius= 10
Boid Frame=
 -0.98093	0.05553	-0.18624	0.55535
0.00005	0.95837	0.28552	9.58373
-0.19434	-0.28006	0.94010	-2.80065
0.00000	0.00000	0.00000	1.00000

boidNo = 10
boid Wall No = 0
position = = (8.3, -4.0, -4.0)
Boid Radius= 10
Boid Frame=
 -0.56137	0.82732	-0.02002	8.27325
-0.60955	-0.39700	0.68618	-3.97000
-0.55974	-0.39740	-0.72716	-3.97398
0.00000	0.00000	0.00000	1.00000

boidNo = 11
boid Wall No = 1
position = = (-3.0, 9.1, 2.8)
Boid Radius= 10
Boid Frame=
 0.22405	-0.29898	0.92758	-2.98985
-0.21294	0.91377	0.34597	9.13765
0.95103	0.27503	-0.14107	2.75031
0.00000	0.00000	0.00000	1.00000

boidNo = 12
boid Wall No = 0
position = = (0.0, -9.7, 2.2)
Boid Radius= 10
Boid Frame=
 0.99350	-0.00266	0.11379	-0.02663
-0.02812	-0.97447	0.22274	-9.74473
-0.11029	0.22449	0.96822	2.24490
0.00000	0.00000	0.00000	1.00000

boidNo = 13
boid Wall No = 0
position = = (-1.8, -9.8, 1.0)
Boid Radius= 10
Boid Frame=
 0.39643	-0.18147	-0.89995	-1.81475
0.01584	-0.97877	0.20435	-9.78770
0.91793	0.09527	0.38514	0.95268
0.00000	0.00000	0.00000	1.00000

boidNo = 14
boid Wall No = 1
position = = (-1.0, 9.9, -1.0)
Boid Radius= 10
Boid Frame=
 -0.87290	-0.09632	0.47830	-0.96321
-0.03400	0.98995	0.13730	9.89945
0.48671	-0.10359	0.86740	-1.03588
0.00000	0.00000	0.00000	1.00000

boidNo = 15
boid Wall No = 1
position = = (-0.4, 9.9, -1.2)
Boid Radius= 10
Boid Frame=
 -0.93140	-0.04077	-0.36170	-0.40768
-0.08125	0.99192	0.09743	9.91920
-0.35480	-0.12014	0.92719	-1.20139
0.00000	0.00000	0.00000	1.00000

boidNo = 16
boid Wall No = 1
position = = (-1.2, 5.4, -8.3)
Boid Radius= 10
Boid Frame=
 -0.72224	-0.12420	-0.68040	-1.24196
-0.62315	0.54369	0.56222	5.43685
-0.30010	-0.83005	0.47006	-8.30049
0.00000	0.00000	0.00000	1.00000

boidNo = 17
boid Wall No = 1
position = = (3.2, 0.6, -9.4)
Boid Radius= 10
Boid Frame=
 -0.59085	0.32334	-0.73915	3.23343
-0.76648	0.06096	0.63936	0.60957
-0.25179	-0.94432	-0.21182	-9.44316
0.00000	0.00000	0.00000	1.00000

boidNo = 18
boid Wall No = 0
position = = (-0.2, -9.8, 2.0)
Boid Radius= 10
Boid Frame=
 0.99824	-0.02204	0.05513	-0.22042
-0.03275	-0.97891	0.20165	-9.78909
-0.04953	0.20310	0.97790	2.03105
0.00000	0.00000	0.00000	1.00000

boidNo = 19
boid Wall No = 1
position = = (5.7, 8.2, -0.5)
Boid Radius= 10
Boid Frame=
 0.29236	0.56651	-0.77045	5.66508
-0.25860	0.82247	0.50662	8.22469
-0.92068	-0.05112	-0.38696	-0.51124
0.00000	0.00000	0.00000	1.00000

