Iteration Num of Simuation:0
m_SimulationDeltaT of action plan:0
boidNo = 0
boid Wall No = 1
position = = (-3.9, 6.3, 6.7)
Boid Radius= 10
Boid Frame=
 0.57508	-0.38821	0.72012	-3.88212
-0.40049	0.63396	0.66159	6.33961
0.71337	0.66887	-0.20910	6.68869
0.00000	0.00000	0.00000	1.00000

boidNo = 1
boid Wall No = 1
position = = (0.6, 9.8, 2.1)
Boid Radius= 9.999999
Boid Frame=
 0.86198	0.06150	-0.50319	0.61502
0.05495	0.97543	0.21335	9.75429
-0.50395	0.21156	-0.83743	2.11556
0.00000	0.00000	0.00000	1.00000

boidNo = 2
boid Wall No = 1
position = = (2.6, 5.3, -8.1)
Boid Radius= 10
Boid Frame=
 -0.64704	0.25829	-0.71737	2.58286
-0.52872	0.52592	0.66623	5.25918
-0.54936	-0.81037	0.20373	-8.10369
0.00000	0.00000	0.00000	1.00000

boidNo = 3
boid Wall No = 1
position = = (-7.5, 0.6, -6.6)
Boid Radius= 10
Boid Frame=
 -0.49925	-0.75238	-0.42974	-7.52379
-0.70263	0.06133	0.70891	0.61334
0.50701	-0.65587	0.55927	-6.55869
0.00000	0.00000	0.00000	1.00000

boidNo = 4
boid Wall No = 1
position = = (4.1, 9.1, 0.0)
Boid Radius= 10
Boid Frame=
 0.08056	0.41284	-0.90723	4.12845
-0.03112	0.91079	0.41170	9.10788
-0.99626	0.00494	-0.08622	0.04936
0.00000	0.00000	0.00000	1.00000

boidNo = 5
boid Wall No = 0
position = = (-0.2, -9.9, -1.6)
Boid Radius= 10
Boid Frame=
 -0.63049	-0.01570	0.77604	-0.15705
0.13536	-0.98670	0.09000	-9.86701
-0.76430	-0.16179	-0.62423	-1.61786
0.00000	0.00000	0.00000	1.00000

boidNo = 6
boid Wall No = 0
position = = (0.2, -9.9, 1.6)
Boid Radius= 10
Boid Frame=
 0.91996	0.02378	-0.39129	0.23777
0.08430	-0.98681	0.13823	-9.86805
0.38284	0.16016	0.90983	1.60156
0.00000	0.00000	0.00000	1.00000

boidNo = 7
boid Wall No = 1
position = = (2.7, 9.6, 0.4)
Boid Radius= 10
Boid Frame=
 -0.08011	0.26800	-0.96008	2.67997
0.06087	0.96270	0.26365	9.62697
-0.99493	0.03731	0.09344	0.37314
0.00000	0.00000	0.00000	1.00000

boidNo = 8
boid Wall No = 0
position = = (6.4, -6.0, -4.8)
Boid Radius= 10
Boid Frame=
 -0.73965	0.63788	0.21454	6.37881
-0.30787	-0.60418	0.73497	-6.04184
-0.59844	-0.47757	-0.64327	-4.77567
0.00000	0.00000	0.00000	1.00000

boidNo = 9
boid Wall No = 0
position = = (-4.9, -0.4, 8.7)
Boid Radius= 10
Boid Frame=
 0.66530	-0.48810	0.56492	-4.88102
-0.66249	-0.03709	0.74816	-0.37087
0.34422	0.87200	0.34803	8.71998
0.00000	0.00000	0.00000	1.00000

boidNo = 10
boid Wall No = 1
position = = (-9.9, 0.3, -1.4)
Boid Radius= 10
Boid Frame=
 -0.12684	-0.98930	-0.07203	-9.89304
-0.67536	0.03295	0.73676	0.32948
0.72650	-0.14210	0.67231	-1.42096
0.00000	0.00000	0.00000	1.00000

boidNo = 11
boid Wall No = 0
position = = (-9.7, -2.4, 0.3)
Boid Radius= 10
Boid Frame=
 0.18016	-0.97006	-0.16289	-9.70056
-0.62155	-0.24062	0.74551	-2.40619
0.76238	0.03307	0.64629	0.33073
0.00000	0.00000	0.00000	1.00000

boidNo = 12
boid Wall No = 0
position = = (5.4, -7.3, -4.3)
Boid Radius= 10
Boid Frame=
 -0.71683	0.54028	0.44074	5.40284
-0.13100	-0.72522	0.67594	-7.25216
-0.68483	-0.42680	-0.59063	-4.26795
0.00000	0.00000	0.00000	1.00000

boidNo = 13
boid Wall No = 1
position = = (-1.2, 0.1, -9.9)
Boid Radius= 10
Boid Frame=
 -0.69538	-0.12482	-0.70772	-1.24825
-0.71448	0.01414	0.69952	0.14144
0.07731	-0.99208	0.09902	-9.92078
0.00000	0.00000	0.00000	1.00000

boidNo = 14
boid Wall No = 1
position = = (1.9, 5.4, -8.2)
Boid Radius= 9.999999
Boid Frame=
 -0.67989	0.19206	-0.70772	1.92064
-0.53055	0.53740	0.65553	5.37403
-0.50623	-0.82116	0.26347	-8.21163
0.00000	0.00000	0.00000	1.00000

