Iteration Num of Simuation:0
m_SimulationDeltaT of action plan:0
boidNo = 0
boid Wall No = 1
position = = (-0.9, 8.3, -5.5)
Boid Radius= 10
Boid Frame=
 -0.72735	-0.08824	-0.68057	-0.88236
-0.43090	0.83056	0.35284	8.30560
-0.53412	-0.54990	0.64213	-5.49895
0.00000	0.00000	0.00000	1.00000

boidNo = 1
boid Wall No = 1
position = = (0.2, 4.6, 8.9)
Boid Radius= 9.999999
Boid Frame=
 0.83082	0.01579	0.55632	0.15790
-0.50140	0.45506	0.73588	4.55060
0.24154	0.89032	-0.38599	8.90321
0.00000	0.00000	0.00000	1.00000

boidNo = 2
boid Wall No = 1
position = = (-9.4, 1.9, -3.0)
Boid Radius= 10
Boid Frame=
 -0.34866	-0.93590	-0.05018	-9.35905
-0.61653	0.18870	0.76438	1.88702
0.70592	-0.29745	0.64281	-2.97445
0.00000	0.00000	0.00000	1.00000

boidNo = 3
boid Wall No = 1
position = = (8.8, 4.7, -0.3)
Boid Radius= 10
Boid Frame=
 0.23400	0.87958	-0.41423	8.79581
-0.49213	0.47460	0.72977	4.74597
-0.83849	-0.03309	-0.54392	-0.33087
0.00000	0.00000	0.00000	1.00000

boidNo = 4
boid Wall No = 1
position = = (7.6, 4.3, -4.8)
Boid Radius= 10
Boid Frame=
 -0.15220	0.76260	-0.62871	7.62604
-0.60773	0.42944	0.66802	4.29439
-0.77942	-0.48375	-0.39810	-4.83754
0.00000	0.00000	0.00000	1.00000

boidNo = 5
boid Wall No = 1
position = = (-6.1, 4.0, -6.9)
Boid Radius= 10
Boid Frame=
 -0.75477	-0.61004	-0.24121	-6.10039
-0.55453	0.39690	0.73141	3.96896
0.35046	-0.68580	0.63785	-6.85803
0.00000	0.00000	0.00000	1.00000

boidNo = 6
boid Wall No = 0
position = = (7.6, -3.7, -5.3)
Boid Radius= 10
Boid Frame=
 -0.63572	0.76376	-0.11197	7.63757
-0.57763	-0.37445	0.72535	-3.74452
-0.51206	-0.52580	-0.67922	-5.25795
0.00000	0.00000	0.00000	1.00000

boidNo = 7
boid Wall No = 0
position = = (-4.5, -5.8, -6.8)
Boid Radius= 10
Boid Frame=
 -0.64412	-0.45440	-0.61533	-4.54395
-0.31384	-0.57662	0.75433	-5.76621
0.69758	-0.67899	-0.22880	-6.78995
0.00000	0.00000	0.00000	1.00000

boidNo = 8
boid Wall No = 1
position = = (2.6, 8.5, -4.7)
Boid Radius= 10
Boid Frame=
 -0.26766	0.25947	-0.92792	2.59469
-0.40056	0.84593	0.35208	8.45926
-0.87631	-0.46593	0.12249	-4.65925
0.00000	0.00000	0.00000	1.00000

boidNo = 9
boid Wall No = 0
position = = (2.5, -9.6, -1.4)
Boid Radius= 9.999999
Boid Frame=
 -0.46603	0.25087	0.84846	2.50867
0.00828	-0.95768	0.28771	-9.57682
-0.88473	-0.14111	-0.44423	-1.41106
0.00000	0.00000	0.00000	1.00000

boidNo = 10
boid Wall No = 1
position = = (3.3, 8.8, 3.4)
Boid Radius= 10
Boid Frame=
 0.93372	0.33120	0.13591	3.31205
-0.35769	0.87893	0.31549	8.78931
0.01497	0.34320	-0.93914	3.43196
0.00000	0.00000	0.00000	1.00000

boidNo = 11
boid Wall No = 0
position = = (-5.9, -1.0, -8.0)
Boid Radius= 10
Boid Frame=
 -0.62458	-0.59371	-0.50736	-5.93710
-0.56557	-0.10413	0.81810	-1.04133
0.53855	-0.79791	0.27075	-7.97913
0.00000	0.00000	0.00000	1.00000

boidNo = 12
boid Wall No = 0
position = = (6.9, -6.6, 3.0)
Boid Radius= 10
Boid Frame=
 0.18800	0.68867	0.70028	6.88674
-0.23981	-0.65922	0.71268	-6.59223
-0.95244	0.30192	-0.04122	3.01916
0.00000	0.00000	0.00000	1.00000

boidNo = 13
boid Wall No = 1
position = = (0.0, 9.8, -2.2)
Boid Radius= 10
Boid Frame=
 -0.80040	0.00006	-0.59947	0.00060
-0.12981	0.97626	0.17342	9.76256
-0.58525	-0.21662	0.78138	-2.16621
0.00000	0.00000	0.00000	1.00000

boidNo = 14
boid Wall No = 0
position = = (-1.6, -1.8, 9.7)
Boid Radius= 10
Boid Frame=
 0.74770	-0.15811	0.64494	-1.58105
-0.66402	-0.18344	0.72486	-1.83444
-0.00371	0.97023	0.24215	9.70232
0.00000	0.00000	0.00000	1.00000

