Iteration Num of Simuation:0
m_SimulationDeltaT of action plan:0
boidNo = 0
boid Wall No = 0
position = = (1.2, -5.1, 8.5)
Boid Radius= 10
Boid Frame=
 0.83791	0.12136	0.53215	1.21355
-0.40675	-0.51129	0.75706	-5.11290
-0.36396	0.85080	0.37905	8.50797
0.00000	0.00000	0.00000	1.00000

boidNo = 1
boid Wall No = 0
position = = (-7.8, -6.1, -1.5)
Boid Radius= 10
Boid Frame=
 0.48894	-0.78181	-0.38692	-7.81808
-0.74349	-0.60549	0.28391	-6.05489
0.45624	-0.14886	0.87732	-1.48858
0.00000	0.00000	0.00000	1.00000

boidNo = 2
boid Wall No = 0
position = = (-7.7, -2.4, -5.9)
Boid Radius= 9.999999
Boid Frame=
 -0.39298	-0.76967	-0.50317	-7.69668
-0.54934	-0.24232	0.79969	-2.42317
0.73743	-0.59067	0.32758	-5.90672
0.00000	0.00000	0.00000	1.00000

boidNo = 3
boid Wall No = 1
position = = (-5.5, 7.5, 3.7)
Boid Radius= 10
Boid Frame=
 0.26242	-0.54821	0.79411	-5.48206
-0.26635	0.74983	0.60566	7.49825
0.92747	0.37045	-0.05076	3.70448
0.00000	0.00000	0.00000	1.00000

boidNo = 4
boid Wall No = 1
position = = (-2.0, 9.3, -3.2)
Boid Radius= 10
Boid Frame=
 -0.86946	-0.19762	0.45275	-1.97618
-0.01281	0.92521	0.37923	9.25214
0.49384	-0.32392	0.80697	-3.23922
0.00000	0.00000	0.00000	1.00000

boidNo = 5
boid Wall No = 0
position = = (-1.6, -4.8, -8.6)
Boid Radius= 10
Boid Frame=
 0.31775	-0.15573	-0.93530	-1.55728
-0.84955	-0.48481	-0.20790	-4.84809
0.42107	-0.86064	0.28635	-8.60645
0.00000	0.00000	0.00000	1.00000

boidNo = 6
boid Wall No = 1
position = = (3.8, 4.5, 8.1)
Boid Radius= 10
Boid Frame=
 0.83511	0.37780	0.39983	3.77795
-0.54319	0.45168	0.70776	4.51685
-0.08679	0.80824	-0.58242	8.08240
0.00000	0.00000	0.00000	1.00000

boidNo = 7
boid Wall No = 0
position = = (-2.5, -8.6, -4.5)
Boid Radius= 10
Boid Frame=
 -0.90918	-0.25144	-0.33191	-2.51439
0.04929	-0.85649	0.51381	-8.56488
0.41347	-0.45078	-0.79110	-4.50785
0.00000	0.00000	0.00000	1.00000

boidNo = 8
boid Wall No = 1
position = = (0.6, 10.0, 0.6)
Boid Radius= 10
Boid Frame=
 0.30984	0.05605	-0.94914	0.56047
0.04215	0.99647	0.07260	9.96470
-0.94985	0.06250	-0.30638	0.62502
0.00000	0.00000	0.00000	1.00000

boidNo = 9
boid Wall No = 1
position = = (-8.4, 4.0, -3.6)
Boid Radius= 10
Boid Frame=
 -0.53110	-0.84476	0.06569	-8.44756
-0.53891	0.39661	0.74315	3.96606
0.65384	-0.35929	0.66589	-3.59292
0.00000	0.00000	0.00000	1.00000

boidNo = 10
boid Wall No = 0
position = = (5.5, -5.8, 6.0)
Boid Radius= 10
Boid Frame=
 0.53360	0.54991	0.64255	5.49908
-0.31502	-0.57585	0.75443	-5.75852
-0.78488	0.60498	0.13404	6.04976
0.00000	0.00000	0.00000	1.00000

boidNo = 11
boid Wall No = 1
position = = (-2.3, 9.7, -0.8)
Boid Radius= 10
Boid Frame=
 -0.94543	-0.22844	0.23235	-2.28436
-0.20126	0.97020	0.13494	9.70199
0.25625	-0.08081	0.96323	-0.80809
0.00000	0.00000	0.00000	1.00000

boidNo = 12
boid Wall No = 1
position = = (6.7, 4.9, 5.5)
Boid Radius= 10
Boid Frame=
 0.73008	0.67415	0.11186	6.74148
-0.55358	0.48747	0.67522	4.87470
-0.40067	0.55489	-0.72908	5.54886
0.00000	0.00000	0.00000	1.00000

boidNo = 13
boid Wall No = 0
position = = (2.7, -3.3, 9.1)
Boid Radius= 10
Boid Frame=
 0.73928	0.26667	0.61834	2.66674
-0.53305	-0.32935	0.77935	-3.29346
-0.41148	0.90577	0.10133	9.05768
0.00000	0.00000	0.00000	1.00000

boidNo = 14
boid Wall No = 0
position = = (-7.4, -5.6, 3.8)
Boid Radius= 10
Boid Frame=
 0.63946	-0.73645	-0.22073	-7.36455
-0.39819	-0.56285	0.72432	-5.62848
0.65767	0.37528	0.65317	3.75282
0.00000	0.00000	0.00000	1.00000

boidNo = 15
boid Wall No = 1
position = = (-2.9, 9.3, -2.5)
Boid Radius= 9.999999
Boid Frame=
 -0.90000	-0.28600	0.32894	-2.86003
-0.17061	0.92557	0.33796	9.25568
0.40112	-0.24804	0.88181	-2.48044
0.00000	0.00000	0.00000	1.00000

boidNo = 16
boid Wall No = 0
position = = (-0.3, -8.1, -5.9)
Boid Radius= 10
Boid Frame=
 -0.99895	-0.03044	-0.03428	-0.30441
0.00427	-0.80626	0.59155	-8.06260
0.04565	-0.59078	-0.80554	-5.90778
0.00000	0.00000	0.00000	1.00000

boidNo = 17
boid Wall No = 0
position = = (-8.1, -1.4, -5.7)
Boid Radius= 10
Boid Frame=
 -0.34462	-0.80882	-0.47649	-8.08824
-0.67119	-0.14257	0.72745	-1.42570
0.65631	-0.57051	0.49374	-5.70506
0.00000	0.00000	0.00000	1.00000

boidNo = 18
boid Wall No = 1
position = = (4.9, 8.7, -0.3)
Boid Radius= 10
Boid Frame=
 0.40809	0.48563	-0.77306	4.85633
-0.25907	0.87357	0.41202	8.73572
-0.87541	-0.03214	-0.48231	-0.32135
0.00000	0.00000	0.00000	1.00000

boidNo = 19
boid Wall No = 0
position = = (-9.3, -1.4, -3.4)
Boid Radius= 10
Boid Frame=
 0.06667	-0.92863	-0.36498	-9.28626
-0.97125	-0.14419	0.18945	-1.44186
0.22855	-0.34185	0.91154	-3.41853
0.00000	0.00000	0.00000	1.00000

