Iteration Num of Simuation:0
m_SimulationDeltaT of action plan:0
boidNo = 0
boid Wall No = 1
position = = (2.9, 9.2, 2.7)
Boid Radius= 10
Boid Frame=
 0.69507	0.29040	-0.65768	2.90405
-0.00469	0.91660	0.39978	9.16601
-0.71893	0.27479	-0.63846	2.74788
0.00000	0.00000	0.00000	1.00000

boidNo = 1
boid Wall No = 1
position = = (-2.4, 9.5, 1.8)
Boid Radius= 10
Boid Frame=
 0.72051	-0.24282	0.64954	-2.42819
0.04985	0.95240	0.30074	9.52403
0.69165	0.18431	-0.69832	1.84305
0.00000	0.00000	0.00000	1.00000

boidNo = 2
boid Wall No = 0
position = = (-5.9, -0.5, -8.1)
Boid Radius= 10
Boid Frame=
 -0.55152	-0.58711	-0.59256	-5.87112
-0.70491	-0.05179	0.70740	-0.51789
0.44601	-0.80785	0.38530	-8.07847
0.00000	0.00000	0.00000	1.00000

boidNo = 3
boid Wall No = 1
position = = (1.0, 9.9, -0.9)
Boid Radius= 10
Boid Frame=
 -0.92512	0.10261	-0.36554	1.02607
0.06102	0.99046	0.12358	9.90456
-0.37473	-0.09202	0.92256	-0.92022
0.00000	0.00000	0.00000	1.00000

boidNo = 4
boid Wall No = 1
position = = (5.4, 0.8, -8.4)
Boid Radius= 10
Boid Frame=
 -0.57631	0.53505	-0.61773	5.35048
-0.69570	0.07540	0.71437	0.75404
-0.42880	-0.84145	-0.32878	-8.41450
0.00000	0.00000	0.00000	1.00000

boidNo = 5
boid Wall No = 1
position = = (-1.2, 9.9, -0.8)
Boid Radius= 10
Boid Frame=
 -0.27704	-0.11769	0.95362	-1.17687
0.04808	0.98953	0.13608	9.89530
0.95966	-0.08355	0.26848	-0.83546
0.00000	0.00000	0.00000	1.00000

boidNo = 6
boid Wall No = 0
position = = (1.4, -9.8, 1.0)
Boid Radius= 10
Boid Frame=
 0.90243	0.14314	0.40637	1.43142
0.08834	-0.98463	0.15066	-9.84631
-0.42169	0.10006	0.90120	1.00061
0.00000	0.00000	0.00000	1.00000

boidNo = 7
boid Wall No = 1
position = = (-0.5, 9.5, 3.0)
Boid Radius= 10
Boid Frame=
 0.99874	-0.04515	-0.02191	-0.45154
0.04962	0.95416	0.29517	9.54157
-0.00758	0.29588	-0.95519	2.95883
0.00000	0.00000	0.00000	1.00000

boidNo = 8
boid Wall No = 0
position = = (-8.9, -2.9, 3.5)
Boid Radius= 10
Boid Frame=
 0.45136	-0.88933	0.07323	-8.89329
-0.68004	-0.28968	0.67352	-2.89680
0.57777	0.35381	0.73553	3.53806
0.00000	0.00000	0.00000	1.00000

boidNo = 9
boid Wall No = 0
position = = (-1.8, -0.6, -9.8)
Boid Radius= 10
Boid Frame=
 -0.76668	-0.17955	-0.61642	-1.79547
-0.61662	-0.06154	0.78485	-0.61542
0.17885	-0.98182	0.06353	-9.81823
0.00000	0.00000	0.00000	1.00000

boidNo = 10
boid Wall No = 0
position = = (-3.0, -5.3, 7.9)
Boid Radius= 10
Boid Frame=
 0.91040	-0.30355	0.28111	-3.03553
-0.40650	-0.52996	0.74424	-5.29959
0.07694	0.79183	0.60587	7.91833
0.00000	0.00000	0.00000	1.00000

boidNo = 11
boid Wall No = 0
position = = (1.2, -1.9, 9.7)
Boid Radius= 10
Boid Frame=
 0.71450	0.11893	0.68946	1.18930
-0.66460	-0.19259	0.72195	-1.92594
-0.21865	0.97405	0.05857	9.74045
0.00000	0.00000	0.00000	1.00000

boidNo = 12
boid Wall No = 1
position = = (-3.5, 5.4, -7.7)
Boid Radius= 10
Boid Frame=
 -0.84507	-0.34959	-0.40452	-3.49588
-0.53454	0.53706	0.65256	5.37055
0.01088	-0.76770	0.64072	-7.67698
0.00000	0.00000	0.00000	1.00000

boidNo = 13
boid Wall No = 0
position = = (4.5, -8.3, 3.3)
Boid Radius= 10
Boid Frame=
 0.61976	0.45383	0.64027	4.53828
0.03082	-0.82929	0.55797	-8.29286
-0.78419	0.32607	0.52795	3.26075
0.00000	0.00000	0.00000	1.00000

boidNo = 14
boid Wall No = 1
position = = (0.6, 8.0, -6.0)
Boid Radius= 10
Boid Frame=
 -0.92776	0.05658	-0.36887	0.56582
-0.17985	0.79829	0.57480	7.98287
-0.32699	-0.59961	0.73044	-5.99613
0.00000	0.00000	0.00000	1.00000

