Iteration Num of Simuation:0
m_SimulationDeltaT of action plan:0
boidNo = 0
boid Wall No = 1
position = = (-2.2, 9.7, -0.8)
Boid Radius= 10
Boid Frame=
 -0.05603	-0.22499	0.97275	-2.24992
0.06515	0.97138	0.22843	9.71378
0.99630	-0.07618	0.03977	-0.76176
0.00000	0.00000	0.00000	1.00000

boidNo = 1
boid Wall No = 1
position = = (7.5, 6.5, -1.2)
Boid Radius= 10
Boid Frame=
 0.20385	0.74941	-0.62995	7.49406
-0.40337	0.65060	0.64344	6.50597
-0.89204	-0.12294	-0.43491	-1.22941
0.00000	0.00000	0.00000	1.00000

boidNo = 2
boid Wall No = 1
position = = (-0.1, 10.0, -0.6)
Boid Radius= 10
Boid Frame=
 -0.89951	-0.01450	0.43666	-0.14504
0.01442	0.99792	0.06285	9.97919
0.43666	-0.06284	0.89743	-0.62836
0.00000	0.00000	0.00000	1.00000

boidNo = 3
boid Wall No = 1
position = = (-0.1, 9.6, -2.9)
Boid Radius= 10
Boid Frame=
 -0.98111	-0.00670	0.19331	-0.06699
0.05036	0.95609	0.28871	9.56093
0.18676	-0.29299	0.93770	-2.92988
0.00000	0.00000	0.00000	1.00000

boidNo = 4
boid Wall No = 0
position = = (-8.1, -4.1, -4.2)
Boid Radius= 9.999999
Boid Frame=
 -0.14863	-0.81112	-0.56567	-8.11125
-0.55385	-0.40561	0.72714	-4.05608
0.81924	-0.42138	0.38896	-4.21377
0.00000	0.00000	0.00000	1.00000

boidNo = 5
boid Wall No = 0
position = = (3.3, -3.4, 8.8)
Boid Radius= 9.999999
Boid Frame=
 0.67894	0.33027	0.65571	3.30270
-0.56111	-0.34255	0.75353	-3.42552
-0.47348	0.87953	0.04725	8.79534
0.00000	0.00000	0.00000	1.00000

boidNo = 6
boid Wall No = 0
position = = (-7.6, -5.4, 3.5)
Boid Radius= 10
Boid Frame=
 0.59629	-0.76336	-0.24841	-7.63365
-0.38402	-0.54299	0.74679	-5.42988
0.70495	0.34991	0.61693	3.49912
0.00000	0.00000	0.00000	1.00000

boidNo = 7
boid Wall No = 0
position = = (2.7, -7.6, -5.9)
Boid Radius= 10
Boid Frame=
 -0.94060	0.27145	0.20393	2.71452
-0.07792	-0.75721	0.64851	-7.57209
-0.33046	-0.59410	-0.73338	-5.94095
0.00000	0.00000	0.00000	1.00000

boidNo = 8
boid Wall No = 0
position = = (1.5, -9.0, -4.1)
Boid Radius= 10
Boid Frame=
 -0.75877	0.14784	0.63436	1.47840
0.16478	-0.89865	0.40653	-8.98653
-0.63017	-0.41300	-0.65751	-4.12997
0.00000	0.00000	0.00000	1.00000

boidNo = 9
boid Wall No = 0
position = = (-2.9, -6.3, -7.2)
Boid Radius= 10
Boid Frame=
 -0.71558	-0.28896	-0.63596	-2.88964
-0.35845	-0.62951	0.68937	-6.29512
0.59954	-0.72126	-0.34689	-7.21259
0.00000	0.00000	0.00000	1.00000

boidNo = 10
boid Wall No = 1
position = = (5.7, 3.2, -7.6)
Boid Radius= 10
Boid Frame=
 -0.45768	0.56549	-0.68612	5.65486
-0.64797	0.31627	0.69290	3.16271
-0.60882	-0.76171	-0.22167	-7.61707
0.00000	0.00000	0.00000	1.00000

boidNo = 11
boid Wall No = 1
position = = (-6.4, 7.7, 0.5)
Boid Radius= 10
Boid Frame=
 -0.19084	-0.63712	0.74676	-6.37125
-0.22237	0.76903	0.59929	7.69026
0.95610	0.05169	0.28844	0.51685
0.00000	0.00000	0.00000	1.00000

boidNo = 12
boid Wall No = 1
position = = (2.4, 6.8, -6.9)
Boid Radius= 10
Boid Frame=
 -0.73681	0.23674	-0.63330	2.36744
-0.34038	0.67943	0.65001	6.79434
-0.58417	-0.69449	0.42003	-6.94494
0.00000	0.00000	0.00000	1.00000

boidNo = 13
boid Wall No = 0
position = = (8.2, -5.3, -2.1)
Boid Radius= 10
Boid Frame=
 -0.48448	0.82337	0.29553	8.23372
-0.45583	-0.52594	0.71805	-5.25945
-0.74666	-0.21317	-0.63013	-2.13169
0.00000	0.00000	0.00000	1.00000

boidNo = 14
boid Wall No = 1
position = = (3.9, 7.9, -4.7)
Boid Radius= 9.999999
Boid Frame=
 -0.56227	0.38562	-0.73154	3.85618
-0.20279	0.79332	0.57404	7.93315
-0.80171	-0.47112	0.36785	-4.71116
0.00000	0.00000	0.00000	1.00000

