Iteration Num of Simuation:0
m_SimulationDeltaT of action plan:0
boidNo = 0
boid Wall No = 0
position = = (4.7, -3.1, -8.3)
Boid Radius= 10
Boid Frame=
 -0.77055	0.47149	-0.42890	4.71491
-0.60003	-0.30961	0.73764	-3.09610
-0.21500	-0.82573	-0.52148	-8.25735
0.00000	0.00000	0.00000	1.00000

boidNo = 1
boid Wall No = 0
position = = (3.1, -6.5, 6.9)
Boid Radius= 10
Boid Frame=
 0.73798	0.31433	0.59714	3.14332
-0.29232	-0.64865	0.70271	-6.48647
-0.60822	0.69315	0.38681	6.93147
0.00000	0.00000	0.00000	1.00000

boidNo = 2
boid Wall No = 1
position = = (-0.9, 9.9, -0.7)
Boid Radius= 10
Boid Frame=
 -0.11105	-0.09431	0.98933	-0.94312
0.05784	0.99319	0.10117	9.93186
0.99213	-0.06846	0.10484	-0.68462
0.00000	0.00000	0.00000	1.00000

boidNo = 3
boid Wall No = 0
position = = (-0.4, -9.9, 1.1)
Boid Radius= 10
Boid Frame=
 0.84926	-0.03892	-0.52654	-0.38919
0.02390	-0.99342	0.11198	-9.93424
0.52744	0.10768	0.84274	1.07681
0.00000	0.00000	0.00000	1.00000

boidNo = 4
boid Wall No = 0
position = = (-7.4, -4.7, 4.9)
Boid Radius= 10
Boid Frame=
 0.67390	-0.73821	0.03006	-7.38213
-0.54112	-0.46546	0.70038	-4.65458
0.50304	0.48825	0.71313	4.88252
0.00000	0.00000	0.00000	1.00000

boidNo = 5
boid Wall No = 1
position = = (-0.8, 7.5, -6.6)
Boid Radius= 10
Boid Frame=
 -0.91942	-0.08193	-0.38465	-0.81929
-0.31146	0.74887	0.58496	7.48875
-0.24013	-0.65763	0.71405	-6.57628
0.00000	0.00000	0.00000	1.00000

boidNo = 6
boid Wall No = 0
position = = (1.8, -2.8, -9.4)
Boid Radius= 10
Boid Frame=
 -0.80634	0.17599	-0.56466	1.75988
-0.59089	-0.28122	0.75615	-2.81216
0.02572	-0.94337	-0.33075	-9.43370
0.00000	0.00000	0.00000	1.00000

boidNo = 7
boid Wall No = 0
position = = (-4.8, -0.7, -8.7)
Boid Radius= 10
Boid Frame=
 -0.58484	-0.48379	-0.65109	-4.83786
-0.71672	-0.06766	0.69407	-0.67663
0.37984	-0.87257	0.30717	-8.72567
0.00000	0.00000	0.00000	1.00000

boidNo = 8
boid Wall No = 0
position = = (-4.6, -8.9, -0.5)
Boid Radius= 10
Boid Frame=
 -0.38099	-0.46145	-0.80119	-4.61454
0.14649	-0.88573	0.44049	-8.85728
0.91290	-0.05046	-0.40505	-0.50458
0.00000	0.00000	0.00000	1.00000

boidNo = 9
boid Wall No = 1
position = = (1.8, 6.2, -7.7)
Boid Radius= 10
Boid Frame=
 -0.70702	0.17745	-0.68456	1.77455
-0.46146	0.61776	0.63673	6.17758
-0.53589	-0.76608	0.35488	-7.66084
0.00000	0.00000	0.00000	1.00000

boidNo = 10
boid Wall No = 1
position = = (4.7, 6.9, -5.5)
Boid Radius= 10
Boid Frame=
 -0.38445	0.46786	-0.79581	4.67856
-0.39999	0.69251	0.60036	6.92514
-0.83199	-0.54912	0.07910	-5.49122
0.00000	0.00000	0.00000	1.00000

boidNo = 11
boid Wall No = 1
position = = (1.0, 9.9, 0.8)
Boid Radius= 10
Boid Frame=
 0.19888	0.10428	-0.97446	1.04276
0.06032	0.99114	0.11837	9.91136
-0.97817	0.08232	-0.19082	0.82319
0.00000	0.00000	0.00000	1.00000

boidNo = 12
boid Wall No = 0
position = = (1.1, -8.4, -5.3)
Boid Radius= 10
Boid Frame=
 -0.94613	0.10937	0.30475	1.09374
0.07606	-0.83979	0.53755	-8.39794
-0.31472	-0.53177	-0.78624	-5.31774
0.00000	0.00000	0.00000	1.00000

boidNo = 13
boid Wall No = 0
position = = (-0.1, -10.0, 0.6)
Boid Radius= 10
Boid Frame=
 0.94218	-0.01401	-0.33481	-0.14009
0.00642	-0.99819	0.05983	-9.98188
0.33504	0.05852	0.94039	0.58520
0.00000	0.00000	0.00000	1.00000

boidNo = 14
boid Wall No = 1
position = = (-0.5, 10.0, 0.5)
Boid Radius= 10
Boid Frame=
 0.87431	-0.04536	0.48324	-0.45362
0.01748	0.99792	0.06205	9.97920
0.48505	0.04581	-0.87329	0.45805
0.00000	0.00000	0.00000	1.00000

