Iteration Num of Simuation:0
m_SimulationDeltaT of action plan:0
boidNo = 0
boid Wall No = 1
position = = (0.7, 8.4, 5.3)
Boid Radius= 10
Boid Frame=
 0.99102	0.07024	0.11376	0.70238
-0.11984	0.84392	0.52291	8.43925
0.05928	0.53184	-0.84477	5.31844
0.00000	0.00000	0.00000	1.00000

boidNo = 1
boid Wall No = 1
position = = (-4.7, 8.7, -1.4)
Boid Radius= 10
Boid Frame=
 -0.40432	-0.47208	0.78337	-4.72084
-0.07237	0.87032	0.48714	8.70323
0.91175	-0.14027	0.38605	-1.40268
0.00000	0.00000	0.00000	1.00000

boidNo = 2
boid Wall No = 0
position = = (-2.0, -6.0, 7.7)
Boid Radius= 9.999999
Boid Frame=
 0.93548	-0.19724	0.29322	-1.97242
-0.35156	-0.60367	0.71554	-6.03665
-0.03587	0.77245	0.63406	7.72453
0.00000	0.00000	0.00000	1.00000

boidNo = 3
boid Wall No = 1
position = = (6.2, 7.9, -0.5)
Boid Radius= 10
Boid Frame=
 0.19992	0.61517	-0.76263	6.15166
-0.21171	0.78708	0.57939	7.87077
-0.95667	-0.04562	-0.28759	-0.45625
0.00000	0.00000	0.00000	1.00000

boidNo = 4
boid Wall No = 1
position = = (-5.6, 2.9, 7.8)
Boid Radius= 10
Boid Frame=
 0.48217	-0.55509	0.67778	-5.55088
-0.65128	0.29033	0.70110	2.90330
0.58595	0.77948	0.22153	7.79478
0.00000	0.00000	0.00000	1.00000

boidNo = 5
boid Wall No = 1
position = = (-2.7, 9.5, 1.9)
Boid Radius= 10
Boid Frame=
 0.67078	-0.26518	0.69263	-2.65185
0.03953	0.94535	0.32366	9.45348
0.74061	0.18972	-0.64460	1.89724
0.00000	0.00000	0.00000	1.00000

boidNo = 6
boid Wall No = 1
position = = (1.4, 9.8, -1.3)
Boid Radius= 10
Boid Frame=
 -0.90748	0.13577	-0.39755	1.35767
0.06991	0.98195	0.17576	9.81947
-0.41424	-0.13171	0.90059	-1.31709
0.00000	0.00000	0.00000	1.00000

boidNo = 7
boid Wall No = 1
position = = (-6.6, 6.5, 3.8)
Boid Radius= 10
Boid Frame=
 0.14267	-0.65556	0.74154	-6.55559
-0.39025	0.65125	0.65082	6.51254
0.90959	0.38224	0.16292	3.82244
0.00000	0.00000	0.00000	1.00000

boidNo = 8
boid Wall No = 0
position = = (3.8, -2.1, -9.0)
Boid Radius= 10
Boid Frame=
 -0.74194	0.37718	-0.55431	3.77182
-0.65162	-0.21101	0.72860	-2.11010
-0.15785	-0.90178	-0.40234	-9.01781
0.00000	0.00000	0.00000	1.00000

boidNo = 9
boid Wall No = 0
position = = (-4.1, -4.4, 8.0)
Boid Radius= 10
Boid Frame=
 0.83326	-0.41248	0.36815	-4.12482
-0.53631	-0.44121	0.71952	-4.41211
0.13436	0.79699	0.58886	7.96989
0.00000	0.00000	0.00000	1.00000

boidNo = 10
boid Wall No = 0
position = = (-5.1, -8.6, -1.0)
Boid Radius= 10
Boid Frame=
 -0.35401	-0.50831	-0.78504	-5.08313
0.10549	-0.85575	0.50652	-8.55748
0.92927	-0.09650	-0.35656	-0.96500
0.00000	0.00000	0.00000	1.00000

boidNo = 11
boid Wall No = 1
position = = (-2.2, 9.7, 0.6)
Boid Radius= 10
Boid Frame=
 0.45983	-0.22163	0.85990	-2.21633
0.05285	0.97347	0.22264	9.73467
0.88643	0.05693	-0.45934	0.56930
0.00000	0.00000	0.00000	1.00000

boidNo = 12
boid Wall No = 0
position = = (-0.3, -10.0, 0.3)
Boid Radius= 10
Boid Frame=
 0.30299	-0.03023	-0.95251	-0.30228
0.02411	-0.99893	0.03937	-9.98934
0.95269	0.03489	0.30194	0.34893
0.00000	0.00000	0.00000	1.00000

boidNo = 13
boid Wall No = 1
position = = (-2.9, 8.2, 4.9)
Boid Radius= 9.999999
Boid Frame=
 0.71421	-0.28902	0.63747	-2.89024
-0.15908	0.81990	0.54996	8.19900
0.68162	0.49420	-0.53960	4.94195
0.00000	0.00000	0.00000	1.00000

boidNo = 14
boid Wall No = 0
position = = (0.6, -9.7, -2.5)
Boid Radius= 10
Boid Frame=
 -0.57757	0.05614	0.81441	0.56140
0.16882	-0.96785	0.18644	-9.67854
-0.79869	-0.24517	-0.54953	-2.45169
0.00000	0.00000	0.00000	1.00000

