Iteration Num of Simuation:0
m_SimulationDeltaT of action plan:0
boidNo = 0
boid Wall No = 1
position = = (3.5, 4.7, 8.1)
Boid Radius= 10
Boid Frame=
 0.83490	0.35219	0.42298	3.52186
-0.54843	0.46717	0.69353	4.67165
-0.04665	0.81100	-0.58318	8.11000
0.00000	0.00000	0.00000	1.00000

boidNo = 1
boid Wall No = 1
position = = (0.0, 9.5, -3.2)
Boid Radius= 9.999999
Boid Frame=
 -0.80910	-0.00074	-0.58767	-0.00740
-0.18575	0.94905	0.25454	9.49055
-0.55754	-0.31511	0.76802	-3.15110
0.00000	0.00000	0.00000	1.00000

boidNo = 2
boid Wall No = 0
position = = (-2.5, -1.9, -9.5)
Boid Radius= 10
Boid Frame=
 -0.78185	-0.24558	-0.57306	-2.45577
-0.54096	-0.18975	0.81936	-1.89751
0.30996	-0.95062	-0.01551	-9.50624
0.00000	0.00000	0.00000	1.00000

boidNo = 3
boid Wall No = 1
position = = (-4.1, 0.5, -9.1)
Boid Radius= 10
Boid Frame=
 -0.67969	-0.41092	-0.60759	-4.10921
-0.68240	0.05049	0.72923	0.50488
0.26898	-0.91027	0.31473	-9.10272
0.00000	0.00000	0.00000	1.00000

boidNo = 4
boid Wall No = 1
position = = (8.1, 0.7, 5.8)
Boid Radius= 10
Boid Frame=
 0.43560	0.81334	0.38566	8.13338
-0.73461	0.07362	0.67448	0.73624
-0.52019	0.57711	-0.62956	5.77114
0.00000	0.00000	0.00000	1.00000

boidNo = 5
boid Wall No = 0
position = = (3.2, -9.3, -1.7)
Boid Radius= 10
Boid Frame=
 -0.69289	0.31843	0.64692	3.18426
-0.10811	-0.93294	0.34341	-9.32941
-0.71289	-0.16801	-0.68085	-1.68008
0.00000	0.00000	0.00000	1.00000

boidNo = 6
boid Wall No = 1
position = = (-4.9, 7.4, -4.6)
Boid Radius= 10
Boid Frame=
 -0.87259	-0.48573	-0.05151	-4.85729
-0.44339	0.74342	0.50074	7.43417
0.20493	-0.45978	0.86406	-4.59781
0.00000	0.00000	0.00000	1.00000

boidNo = 7
boid Wall No = 0
position = = (0.4, -8.8, 4.7)
Boid Radius= 10
Boid Frame=
 0.99393	0.04175	-0.10177	0.41752
0.08424	-0.88385	0.46013	-8.83846
0.07074	0.46591	0.88200	4.65911
0.00000	0.00000	0.00000	1.00000

boidNo = 8
boid Wall No = 1
position = = (-6.3, 6.3, -4.6)
Boid Radius= 10
Boid Frame=
 -0.77179	-0.63357	0.05408	-6.33568
-0.46949	0.62514	0.62352	6.25143
0.42885	-0.45584	0.77994	-4.55837
0.00000	0.00000	0.00000	1.00000

boidNo = 9
boid Wall No = 1
position = = (-1.5, 3.5, -9.2)
Boid Radius= 10
Boid Frame=
 -0.82916	-0.15038	-0.53840	-1.50376
-0.55377	0.35249	0.75438	3.52493
-0.07634	-0.92365	0.37555	-9.23654
0.00000	0.00000	0.00000	1.00000

boidNo = 10
boid Wall No = 0
position = = (8.3, -3.5, 4.4)
Boid Radius= 10
Boid Frame=
 0.15348	0.82696	0.54090	8.26961
-0.61590	-0.34800	0.70680	-3.47996
-0.77273	0.44163	-0.45592	4.41626
0.00000	0.00000	0.00000	1.00000

boidNo = 11
boid Wall No = 0
position = = (-0.2, -8.4, 5.4)
Boid Radius= 10
Boid Frame=
 0.98814	-0.01684	-0.15261	-0.16841
0.06884	-0.83986	0.53842	-8.39862
0.13724	0.54254	0.82874	5.42539
0.00000	0.00000	0.00000	1.00000

boidNo = 12
boid Wall No = 1
position = = (2.7, 9.3, -2.4)
Boid Radius= 10
Boid Frame=
 -0.69085	0.26908	-0.67106	2.69080
0.01437	0.93309	0.35935	9.33091
-0.72286	-0.23861	0.64849	-2.38615
0.00000	0.00000	0.00000	1.00000

boidNo = 13
boid Wall No = 0
position = = (-4.7, -8.5, -2.5)
Boid Radius= 10
Boid Frame=
 -0.24269	-0.46686	-0.85038	-4.66862
-0.15246	-0.84733	0.50870	-8.47335
0.95805	-0.25311	-0.13446	-2.53108
0.00000	0.00000	0.00000	1.00000

boidNo = 14
boid Wall No = 1
position = = (-2.1, 2.9, 9.3)
Boid Radius= 10
Boid Frame=
 0.41555	-0.20587	0.88597	-2.05866
-0.83820	0.29156	0.46089	2.91560
0.35319	0.93414	0.05140	9.34137
0.00000	0.00000	0.00000	1.00000

boidNo = 15
boid Wall No = 0
position = = (3.7, -8.4, -3.9)
Boid Radius= 10
Boid Frame=
 -0.80287	0.36728	0.46957	3.67281
-0.07547	-0.84396	0.53107	-8.43960
-0.59135	-0.39094	-0.70531	-3.90943
0.00000	0.00000	0.00000	1.00000

boidNo = 16
boid Wall No = 1
position = = (3.0, 4.5, -8.4)
Boid Radius= 10
Boid Frame=
 -0.69348	0.29894	-0.65553	2.98942
-0.50535	0.44667	0.73831	4.46672
-0.51352	-0.84328	0.15869	-8.43278
0.00000	0.00000	0.00000	1.00000

boidNo = 17
boid Wall No = 1
position = = (3.8, 9.3, 0.5)
Boid Radius= 10
Boid Frame=
 0.11230	0.37600	-0.91979	3.75999
0.01191	0.92507	0.37961	9.25069
-0.99360	0.05359	-0.09940	0.53586
0.00000	0.00000	0.00000	1.00000

boidNo = 18
boid Wall No = 1
position = = (3.0, 9.2, 2.6)
Boid Radius= 9.999999
Boid Frame=
 0.64566	0.29749	-0.70329	2.97494
0.00356	0.91981	0.39235	9.19810
-0.76362	0.25583	-0.59283	2.55827
0.00000	0.00000	0.00000	1.00000

boidNo = 19
boid Wall No = 0
position = = (-7.7, -1.5, -6.2)
Boid Radius= 10
Boid Frame=
 -0.30174	-0.76749	-0.56561	-7.67490
-0.77417	-0.14901	0.61519	-1.49008
0.55643	-0.62350	0.54921	-6.23503
0.00000	0.00000	0.00000	1.00000

