Iteration Num of Simuation:0
m_SimulationDeltaT of action plan:0
boidNo = 0
boid Wall No = 0
position = = (-8.8, -4.5, 1.2)
Boid Radius= 10
Boid Frame=
 0.40761	-0.88315	-0.23216	-8.83152
-0.61914	-0.45416	0.64063	-4.54161
0.67121	0.11739	0.73191	1.17388
0.00000	0.00000	0.00000	1.00000

boidNo = 1
boid Wall No = 0
position = = (-5.4, -5.8, 6.1)
Boid Radius= 10
Boid Frame=
 0.84089	-0.53673	-0.06947	-5.36726
-0.30899	-0.58150	0.75258	-5.81505
0.44433	0.61137	0.65483	6.11373
0.00000	0.00000	0.00000	1.00000

boidNo = 2
boid Wall No = 1
position = = (2.1, 9.8, -0.6)
Boid Radius= 10
Boid Frame=
 -0.00955	0.21244	-0.97713	2.12442
-0.05645	0.97550	0.21264	9.75499
-0.99836	-0.05719	-0.00268	-0.57194
0.00000	0.00000	0.00000	1.00000

boidNo = 3
boid Wall No = 0
position = = (4.2, -8.1, 4.2)
Boid Radius= 10
Boid Frame=
 0.67290	0.41600	0.61167	4.16004
-0.03872	-0.80594	0.59073	-8.05943
-0.73872	0.42119	0.52621	4.21185
0.00000	0.00000	0.00000	1.00000

boidNo = 4
boid Wall No = 1
position = = (-8.0, 3.6, 4.8)
Boid Radius= 10
Boid Frame=
 0.18066	-0.80070	0.57118	-8.00696
-0.61831	0.35917	0.69906	3.59174
0.76489	0.47946	0.43019	4.79459
0.00000	0.00000	0.00000	1.00000

boidNo = 5
boid Wall No = 1
position = = (1.0, 9.5, -3.0)
Boid Radius= 10
Boid Frame=
 -0.97248	0.09912	-0.21084	0.99125
0.02944	0.95000	0.31085	9.50002
-0.23111	-0.29609	0.92678	-2.96092
0.00000	0.00000	0.00000	1.00000

boidNo = 6
boid Wall No = 0
position = = (9.9, -0.5, -1.4)
Boid Radius= 10
Boid Frame=
 -0.13727	0.98907	-0.05382	9.89071
-0.65231	-0.04938	0.75635	-0.49376
-0.74542	-0.13893	-0.65195	-1.38930
0.00000	0.00000	0.00000	1.00000

boidNo = 7
boid Wall No = 0
position = = (-0.8, -9.9, -1.3)
Boid Radius= 10
Boid Frame=
 -0.76839	-0.07964	-0.63501	-0.79637
-0.02506	-0.98772	0.15420	-9.87722
0.63949	-0.13440	-0.75696	-1.34399
0.00000	0.00000	0.00000	1.00000

boidNo = 8
boid Wall No = 0
position = = (7.8, -5.4, 3.1)
Boid Radius= 10
Boid Frame=
 0.09290	0.78249	0.61569	7.82491
-0.38841	-0.54089	0.74604	-5.40892
-0.91679	0.30845	-0.25368	3.08454
0.00000	0.00000	0.00000	1.00000

boidNo = 9
boid Wall No = 1
position = = (-1.4, 2.0, 9.7)
Boid Radius= 10
Boid Frame=
 0.65252	-0.13597	0.74547	-1.35974
-0.71856	0.20132	0.66569	2.01322
0.24060	0.97004	-0.03366	9.70042
0.00000	0.00000	0.00000	1.00000

boidNo = 10
boid Wall No = 0
position = = (-8.6, -4.8, -1.6)
Boid Radius= 10
Boid Frame=
 0.14049	-0.86315	-0.48500	-8.63153
-0.52796	-0.47972	0.70081	-4.79717
0.83757	-0.15760	0.52310	-1.57604
0.00000	0.00000	0.00000	1.00000

boidNo = 11
boid Wall No = 0
position = = (-1.7, -2.6, -9.5)
Boid Radius= 10
Boid Frame=
 -0.47803	-0.17219	-0.86130	-1.72188
-0.82189	-0.25818	0.50777	-2.58179
0.30980	-0.95063	0.01810	-9.50629
0.00000	0.00000	0.00000	1.00000

boidNo = 12
boid Wall No = 0
position = = (6.7, -2.4, 7.0)
Boid Radius= 10
Boid Frame=
 -0.17828	0.66853	0.72200	6.68533
-0.97099	-0.23834	-0.01907	-2.38342
-0.15933	0.70446	-0.69163	7.04455
0.00000	0.00000	0.00000	1.00000

boidNo = 13
boid Wall No = 1
position = = (-0.2, 9.7, -2.5)
Boid Radius= 10
Boid Frame=
 -0.72175	-0.02376	-0.69175	-0.23759
-0.18987	0.96787	0.16486	9.67870
-0.66561	-0.25033	0.70307	-2.50326
0.00000	0.00000	0.00000	1.00000

boidNo = 14
boid Wall No = 1
position = = (-0.2, 9.9, 1.7)
Boid Radius= 10
Boid Frame=
 0.99307	-0.02028	-0.11578	-0.20281
0.03929	0.98563	0.16430	9.85628
-0.11079	0.16771	-0.97959	1.67710
0.00000	0.00000	0.00000	1.00000

boidNo = 15
boid Wall No = 1
position = = (-5.3, 3.4, 7.8)
Boid Radius= 10
Boid Frame=
 0.54936	-0.53111	0.64508	-5.31107
-0.55952	0.33957	0.75606	3.39571
0.62060	0.77628	0.11062	7.76284
0.00000	0.00000	0.00000	1.00000

boidNo = 16
boid Wall No = 0
position = = (0.1, -9.8, -1.8)
Boid Radius= 10
Boid Frame=
 -0.98498	0.00921	-0.17244	0.09215
-0.04003	-0.98356	0.17609	-9.83560
0.16798	-0.18034	-0.96915	-1.80345
0.00000	0.00000	0.00000	1.00000

boidNo = 17
boid Wall No = 1
position = = (5.1, 5.0, 7.0)
Boid Radius= 10
Boid Frame=
 0.82651	0.50788	0.24277	5.07885
-0.51159	0.49775	0.70037	4.97755
-0.23487	0.70306	-0.67123	7.03060
0.00000	0.00000	0.00000	1.00000

boidNo = 18
boid Wall No = 0
position = = (8.7, -4.4, -2.0)
Boid Radius= 10
Boid Frame=
 -0.40856	0.87297	0.26645	8.72975
-0.43701	-0.44338	0.78258	-4.43384
-0.80131	-0.20329	-0.56265	-2.03288
0.00000	0.00000	0.00000	1.00000

boidNo = 19
boid Wall No = 1
position = = (-5.3, 8.1, 2.6)
Boid Radius= 10
Boid Frame=
 0.19559	-0.52894	0.82581	-5.28939
-0.17986	0.80845	0.56041	8.08446
0.96405	0.25814	-0.06299	2.58145
0.00000	0.00000	0.00000	1.00000

