Iteration Num of Simuation:0
m_SimulationDeltaT of action plan:0
boidNo = 0
boid Wall No = 0
position = = (8.8, -4.4, -1.5)
Boid Radius= 10
Boid Frame=
 -0.44236	0.88260	0.15919	8.82596
-0.67559	-0.44468	0.58808	-4.44677
-0.58982	-0.15260	-0.79298	-1.52597
0.00000	0.00000	0.00000	1.00000

boidNo = 1
boid Wall No = 1
position = = (9.0, 0.7, -4.4)
Boid Radius= 10
Boid Frame=
 -0.28890	0.89553	-0.33847	8.95529
-0.66067	0.06938	0.74746	0.69377
-0.69286	-0.43956	-0.57161	-4.39563
0.00000	0.00000	0.00000	1.00000

boidNo = 2
boid Wall No = 1
position = = (-6.6, 0.6, 7.5)
Boid Radius= 10
Boid Frame=
 0.46232	-0.66119	0.59084	-6.61187
-0.74966	0.06442	0.65868	0.64420
0.47357	0.74745	0.46588	7.47450
0.00000	0.00000	0.00000	1.00000

boidNo = 3
boid Wall No = 1
position = = (-4.5, 5.5, -7.0)
Boid Radius= 10
Boid Frame=
 -0.86489	-0.44889	-0.22464	-4.48893
-0.46658	0.55389	0.68957	5.53892
0.18512	-0.70121	0.68850	-7.01213
0.00000	0.00000	0.00000	1.00000

boidNo = 4
boid Wall No = 1
position = = (-2.9, 9.6, 0.1)
Boid Radius= 10
Boid Frame=
 -0.09023	-0.29335	0.95174	-2.93348
-0.04150	0.95591	0.29070	9.55914
0.99506	0.01327	0.09843	0.13272
0.00000	0.00000	0.00000	1.00000

boidNo = 5
boid Wall No = 0
position = = (5.0, -7.2, 4.8)
Boid Radius= 10
Boid Frame=
 0.56977	0.50440	0.64880	5.04404
-0.14201	-0.71718	0.68227	-7.17176
-0.80944	0.48087	0.33700	4.80870
0.00000	0.00000	0.00000	1.00000

boidNo = 6
boid Wall No = 0
position = = (-3.5, -0.8, 9.3)
Boid Radius= 10
Boid Frame=
 0.75678	-0.35220	0.55067	-3.52197
-0.61115	-0.08235	0.78722	-0.82353
0.23191	0.93230	0.27757	9.32296
0.00000	0.00000	0.00000	1.00000

boidNo = 7
boid Wall No = 1
position = = (0.7, 10.0, -0.6)
Boid Radius= 10
Boid Frame=
 -0.73851	0.06717	-0.67088	0.67173
0.00797	0.99582	0.09094	9.95825
-0.67419	-0.06182	0.73597	-0.61816
0.00000	0.00000	0.00000	1.00000

boidNo = 8
boid Wall No = 1
position = = (-0.7, 10.0, 0.5)
Boid Radius= 10
Boid Frame=
 0.94610	-0.06522	0.31725	-0.65216
0.04575	0.99661	0.06843	9.96606
0.32063	0.05023	-0.94587	0.50229
0.00000	0.00000	0.00000	1.00000

boidNo = 9
boid Wall No = 0
position = = (-1.3, -9.9, 1.0)
Boid Radius= 10
Boid Frame=
 0.72449	-0.12992	-0.67693	-1.29922
-0.02406	-0.98624	0.16354	-9.86243
0.68886	0.10220	0.71765	1.02198
0.00000	0.00000	0.00000	1.00000

boidNo = 10
boid Wall No = 0
position = = (-3.0, -3.9, -8.7)
Boid Radius= 10
Boid Frame=
 -0.71186	-0.30414	-0.63305	-3.04139
-0.51130	-0.39352	0.76401	-3.93518
0.48148	-0.86755	-0.12462	-8.67550
0.00000	0.00000	0.00000	1.00000

boidNo = 11
boid Wall No = 1
position = = (7.4, 6.1, 2.8)
Boid Radius= 10
Boid Frame=
 0.65462	0.74203	-0.14445	7.42031
-0.57137	0.61077	0.54818	6.10772
-0.49499	0.27631	-0.82379	2.76309
0.00000	0.00000	0.00000	1.00000

boidNo = 12
boid Wall No = 0
position = = (-1.6, -9.6, -2.3)
Boid Radius= 10
Boid Frame=
 -0.85606	-0.16176	-0.49091	-1.61765
0.02159	-0.96013	0.27873	-9.60127
0.51643	-0.22801	-0.82542	-2.28008
0.00000	0.00000	0.00000	1.00000

boidNo = 13
boid Wall No = 1
position = = (2.1, 8.3, 5.2)
Boid Radius= 10
Boid Frame=
 0.92156	0.20557	0.32936	2.05565
-0.34291	0.82879	0.44218	8.28787
0.18207	0.52044	-0.83426	5.20437
0.00000	0.00000	0.00000	1.00000

boidNo = 14
boid Wall No = 0
position = = (-3.0, -9.4, 1.5)
Boid Radius= 10
Boid Frame=
 0.42531	-0.29574	-0.85537	-2.95744
0.01032	-0.94346	0.33133	-9.43458
0.90499	0.14974	0.39821	1.49741
0.00000	0.00000	0.00000	1.00000

boidNo = 15
boid Wall No = 0
position = = (-3.1, -6.2, -7.2)
Boid Radius= 10
Boid Frame=
 -0.73351	-0.31012	-0.60480	-3.10120
-0.32700	-0.61907	0.71402	-6.19068
0.59585	-0.72151	-0.35269	-7.21512
0.00000	0.00000	0.00000	1.00000

boidNo = 16
boid Wall No = 0
position = = (5.3, -4.7, 7.0)
Boid Radius= 10
Boid Frame=
 0.25192	0.53224	0.80824	5.32241
-0.70221	-0.47415	0.53111	-4.74153
-0.66591	0.70135	-0.25429	7.01355
0.00000	0.00000	0.00000	1.00000

boidNo = 17
boid Wall No = 0
position = = (-0.8, -9.9, -1.1)
Boid Radius= 10
Boid Frame=
 -0.82082	-0.08323	-0.56509	-0.83233
0.00378	-0.99010	0.14034	-9.90096
0.57117	-0.11306	-0.81301	-1.13057
0.00000	0.00000	0.00000	1.00000

boidNo = 18
boid Wall No = 1
position = = (3.2, 9.5, -0.5)
Boid Radius= 10
Boid Frame=
 -0.20843	0.31907	-0.92453	3.19071
0.02044	0.94650	0.32205	9.46503
-0.97782	-0.04823	0.20380	-0.48227
0.00000	0.00000	0.00000	1.00000

boidNo = 19
boid Wall No = 1
position = = (-4.7, 6.6, 5.9)
Boid Radius= 10
Boid Frame=
 0.51033	-0.46744	0.72185	-4.67440
-0.33973	0.66152	0.66856	6.61521
0.79003	0.58642	-0.17879	5.86421
0.00000	0.00000	0.00000	1.00000

