Iteration Num of Simuation:0
m_SimulationDeltaT of action plan:0
boidNo = 0
boid Wall No = 1
position = = (3.5, 8.5, -4.1)
Boid Radius= 10
Boid Frame=
 -0.63082	0.34701	-0.69401	3.47009
-0.11071	0.84502	0.52315	8.45022
-0.76799	-0.40684	0.49464	-4.06844
0.00000	0.00000	0.00000	1.00000

boidNo = 1
boid Wall No = 1
position = = (-7.2, 4.2, 5.5)
Boid Radius= 10
Boid Frame=
 0.28032	-0.72089	0.63383	-7.20890
-0.55245	0.41882	0.72069	4.18822
0.78500	0.55218	0.28085	5.52182
0.00000	0.00000	0.00000	1.00000

boidNo = 2
boid Wall No = 1
position = = (5.8, 8.2, 0.3)
Boid Radius= 10
Boid Frame=
 0.26852	0.57784	-0.77071	5.77840
-0.15408	0.81556	0.55778	8.15560
-0.95087	0.03102	-0.30803	0.31023
0.00000	0.00000	0.00000	1.00000

boidNo = 3
boid Wall No = 0
position = = (-0.7, -10.0, -0.3)
Boid Radius= 10
Boid Frame=
 -0.47677	-0.07240	-0.87604	-0.72401
0.00861	-0.99694	0.07770	-9.96939
0.87898	-0.02950	-0.47594	-0.29501
0.00000	0.00000	0.00000	1.00000

boidNo = 4
boid Wall No = 1
position = = (-7.9, 6.1, -0.6)
Boid Radius= 10
Boid Frame=
 -0.41724	-0.78809	0.45257	-7.88092
-0.45559	0.61228	0.64618	6.12281
0.78635	-0.06343	0.61451	-0.63433
0.00000	0.00000	0.00000	1.00000

boidNo = 5
boid Wall No = 1
position = = (-3.7, 8.6, -3.6)
Boid Radius= 10
Boid Frame=
 -0.79408	-0.37386	0.47923	-3.73857
-0.09642	0.85596	0.50798	8.55957
0.60011	-0.35717	0.71575	-3.57168
0.00000	0.00000	0.00000	1.00000

boidNo = 6
boid Wall No = 0
position = = (2.4, -9.5, -2.1)
Boid Radius= 10
Boid Frame=
 -0.39970	0.24471	0.88338	2.44708
0.09941	-0.94645	0.30716	-9.46451
-0.91124	-0.21059	-0.35397	-2.10592
0.00000	0.00000	0.00000	1.00000

boidNo = 7
boid Wall No = 0
position = = (-3.3, -4.8, 8.1)
Boid Radius= 10
Boid Frame=
 0.87076	-0.33032	0.36422	-3.30319
-0.48716	-0.47915	0.73013	-4.79154
0.06666	0.81320	0.57815	8.13204
0.00000	0.00000	0.00000	1.00000

boidNo = 8
boid Wall No = 0
position = = (4.8, -8.8, -0.2)
Boid Radius= 9.999999
Boid Frame=
 0.26407	0.47814	0.83765	4.78137
0.16178	-0.87813	0.45024	-8.78128
-0.95084	-0.01662	0.30924	-0.16622
0.00000	0.00000	0.00000	1.00000

boidNo = 9
boid Wall No = 1
position = = (6.0, 7.9, 0.7)
Boid Radius= 10
Boid Frame=
 0.37247	0.60455	-0.70412	6.04546
-0.20504	0.79358	0.57289	7.93576
-0.90511	0.06901	-0.41954	0.69009
0.00000	0.00000	0.00000	1.00000

boidNo = 10
boid Wall No = 0
position = = (-7.8, -1.7, -6.1)
Boid Radius= 10
Boid Frame=
 -0.35044	-0.77621	-0.52411	-7.76208
-0.68337	-0.17075	0.70982	-1.70751
0.64046	-0.60691	0.47060	-6.06915
0.00000	0.00000	0.00000	1.00000

boidNo = 11
boid Wall No = 0
position = = (5.8, -6.3, -5.2)
Boid Radius= 10
Boid Frame=
 -0.78497	0.57783	0.22346	5.77827
-0.25662	-0.63156	0.73163	-6.31557
-0.56388	-0.51696	-0.64404	-5.16964
0.00000	0.00000	0.00000	1.00000

boidNo = 12
boid Wall No = 0
position = = (4.5, -1.2, 8.9)
Boid Radius= 10
Boid Frame=
 0.57992	0.44667	0.68131	4.46674
-0.71529	-0.12111	0.68825	-1.21111
-0.38994	0.88646	-0.24927	8.86462
0.00000	0.00000	0.00000	1.00000

boidNo = 13
boid Wall No = 1
position = = (-8.2, 5.5, 1.3)
Boid Radius= 10
Boid Frame=
 -0.19622	-0.82443	0.53086	-8.24428
-0.49425	0.55074	0.67261	5.50741
0.84689	0.13040	0.51554	1.30397
0.00000	0.00000	0.00000	1.00000

boidNo = 14
boid Wall No = 1
position = = (8.3, 5.5, 0.0)
Boid Radius= 10
Boid Frame=
 0.33624	0.83289	-0.43958	8.32895
-0.49981	0.55341	0.66628	5.53414
-0.79821	0.00433	-0.60236	0.04326
0.00000	0.00000	0.00000	1.00000

