Iteration Num of Simuation:0
m_SimulationDeltaT of action plan:0
boidNo = 0
boid Wall No = 0
position = = (0.0, -8.6, -5.2)
Boid Radius= 10
Boid Frame=
 -0.98532	-0.00353	0.17066	-0.03531
0.09134	-0.85552	0.50965	-8.55520
-0.14420	-0.51776	-0.84329	-5.17758
0.00000	0.00000	0.00000	1.00000

boidNo = 1
boid Wall No = 1
position = = (0.2, 9.9, -1.5)
Boid Radius= 10
Boid Frame=
 -0.98947	0.01999	0.14333	0.19993
0.04142	0.98811	0.14809	9.88106
0.13866	-0.15247	0.97853	-1.52466
0.00000	0.00000	0.00000	1.00000

boidNo = 2
boid Wall No = 1
position = = (-7.8, 4.2, 4.7)
Boid Radius= 10
Boid Frame=
 0.16482	-0.77590	0.60894	-7.75902
-0.57789	0.42435	0.69711	4.24347
0.79930	0.46680	0.37845	4.66804
0.00000	0.00000	0.00000	1.00000

boidNo = 3
boid Wall No = 1
position = = (0.8, 0.8, -9.9)
Boid Radius= 10
Boid Frame=
 -0.70763	0.07710	-0.70236	0.77096
-0.69770	0.08084	0.71181	0.80838
-0.11166	-0.99374	0.00341	-9.93741
0.00000	0.00000	0.00000	1.00000

boidNo = 4
boid Wall No = 0
position = = (9.4, -3.2, 1.0)
Boid Radius= 10
Boid Frame=
 -0.11269	0.94030	0.32116	9.40297
-0.57755	-0.32500	0.74887	-3.24996
-0.80854	0.10109	-0.57970	1.01093
0.00000	0.00000	0.00000	1.00000

boidNo = 5
boid Wall No = 0
position = = (0.3, -9.1, 4.2)
Boid Radius= 10
Boid Frame=
 0.93298	0.02799	-0.35883	0.27993
0.17474	-0.90681	0.38361	-9.06813
0.31465	0.42060	0.85093	4.20603
0.00000	0.00000	0.00000	1.00000

boidNo = 6
boid Wall No = 0
position = = (7.1, -6.9, -1.5)
Boid Radius= 10
Boid Frame=
 -0.42571	0.71313	0.55698	7.13126
-0.25930	-0.68587	0.67996	-6.85867
-0.86691	-0.14504	-0.47689	-1.45042
0.00000	0.00000	0.00000	1.00000

boidNo = 7
boid Wall No = 0
position = = (0.0, -9.2, -3.9)
Boid Radius= 10
Boid Frame=
 -0.91807	0.00048	0.39642	0.00482
0.15576	-0.91913	0.36185	-9.19133
-0.36453	-0.39395	-0.84375	-3.93946
0.00000	0.00000	0.00000	1.00000

boidNo = 8
boid Wall No = 0
position = = (-3.4, -9.4, 0.7)
Boid Radius= 10
Boid Frame=
 -0.37327	-0.33796	-0.86398	-3.37955
0.20325	-0.93845	0.27928	-9.38453
0.90518	0.07136	-0.41899	0.71358
0.00000	0.00000	0.00000	1.00000

boidNo = 9
boid Wall No = 0
position = = (-0.1, -10.0, -0.1)
Boid Radius= 10
Boid Frame=
 -0.30605	-0.00814	-0.95198	-0.08139
-0.00487	-0.99994	0.01011	-9.99937
0.95200	-0.00773	-0.30600	-0.07728
0.00000	0.00000	0.00000	1.00000

boidNo = 10
boid Wall No = 0
position = = (10.0, -0.7, -0.5)
Boid Radius= 10
Boid Frame=
 -0.08300	0.99645	0.01392	9.96452
-0.65460	-0.06505	0.75317	-0.65047
-0.75140	-0.05340	-0.65768	-0.53403
0.00000	0.00000	0.00000	1.00000

boidNo = 11
boid Wall No = 0
position = = (-1.5, -9.9, -0.9)
Boid Radius= 10
Boid Frame=
 -0.94216	-0.15009	-0.29969	-1.50087
0.11641	-0.98500	0.12735	-9.85004
0.31431	-0.08509	-0.94550	-0.85094
0.00000	0.00000	0.00000	1.00000

boidNo = 12
boid Wall No = 0
position = = (-8.1, -2.9, -5.1)
Boid Radius= 10
Boid Frame=
 -0.19640	-0.80766	-0.55598	-8.07661
-0.68894	-0.28980	0.66436	-2.89803
0.69770	-0.51352	0.49951	-5.13516
0.00000	0.00000	0.00000	1.00000

boidNo = 13
boid Wall No = 1
position = = (-8.7, 5.0, -0.3)
Boid Radius= 10
Boid Frame=
 -0.32910	-0.86619	0.37603	-8.66195
-0.52343	0.49877	0.69083	4.98774
0.78595	-0.03052	0.61754	-0.30521
0.00000	0.00000	0.00000	1.00000

boidNo = 14
boid Wall No = 0
position = = (9.5, -0.6, 3.0)
Boid Radius= 10
Boid Frame=
 0.20078	0.95264	0.22840	9.52638
-0.61694	-0.05815	0.78486	-0.58149
-0.76097	0.29849	-0.57604	2.98495
0.00000	0.00000	0.00000	1.00000

