Iteration Num of Simuation:0
m_SimulationDeltaT of action plan:0
boidNo = 0
boid Wall No = 0
position = = (-0.5, -2.1, 9.8)
Boid Radius= 10
Boid Frame=
 0.72950	-0.04665	0.68239	-0.46648
-0.67497	-0.21048	0.70719	-2.10481
-0.11064	0.97648	0.18503	9.76484
0.00000	0.00000	0.00000	1.00000

boidNo = 1
boid Wall No = 0
position = = (6.8, -6.6, -3.3)
Boid Radius= 10
Boid Frame=
 -0.63447	0.67635	0.37417	6.76350
-0.29053	-0.65726	0.69542	-6.57257
-0.71627	-0.33251	-0.61351	-3.32512
0.00000	0.00000	0.00000	1.00000

boidNo = 2
boid Wall No = 1
position = = (-3.2, 7.1, -6.3)
Boid Radius= 10
Boid Frame=
 -0.93707	-0.31564	-0.14926	-3.15644
-0.33734	0.70821	0.62019	7.08209
0.09006	-0.63151	0.77012	-6.31513
0.00000	0.00000	0.00000	1.00000

boidNo = 3
boid Wall No = 0
position = = (-2.4, -1.2, 9.6)
Boid Radius= 10
Boid Frame=
 0.71386	-0.24200	0.65715	-2.41999
-0.69453	-0.12454	0.70860	-1.24543
0.08964	0.96225	0.25698	9.62250
0.00000	0.00000	0.00000	1.00000

boidNo = 4
boid Wall No = 0
position = = (2.3, -6.3, 7.4)
Boid Radius= 10
Boid Frame=
 0.75045	0.23234	0.61875	2.32342
-0.36956	-0.62864	0.68428	-6.28638
-0.54795	0.74218	0.38589	7.42180
0.00000	0.00000	0.00000	1.00000

boidNo = 5
boid Wall No = 1
position = = (7.8, 6.2, 0.0)
Boid Radius= 10
Boid Frame=
 0.34402	0.78129	-0.52079	7.81295
-0.42766	0.62416	0.65386	6.24158
-0.83591	0.00222	-0.54886	0.02220
0.00000	0.00000	0.00000	1.00000

boidNo = 6
boid Wall No = 1
position = = (6.3, 1.6, 7.6)
Boid Radius= 10
Boid Frame=
 0.63187	0.63415	0.44564	6.34148
-0.67261	0.16293	0.72184	1.62926
-0.38515	0.75585	-0.52948	7.55852
0.00000	0.00000	0.00000	1.00000

boidNo = 7
boid Wall No = 1
position = = (6.9, 7.2, -0.6)
Boid Radius= 10
Boid Frame=
 0.23742	0.69061	-0.68314	6.90614
-0.30085	0.72095	0.62428	7.20951
-0.92365	-0.05730	-0.37894	-0.57301
0.00000	0.00000	0.00000	1.00000

boidNo = 8
boid Wall No = 0
position = = (-1.4, -7.3, 6.7)
Boid Radius= 9.999999
Boid Frame=
 0.98887	-0.13665	0.05882	-1.36654
-0.14037	-0.72598	0.67323	-7.25984
0.04930	0.67400	0.73709	6.73998
0.00000	0.00000	0.00000	1.00000

boidNo = 9
boid Wall No = 1
position = = (-4.1, 9.1, -0.5)
Boid Radius= 10
Boid Frame=
 -0.16768	-0.41111	0.89603	-4.11112
-0.02070	0.91017	0.41372	9.10167
0.98562	-0.05082	0.16112	-0.50824
0.00000	0.00000	0.00000	1.00000

boidNo = 10
boid Wall No = 1
position = = (-3.5, 9.1, 2.2)
Boid Radius= 10
Boid Frame=
 0.50554	-0.35019	0.78854	-3.50187
-0.00934	0.91166	0.41085	9.11657
0.86275	0.21506	-0.45761	2.15059
0.00000	0.00000	0.00000	1.00000

boidNo = 11
boid Wall No = 1
position = = (0.9, 9.9, -1.0)
Boid Radius= 10
Boid Frame=
 -0.95572	0.09000	-0.28019	0.90005
0.05849	0.99118	0.11888	9.91185
-0.28842	-0.09722	0.95256	-0.97222
0.00000	0.00000	0.00000	1.00000

boidNo = 12
boid Wall No = 1
position = = (1.0, 9.9, 1.1)
Boid Radius= 10
Boid Frame=
 0.51173	0.09843	-0.85349	0.98434
0.04568	0.98889	0.14144	9.88893
-0.85793	0.11137	-0.50155	1.11365
0.00000	0.00000	0.00000	1.00000

boidNo = 13
boid Wall No = 0
position = = (6.6, -4.5, -6.1)
Boid Radius= 10
Boid Frame=
 -0.73664	0.65647	-0.16251	6.56469
-0.55434	-0.44849	0.70112	-4.48486
-0.38738	-0.60656	-0.69428	-6.06555
0.00000	0.00000	0.00000	1.00000

boidNo = 14
boid Wall No = 0
position = = (1.0, -5.3, -8.4)
Boid Radius= 10
Boid Frame=
 -0.73282	0.09775	-0.67336	0.97753
-0.61139	-0.52892	0.58859	-5.28922
0.29862	-0.84302	-0.44737	-8.43022
0.00000	0.00000	0.00000	1.00000

