Iteration Num of Simuation:0
m_SimulationDeltaT of action plan:0
boidNo = 0
boid Wall No = 0
position = = (-0.7, -8.1, -5.8)
Boid Radius= 10
Boid Frame=
 -0.99506	-0.06930	-0.07103	-0.69301
0.01444	-0.80930	0.58722	-8.09297
0.09818	-0.58330	-0.80630	-5.83297
0.00000	0.00000	0.00000	1.00000

boidNo = 1
boid Wall No = 0
position = = (1.7, -7.9, -5.9)
Boid Radius= 10
Boid Frame=
 -0.96766	0.17471	0.18197	1.74707
-0.02595	-0.78647	0.61708	-7.86471
-0.25093	-0.59240	-0.76557	-5.92403
0.00000	0.00000	0.00000	1.00000

boidNo = 2
boid Wall No = 1
position = = (5.6, 5.4, 6.3)
Boid Radius= 10
Boid Frame=
 0.81631	0.56074	0.13860	5.60740
-0.48551	0.53610	0.69056	5.36102
-0.31292	0.63100	-0.70987	6.31003
0.00000	0.00000	0.00000	1.00000

boidNo = 3
boid Wall No = 0
position = = (-0.6, -9.8, 1.8)
Boid Radius= 10
Boid Frame=
 0.45534	-0.05946	-0.88833	-0.59457
0.13808	-0.98098	0.13643	-9.80979
0.87955	0.18478	0.43847	1.84784
0.00000	0.00000	0.00000	1.00000

boidNo = 4
boid Wall No = 0
position = = (-0.6, -10.0, -0.7)
Boid Radius= 10
Boid Frame=
 -0.85664	-0.06031	-0.51238	-0.60309
0.01769	-0.99599	0.08766	-9.95994
0.51561	-0.06603	-0.85427	-0.66026
0.00000	0.00000	0.00000	1.00000

boidNo = 5
boid Wall No = 1
position = = (-5.0, 8.4, -2.0)
Boid Radius= 10
Boid Frame=
 -0.58204	-0.49571	0.64459	-4.95715
-0.15118	0.84484	0.51321	8.44845
0.79899	-0.20126	0.56667	-2.01257
0.00000	0.00000	0.00000	1.00000

boidNo = 6
boid Wall No = 0
position = = (-8.6, -3.0, 4.1)
Boid Radius= 9.999999
Boid Frame=
 0.49748	-0.86198	0.09747	-8.61983
-0.65965	-0.30293	0.68782	-3.02933
0.56336	0.40647	0.71931	4.06468
0.00000	0.00000	0.00000	1.00000

boidNo = 7
boid Wall No = 0
position = = (5.3, -8.0, 2.9)
Boid Radius= 10
Boid Frame=
 0.47779	0.52802	0.70208	5.28017
-0.00442	-0.79775	0.60298	-7.97748
-0.87846	0.29120	0.37882	2.91199
0.00000	0.00000	0.00000	1.00000

boidNo = 8
boid Wall No = 1
position = = (0.2, 9.9, -1.7)
Boid Radius= 10
Boid Frame=
 -0.96163	0.01995	0.27361	0.19951
0.06499	0.98553	0.15655	9.85530
0.26653	-0.16832	0.94902	-1.68323
0.00000	0.00000	0.00000	1.00000

boidNo = 9
boid Wall No = 0
position = = (0.7, -8.6, 5.0)
Boid Radius= 10
Boid Frame=
 0.99437	0.07321	-0.07665	0.73214
0.10171	-0.86264	0.49548	-8.62644
0.02984	0.50048	0.86523	5.00484
0.00000	0.00000	0.00000	1.00000

boidNo = 10
boid Wall No = 0
position = = (0.7, -10.0, 0.2)
Boid Radius= 10
Boid Frame=
 0.57665	0.06820	0.81414	0.68200
0.02438	-0.99750	0.06629	-9.97502
-0.81663	0.01838	0.57687	0.18382
0.00000	0.00000	0.00000	1.00000

boidNo = 11
boid Wall No = 0
position = = (8.3, -1.6, -5.3)
Boid Radius= 10
Boid Frame=
 -0.42066	0.83136	-0.36316	8.31360
-0.80518	-0.15769	0.57169	-1.57689
-0.41801	-0.53289	-0.73573	-5.32892
0.00000	0.00000	0.00000	1.00000

boidNo = 12
boid Wall No = 0
position = = (7.7, -5.9, 2.4)
Boid Radius= 10
Boid Frame=
 -0.01907	0.77104	0.63650	7.71045
-0.39593	-0.59039	0.70333	-5.90389
-0.91808	0.23860	-0.31654	2.38600
0.00000	0.00000	0.00000	1.00000

boidNo = 13
boid Wall No = 0
position = = (-6.9, -2.6, 6.8)
Boid Radius= 10
Boid Frame=
 0.61241	-0.68900	0.38761	-6.88996
-0.70928	-0.26236	0.65429	-2.62355
0.34911	0.67561	0.64936	6.75614
0.00000	0.00000	0.00000	1.00000

boidNo = 14
boid Wall No = 0
position = = (0.9, -5.8, -8.1)
Boid Radius= 9.999999
Boid Frame=
 -0.90510	0.08888	-0.41580	0.88876
-0.38657	-0.57923	0.71767	-5.79230
0.17706	-0.81030	-0.55862	-8.10305
0.00000	0.00000	0.00000	1.00000

