Iteration Num of Simuation:0
m_SimulationDeltaT of action plan:0
boidNo = 0
boid Wall No = 0
position = = (8.8, -3.3, 3.3)
Boid Radius= 10
Boid Frame=
 0.01160	0.88447	0.46645	8.84474
-0.69827	-0.32674	0.63692	-3.26736
-0.71574	0.33309	-0.61381	3.33092
0.00000	0.00000	0.00000	1.00000

boidNo = 1
boid Wall No = 1
position = = (8.7, 0.7, 4.9)
Boid Radius= 10
Boid Frame=
 0.39632	0.86659	0.30323	8.66593
-0.69394	0.06649	0.71696	0.66490
-0.60115	0.49457	-0.62771	4.94566
0.00000	0.00000	0.00000	1.00000

boidNo = 2
boid Wall No = 1
position = = (-7.3, 2.9, -6.2)
Boid Radius= 10
Boid Frame=
 -0.62337	-0.72679	-0.28842	-7.26788
-0.65934	0.29031	0.69353	2.90309
0.42032	-0.62249	0.66017	-6.22495
0.00000	0.00000	0.00000	1.00000

boidNo = 3
boid Wall No = 0
position = = (-8.3, -5.2, 2.2)
Boid Radius= 10
Boid Frame=
 0.45663	-0.82526	-0.33232	-8.25261
-0.38860	-0.52103	0.75994	-5.21033
0.80030	0.21787	0.55862	2.17874
0.00000	0.00000	0.00000	1.00000

boidNo = 4
boid Wall No = 0
position = = (-3.1, -2.7, -9.1)
Boid Radius= 10
Boid Frame=
 -0.64436	-0.30741	-0.70022	-3.07410
-0.64513	-0.27315	0.71358	-2.73149
0.41063	-0.91153	0.02231	-9.11531
0.00000	0.00000	0.00000	1.00000

boidNo = 5
boid Wall No = 0
position = = (-1.8, -9.0, -3.9)
Boid Radius= 9.999999
Boid Frame=
 -0.97335	-0.17900	0.14333	-1.78995
0.22026	-0.90366	0.36726	-9.03664
-0.06379	-0.38904	-0.91901	-3.89040
0.00000	0.00000	0.00000	1.00000

boidNo = 6
boid Wall No = 0
position = = (4.0, -8.5, -3.6)
Boid Radius= 10
Boid Frame=
 -0.55406	0.39651	0.73198	3.96509
0.08964	-0.84575	0.52599	-8.45754
-0.82763	-0.35704	-0.43306	-3.57044
0.00000	0.00000	0.00000	1.00000

boidNo = 7
boid Wall No = 1
position = = (3.6, 7.6, 5.4)
Boid Radius= 10
Boid Frame=
 0.92899	0.36223	-0.07591	3.62234
-0.24758	0.76069	0.60005	7.60687
-0.27510	0.53865	-0.79635	5.38649
0.00000	0.00000	0.00000	1.00000

boidNo = 8
boid Wall No = 0
position = = (7.1, -4.1, 5.7)
Boid Radius= 10
Boid Frame=
 0.31777	0.70995	0.62849	7.09946
-0.54026	-0.40914	0.73534	-4.09143
-0.77919	0.57322	-0.25354	5.73218
0.00000	0.00000	0.00000	1.00000

boidNo = 9
boid Wall No = 1
position = = (0.5, 7.6, 6.5)
Boid Radius= 10
Boid Frame=
 0.93552	0.05404	0.34912	0.54041
-0.26487	0.76123	0.59193	7.61228
0.23377	0.64623	-0.72646	6.46229
0.00000	0.00000	0.00000	1.00000

boidNo = 10
boid Wall No = 1
position = = (5.6, 2.3, -8.0)
Boid Radius= 10
Boid Frame=
 -0.51113	0.55531	-0.65603	5.55313
-0.66333	0.23051	0.71194	2.30511
-0.54657	-0.79906	-0.25053	-7.99057
0.00000	0.00000	0.00000	1.00000

boidNo = 11
boid Wall No = 1
position = = (7.5, 3.8, -5.4)
Boid Radius= 10
Boid Frame=
 -0.23403	0.75294	-0.61507	7.52943
-0.61010	0.37883	0.69589	3.78830
-0.75697	-0.53811	-0.37072	-5.38112
0.00000	0.00000	0.00000	1.00000

boidNo = 12
boid Wall No = 1
position = = (-7.8, 2.1, 5.9)
Boid Radius= 10
Boid Frame=
 0.27906	-0.78034	0.55964	-7.80337
-0.73005	0.20620	0.65155	2.06199
0.62382	0.59039	0.51214	5.90387
0.00000	0.00000	0.00000	1.00000

boidNo = 13
boid Wall No = 0
position = = (-9.9, -0.8, -1.3)
Boid Radius= 10
Boid Frame=
 -0.03849	-0.98891	-0.14347	-9.88906
-0.70248	-0.07534	0.70771	-0.75335
0.71066	-0.12802	0.69179	-1.28021
0.00000	0.00000	0.00000	1.00000

boidNo = 14
boid Wall No = 1
position = = (4.1, 7.9, 4.6)
Boid Radius= 10
Boid Frame=
 0.87241	0.41073	-0.26497	4.10726
-0.19252	0.78704	0.58610	7.87035
-0.44927	0.46030	-0.76569	4.60304
0.00000	0.00000	0.00000	1.00000

