Iteration Num of Simuation:0
m_SimulationDeltaT of action plan:0
boidNo = 0
boid Wall No = 0
position = = (-6.5, -3.6, -6.7)
Boid Radius= 10
Boid Frame=
 -0.39313	-0.64752	-0.65282	-6.47516
-0.59492	-0.36222	0.71754	-3.62222
0.70108	-0.67046	0.24282	-6.70462
0.00000	0.00000	0.00000	1.00000

boidNo = 1
boid Wall No = 0
position = = (7.3, -1.4, -6.7)
Boid Radius= 10
Boid Frame=
 -0.55459	0.72892	-0.40138	7.28924
-0.69206	-0.13620	0.70888	-1.36199
-0.46205	-0.67091	-0.57999	-6.70910
0.00000	0.00000	0.00000	1.00000

boidNo = 2
boid Wall No = 0
position = = (8.2, -5.4, 1.8)
Boid Radius= 10
Boid Frame=
 -0.09186	0.82005	0.56486	8.20055
-0.42903	-0.54450	0.72073	-5.44505
-0.89861	0.17614	-0.40185	1.76139
0.00000	0.00000	0.00000	1.00000

boidNo = 3
boid Wall No = 1
position = = (1.9, 9.8, 0.1)
Boid Radius= 10
Boid Frame=
 -0.32978	0.18795	-0.92516	1.87947
0.06953	0.98216	0.17474	9.82156
-0.94149	0.00670	0.33696	0.06704
0.00000	0.00000	0.00000	1.00000

boidNo = 4
boid Wall No = 1
position = = (-4.9, 6.0, 6.3)
Boid Radius= 10
Boid Frame=
 0.44988	-0.49336	0.74445	-4.93365
-0.44768	0.59670	0.66599	5.96700
0.77278	0.63288	-0.04758	6.32883
0.00000	0.00000	0.00000	1.00000

boidNo = 5
boid Wall No = 0
position = = (-2.3, -7.6, -6.1)
Boid Radius= 10
Boid Frame=
 -0.89382	-0.23222	-0.38361	-2.32221
-0.07950	-0.75985	0.64522	-7.59849
0.44132	-0.60721	-0.66071	-6.07209
0.00000	0.00000	0.00000	1.00000

boidNo = 6
boid Wall No = 0
position = = (1.9, -9.8, 0.8)
Boid Radius= 10
Boid Frame=
 0.86314	0.19182	0.46711	1.91821
0.13090	-0.97841	0.15990	-9.78415
-0.48770	0.07687	0.86962	0.76874
0.00000	0.00000	0.00000	1.00000

boidNo = 7
boid Wall No = 0
position = = (1.9, -9.8, 0.6)
Boid Radius= 10
Boid Frame=
 0.92124	0.19038	0.33922	1.90378
0.15641	-0.97974	0.12508	-9.79740
-0.35616	0.06217	0.93236	0.62172
0.00000	0.00000	0.00000	1.00000

boidNo = 8
boid Wall No = 1
position = = (-1.8, 7.4, 6.5)
Boid Radius= 10
Boid Frame=
 0.79443	-0.17879	0.58044	-1.78795
-0.28185	0.73803	0.61309	7.38026
0.53800	0.65065	-0.53592	6.50653
0.00000	0.00000	0.00000	1.00000

boidNo = 9
boid Wall No = 1
position = = (-8.6, 0.9, -5.0)
Boid Radius= 10
Boid Frame=
 -0.40897	-0.86043	-0.30399	-8.60429
-0.71178	0.09231	0.69631	0.92309
0.57107	-0.50114	0.65019	-5.01140
0.00000	0.00000	0.00000	1.00000

boidNo = 10
boid Wall No = 1
position = = (-2.3, 9.4, 2.4)
Boid Radius= 10
Boid Frame=
 0.78742	-0.23098	0.57151	-2.30977
0.03819	0.94364	0.32875	9.43643
0.61524	0.23704	-0.75186	2.37040
0.00000	0.00000	0.00000	1.00000

boidNo = 11
boid Wall No = 0
position = = (5.7, -7.6, 3.2)
Boid Radius= 10
Boid Frame=
 0.39554	0.57007	0.72012	5.70072
-0.08651	-0.75745	0.64714	-7.57446
-0.91437	0.31827	0.25028	3.18269
0.00000	0.00000	0.00000	1.00000

boidNo = 12
boid Wall No = 0
position = = (0.4, -9.8, -1.7)
Boid Radius= 10
Boid Frame=
 -0.47496	0.04414	0.87890	0.44142
0.12976	-0.98431	0.11956	-9.84311
-0.87039	-0.17083	-0.46178	-1.70829
0.00000	0.00000	0.00000	1.00000

boidNo = 13
boid Wall No = 1
position = = (4.4, 8.4, -3.2)
Boid Radius= 10
Boid Frame=
 -0.41358	0.43832	-0.79801	4.38319
-0.12479	0.84093	0.52656	8.40927
-0.90187	-0.31736	0.29309	-3.17360
0.00000	0.00000	0.00000	1.00000

boidNo = 14
boid Wall No = 0
position = = (-0.5, -9.8, 1.7)
Boid Radius= 10
Boid Frame=
 0.42126	-0.05217	-0.90544	-0.52175
0.13223	-0.98414	0.11823	-9.84142
0.89725	0.16954	0.40768	1.69536
0.00000	0.00000	0.00000	1.00000

