Iteration Num of Simuation:0
m_SimulationDeltaT of action plan:0
boidNo = 0
boid Wall No = 0
position = = (2.8, -9.6, -0.6)
Boid Radius= 10
Boid Frame=
 0.39092	0.28258	0.87598	2.82577
0.17295	-0.95731	0.23163	-9.57306
-0.90403	-0.06096	0.42310	-0.60955
0.00000	0.00000	0.00000	1.00000

boidNo = 1
boid Wall No = 0
position = = (0.1, -10.0, 0.5)
Boid Radius= 10
Boid Frame=
 0.96475	0.00831	0.26302	0.08311
-0.00532	-0.99868	0.05109	-9.98680
-0.26310	0.05069	0.96344	0.50688
0.00000	0.00000	0.00000	1.00000

boidNo = 2
boid Wall No = 1
position = = (-5.1, 8.0, -3.1)
Boid Radius= 10
Boid Frame=
 -0.71988	-0.50712	0.47392	-5.07117
-0.19384	0.80251	0.56427	8.02508
0.66648	-0.31435	0.67601	-3.14345
0.00000	0.00000	0.00000	1.00000

boidNo = 3
boid Wall No = 1
position = = (-7.4, 6.4, 2.0)
Boid Radius= 10
Boid Frame=
 -0.10889	-0.73886	0.66500	-7.38862
-0.41392	0.64193	0.64545	6.41925
0.90378	0.20498	0.37572	2.04976
0.00000	0.00000	0.00000	1.00000

boidNo = 4
boid Wall No = 0
position = = (8.4, -3.9, -3.7)
Boid Radius= 10
Boid Frame=
 -0.53495	0.84160	0.07443	8.41599
-0.50744	-0.39048	0.76814	-3.90479
-0.67553	-0.37315	-0.63594	-3.73146
0.00000	0.00000	0.00000	1.00000

boidNo = 5
boid Wall No = 0
position = = (9.1, -2.6, -3.3)
Boid Radius= 10
Boid Frame=
 -0.40158	0.90796	-0.11974	9.07962
-0.76446	-0.26034	0.58976	-2.60337
-0.50431	-0.32838	-0.79865	-3.28375
0.00000	0.00000	0.00000	1.00000

boidNo = 6
boid Wall No = 0
position = = (0.1, -0.8, 10.0)
Boid Radius= 10
Boid Frame=
 0.67096	0.01297	0.74138	0.12969
-0.73828	-0.08141	0.66957	-0.81412
-0.06904	0.99660	0.04505	9.96596
0.00000	0.00000	0.00000	1.00000

boidNo = 7
boid Wall No = 1
position = = (-1.3, 9.8, -1.3)
Boid Radius= 10
Boid Frame=
 -0.50951	-0.12846	0.85082	-1.28462
0.04366	0.98366	0.17466	9.83660
0.85936	-0.12614	0.49558	-1.26139
0.00000	0.00000	0.00000	1.00000

boidNo = 8
boid Wall No = 1
position = = (-2.7, 6.7, 6.9)
Boid Radius= 10
Boid Frame=
 0.66175	-0.26541	0.70117	-2.65406
-0.39282	0.67385	0.62580	6.73846
0.63857	0.68956	-0.34166	6.89559
0.00000	0.00000	0.00000	1.00000

boidNo = 9
boid Wall No = 0
position = = (4.4, -7.9, -4.3)
Boid Radius= 10
Boid Frame=
 -0.72327	0.43601	0.53552	4.36006
-0.02162	-0.78939	0.61351	-7.89390
-0.69023	-0.43216	-0.58037	-4.32161
0.00000	0.00000	0.00000	1.00000

boidNo = 10
boid Wall No = 0
position = = (1.6, -4.0, 9.0)
Boid Radius= 10
Boid Frame=
 0.77182	0.16149	0.61499	1.61485
-0.51768	-0.40200	0.75525	-4.02000
-0.36919	0.90129	0.22668	9.01287
0.00000	0.00000	0.00000	1.00000

boidNo = 11
boid Wall No = 0
position = = (-5.1, -5.3, -6.8)
Boid Radius= 10
Boid Frame=
 -0.44990	-0.51107	-0.73239	-5.11071
-0.50505	-0.53075	0.68061	-5.30753
0.73656	-0.67610	0.01933	-6.76098
0.00000	0.00000	0.00000	1.00000

boidNo = 12
boid Wall No = 0
position = = (2.2, -9.7, -0.9)
Boid Radius= 10
Boid Frame=
 0.69024	0.21864	0.68976	2.18643
0.21824	-0.97177	0.08964	-9.71769
-0.68989	-0.08866	0.71847	-0.88658
0.00000	0.00000	0.00000	1.00000

boidNo = 13
boid Wall No = 1
position = = (9.1, 0.8, -4.0)
Boid Radius= 10
Boid Frame=
 -0.24463	0.91411	-0.32335	9.14113
-0.67652	0.07799	0.73228	0.77987
-0.69461	-0.39789	-0.59934	-3.97889
0.00000	0.00000	0.00000	1.00000

boidNo = 14
boid Wall No = 0
position = = (8.3, -0.9, 5.6)
Boid Radius= 10
Boid Frame=
 0.34342	0.82527	0.44832	8.25267
-0.70005	-0.09329	0.70798	-0.93292
-0.62609	0.55698	-0.54569	5.56985
0.00000	0.00000	0.00000	1.00000

