Iteration Num of Simuation:0
m_SimulationDeltaT of action plan:0
boidNo = 0
boid Wall No = 0
position = = (-3.5, -7.7, -5.4)
Boid Radius= 10
Boid Frame=
 -0.78371	-0.35382	-0.51050	-3.53820
-0.07123	-0.76527	0.63975	-7.65272
0.61703	-0.53775	-0.57455	-5.37746
0.00000	0.00000	0.00000	1.00000

boidNo = 1
boid Wall No = 1
position = = (-7.0, 7.1, 0.8)
Boid Radius= 10
Boid Frame=
 -0.19915	-0.69998	0.68583	-6.99983
-0.30080	0.70973	0.63703	7.09729
0.93266	0.07943	0.35190	0.79431
0.00000	0.00000	0.00000	1.00000

boidNo = 2
boid Wall No = 1
position = = (1.1, 8.5, -5.2)
Boid Radius= 10
Boid Frame=
 -0.89781	0.11233	-0.42581	1.12332
-0.13598	0.84896	0.51066	8.48962
-0.41886	-0.51638	0.74693	-5.16377
0.00000	0.00000	0.00000	1.00000

boidNo = 3
boid Wall No = 0
position = = (9.6, -0.3, 2.7)
Boid Radius= 10
Boid Frame=
 0.16832	0.96241	0.21314	9.62415
-0.70620	-0.03312	0.70724	-0.33118
-0.68772	0.26956	-0.67408	2.69557
0.00000	0.00000	0.00000	1.00000

boidNo = 4
boid Wall No = 0
position = = (0.7, -10.0, 0.3)
Boid Radius= 10
Boid Frame=
 0.71533	0.07483	0.69477	0.74833
0.03233	-0.99673	0.07407	-9.96729
-0.69804	0.03053	0.71541	0.30527
0.00000	0.00000	0.00000	1.00000

boidNo = 5
boid Wall No = 1
position = = (-0.6, 4.6, -8.9)
Boid Radius= 10
Boid Frame=
 -0.82370	-0.06286	-0.56352	-0.62863
-0.52599	0.45589	0.71798	4.55892
-0.21177	-0.88781	0.40859	-8.87812
0.00000	0.00000	0.00000	1.00000

boidNo = 6
boid Wall No = 1
position = = (-1.3, 9.8, 1.2)
Boid Radius= 10
Boid Frame=
 0.90261	-0.12931	0.41057	-1.29315
0.06757	0.98455	0.16154	9.84550
0.42512	0.11806	-0.89741	1.18063
0.00000	0.00000	0.00000	1.00000

boidNo = 7
boid Wall No = 0
position = = (-1.2, -5.7, -8.2)
Boid Radius= 9.999999
Boid Frame=
 -0.84316	-0.11696	-0.52479	-1.16956
-0.37768	-0.56586	0.73291	-5.65858
0.38267	-0.81617	-0.43294	-8.16165
0.00000	0.00000	0.00000	1.00000

boidNo = 8
boid Wall No = 0
position = = (3.4, -9.3, -1.0)
Boid Radius= 10
Boid Frame=
 0.14826	0.34177	0.92802	3.41772
0.15674	-0.93465	0.31917	-9.34645
-0.97645	-0.09814	0.19214	-0.98137
0.00000	0.00000	0.00000	1.00000

boidNo = 9
boid Wall No = 0
position = = (-2.1, -9.8, 0.5)
Boid Radius= 10
Boid Frame=
 -0.60100	-0.20893	-0.77146	-2.08933
0.17111	-0.97648	0.13116	-9.76483
0.78072	0.05318	-0.62261	0.53175
0.00000	0.00000	0.00000	1.00000

boidNo = 10
boid Wall No = 1
position = = (-9.2, 3.5, 1.7)
Boid Radius= 9.999999
Boid Frame=
 -0.10688	-0.92166	0.37299	-9.21660
-0.65240	0.34809	0.67320	3.48094
0.75030	0.17139	0.63850	1.71386
0.00000	0.00000	0.00000	1.00000

boidNo = 11
boid Wall No = 0
position = = (6.9, -6.1, -4.0)
Boid Radius= 10
Boid Frame=
 -0.66209	0.68783	0.29754	6.87832
-0.29786	-0.60583	0.73773	-6.05835
-0.68770	-0.39982	-0.60599	-3.99815
0.00000	0.00000	0.00000	1.00000

boidNo = 12
boid Wall No = 1
position = = (2.1, 5.6, 8.0)
Boid Radius= 10
Boid Frame=
 0.86909	0.20527	0.45004	2.05272
-0.48115	0.56192	0.67286	5.61922
0.11477	0.80132	-0.58713	8.01316
0.00000	0.00000	0.00000	1.00000

boidNo = 13
boid Wall No = 1
position = = (-9.0, 4.0, -2.0)
Boid Radius= 10
Boid Frame=
 -0.42756	-0.89500	0.12712	-8.95005
-0.64472	0.40048	0.65112	4.00476
0.63367	-0.19643	0.74825	-1.96432
0.00000	0.00000	0.00000	1.00000

boidNo = 14
boid Wall No = 0
position = = (1.9, -9.8, -0.5)
Boid Radius= 10
Boid Frame=
 0.55486	0.18545	0.81101	1.85446
0.14654	-0.98138	0.12414	-9.81383
-0.81894	-0.04997	0.57170	-0.49968
0.00000	0.00000	0.00000	1.00000

