Iteration Num of Simuation:0
m_SimulationDeltaT of action plan:0
boidNo = 0
boid Wall No = 0
position = = (1.0, -6.4, -7.6)
Boid Radius= 10
Boid Frame=
 -0.25190	0.10302	-0.96225	1.03017
-0.75778	-0.63945	0.12992	-6.39447
0.60193	-0.76190	-0.23914	-7.61902
0.00000	0.00000	0.00000	1.00000

boidNo = 1
boid Wall No = 1
position = = (-2.6, 8.5, 4.5)
Boid Radius= 10
Boid Frame=
 0.72814	-0.26272	0.63308	-2.62719
-0.13244	0.85229	0.50602	8.52294
0.67251	0.45230	-0.58580	4.52299
0.00000	0.00000	0.00000	1.00000

boidNo = 2
boid Wall No = 1
position = = (0.9, 10.0, 0.3)
Boid Radius= 10
Boid Frame=
 0.79917	0.09131	-0.59414	0.91308
-0.05781	0.99549	0.07523	9.95489
-0.59832	0.02577	-0.80084	0.25770
0.00000	0.00000	0.00000	1.00000

boidNo = 3
boid Wall No = 0
position = = (-3.4, -3.5, 8.7)
Boid Radius= 10
Boid Frame=
 0.82021	-0.34267	0.45807	-3.42668
-0.56407	-0.35109	0.74737	-3.51087
0.09528	0.87139	0.48125	8.71388
0.00000	0.00000	0.00000	1.00000

boidNo = 4
boid Wall No = 1
position = = (6.8, 6.2, -3.8)
Boid Radius= 10
Boid Frame=
 -0.16246	0.68322	-0.71191	6.83220
-0.37831	0.62323	0.68444	6.23235
-0.91131	-0.38051	-0.15722	-3.80512
0.00000	0.00000	0.00000	1.00000

boidNo = 5
boid Wall No = 0
position = = (-0.8, -7.6, 6.5)
Boid Radius= 9.999999
Boid Frame=
 0.98863	-0.07910	0.12792	-0.79096
-0.14314	-0.75592	0.63882	-7.55922
-0.04617	0.64987	0.75865	6.49866
0.00000	0.00000	0.00000	1.00000

boidNo = 6
boid Wall No = 1
position = = (5.1, 2.4, -8.2)
Boid Radius= 10
Boid Frame=
 -0.53833	0.51042	-0.67058	5.10418
-0.65692	0.24427	0.71330	2.44274
-0.52788	-0.82450	-0.20380	-8.24502
0.00000	0.00000	0.00000	1.00000

boidNo = 7
boid Wall No = 1
position = = (-3.6, 9.0, -2.3)
Boid Radius= 10
Boid Frame=
 -0.68140	-0.36049	0.63698	-3.60492
-0.08631	0.90380	0.41916	9.03799
0.72680	-0.23064	0.64696	-2.30638
0.00000	0.00000	0.00000	1.00000

boidNo = 8
boid Wall No = 1
position = = (2.1, 9.1, -3.7)
Boid Radius= 10
Boid Frame=
 -0.22978	0.20502	-0.95140	2.05020
-0.32242	0.90632	0.27317	9.06325
-0.91829	-0.36952	0.14215	-3.69516
0.00000	0.00000	0.00000	1.00000

boidNo = 9
boid Wall No = 0
position = = (3.2, -5.4, 7.8)
Boid Radius= 10
Boid Frame=
 0.44699	0.31727	0.83639	3.17267
-0.63830	-0.54194	0.54670	-5.41941
-0.62672	0.77823	0.03973	7.78230
0.00000	0.00000	0.00000	1.00000

boidNo = 10
boid Wall No = 1
position = = (-9.3, 3.8, -0.2)
Boid Radius= 10
Boid Frame=
 -0.32018	-0.92655	0.19743	-9.26555
-0.76262	0.37573	0.52654	3.75728
0.56205	-0.01802	0.82691	-0.18024
0.00000	0.00000	0.00000	1.00000

boidNo = 11
boid Wall No = 0
position = = (7.5, -4.4, -4.9)
Boid Radius= 10
Boid Frame=
 -0.65798	0.75284	-0.01733	7.52837
-0.52361	-0.44085	0.72903	-4.40849
-0.54120	-0.48876	-0.68426	-4.88763
0.00000	0.00000	0.00000	1.00000

boidNo = 12
boid Wall No = 0
position = = (7.9, -6.2, 0.5)
Boid Radius= 9.999999
Boid Frame=
 -0.15821	0.78619	0.59738	7.86194
-0.27314	-0.61624	0.73867	-6.16242
-0.94887	0.04630	-0.31224	0.46301
0.00000	0.00000	0.00000	1.00000

boidNo = 13
boid Wall No = 0
position = = (-1.7, -3.4, 9.2)
Boid Radius= 10
Boid Frame=
 0.85630	-0.17089	0.48738	-1.70892
-0.51538	-0.34400	0.78489	-3.43998
-0.03353	0.92329	0.38264	9.23288
0.00000	0.00000	0.00000	1.00000

boidNo = 14
boid Wall No = 1
position = = (5.2, 8.5, -0.4)
Boid Radius= 10
Boid Frame=
 0.10473	0.51868	-0.84853	5.18681
-0.10439	0.85424	0.50929	8.54241
-0.98901	-0.03524	-0.14362	-0.35241
0.00000	0.00000	0.00000	1.00000

boidNo = 15
boid Wall No = 1
position = = (2.7, 9.6, -0.2)
Boid Radius= 10
Boid Frame=
 0.16323	0.26522	-0.95027	2.65215
-0.06728	0.96394	0.25747	9.63940
-0.98429	-0.02191	-0.17519	-0.21910
0.00000	0.00000	0.00000	1.00000

boidNo = 16
boid Wall No = 0
position = = (5.8, -7.0, -4.1)
Boid Radius= 10
Boid Frame=
 -0.81156	0.58413	-0.01238	5.84132
-0.51143	-0.69999	0.49845	-6.99991
-0.28250	-0.41086	-0.86683	-4.10856
0.00000	0.00000	0.00000	1.00000

boidNo = 17
boid Wall No = 0
position = = (-0.6, -10.0, -0.3)
Boid Radius= 10
Boid Frame=
 -0.28203	-0.05787	-0.95766	-0.57874
-0.01335	-0.99785	0.06424	-9.97846
0.95931	-0.03091	-0.28065	-0.30906
0.00000	0.00000	0.00000	1.00000

boidNo = 18
boid Wall No = 1
position = = (-4.8, 6.5, -5.9)
Boid Radius= 10
Boid Frame=
 -0.87377	-0.48009	-0.07768	-4.80090
-0.41385	0.65011	0.63724	6.50112
0.25543	-0.58896	0.76674	-5.88955
0.00000	0.00000	0.00000	1.00000

boidNo = 19
boid Wall No = 0
position = = (0.5, -10.0, 0.5)
Boid Radius= 10
Boid Frame=
 0.75297	0.04647	0.65641	0.46473
-0.00043	-0.99747	0.07111	-9.97469
-0.65806	0.05382	0.75104	0.53822
0.00000	0.00000	0.00000	1.00000

