Iteration Num of Simuation:0
m_SimulationDeltaT of action plan:0
boidNo = 0
boid Wall No = 1
position = = (-4.2, 9.0, 1.4)
Boid Radius= 10
Boid Frame=
 -0.20213	-0.41685	0.88622	-4.16848
-0.24687	0.89736	0.36578	8.97362
0.94774	0.14484	0.28429	1.44842
0.00000	0.00000	0.00000	1.00000

boidNo = 1
boid Wall No = 1
position = = (-5.2, 4.7, -7.1)
Boid Radius= 10
Boid Frame=
 -0.75203	-0.51939	-0.40581	-5.19391
-0.64820	0.47113	0.59823	4.71129
0.11953	-0.71293	0.69097	-7.12931
0.00000	0.00000	0.00000	1.00000

boidNo = 2
boid Wall No = 1
position = = (-7.2, 1.6, 6.7)
Boid Radius= 10
Boid Frame=
 0.25025	-0.72433	0.64243	-7.24334
-0.84329	0.16291	0.51218	1.62909
0.47565	0.66993	0.57005	6.69926
0.00000	0.00000	0.00000	1.00000

boidNo = 3
boid Wall No = 0
position = = (-5.4, -3.8, -7.5)
Boid Radius= 10
Boid Frame=
 -0.58620	-0.54217	-0.60202	-5.42170
-0.46381	-0.38468	0.79806	-3.84684
0.66427	-0.74704	0.02596	-7.47041
0.00000	0.00000	0.00000	1.00000

boidNo = 4
boid Wall No = 1
position = = (-3.6, 1.1, -9.3)
Boid Radius= 10
Boid Frame=
 -0.22289	-0.35780	-0.90681	-3.57799
-0.97442	0.10921	0.19642	1.09214
-0.02876	-0.92739	0.37299	-9.27390
0.00000	0.00000	0.00000	1.00000

boidNo = 5
boid Wall No = 1
position = = (4.3, 8.4, 3.3)
Boid Radius= 10
Boid Frame=
 0.86393	0.43420	0.25515	4.34202
-0.49101	0.83886	0.23499	8.38863
0.11200	0.32829	-0.93791	3.28294
0.00000	0.00000	0.00000	1.00000

boidNo = 6
boid Wall No = 1
position = = (2.9, 8.4, -4.6)
Boid Radius= 10
Boid Frame=
 -0.46409	0.29186	-0.83632	2.91864
-0.30049	0.83629	0.45860	8.36294
-0.83326	-0.46414	0.30041	-4.64141
0.00000	0.00000	0.00000	1.00000

boidNo = 7
boid Wall No = 1
position = = (-0.5, 5.7, 8.2)
Boid Radius= 9.999999
Boid Frame=
 0.82919	-0.05399	0.55636	-0.53994
-0.43180	0.57018	0.69889	5.70179
0.35496	0.81974	-0.44947	8.19745
0.00000	0.00000	0.00000	1.00000

boidNo = 8
boid Wall No = 1
position = = (2.9, 5.6, -7.8)
Boid Radius= 10
Boid Frame=
 -0.70046	0.28514	-0.65425	2.85145
-0.43326	0.55857	0.70731	5.58572
-0.56713	-0.77890	0.26772	-7.78903
0.00000	0.00000	0.00000	1.00000

boidNo = 9
boid Wall No = 1
position = = (-5.7, 8.2, 0.0)
Boid Radius= 10
Boid Frame=
 -0.34477	-0.57160	0.74458	-5.71603
-0.23798	0.82053	0.51971	8.20528
0.90802	-0.00199	0.41892	-0.01988
0.00000	0.00000	0.00000	1.00000

boidNo = 10
boid Wall No = 0
position = = (2.5, -9.7, -0.3)
Boid Radius= 10
Boid Frame=
 0.14451	0.24871	0.95774	2.48714
0.06365	-0.96823	0.24184	-9.68228
-0.98745	-0.02601	0.15575	-0.26011
0.00000	0.00000	0.00000	1.00000

boidNo = 11
boid Wall No = 0
position = = (-7.9, -4.4, 4.2)
Boid Radius= 10
Boid Frame=
 0.59674	-0.79437	-0.11348	-7.94370
-0.43221	-0.43734	0.78862	-4.37338
0.67609	0.42156	0.60431	4.21559
0.00000	0.00000	0.00000	1.00000

boidNo = 12
boid Wall No = 0
position = = (-6.6, -0.3, 7.5)
Boid Radius= 10
Boid Frame=
 0.45215	-0.66043	0.59949	-6.60432
-0.81572	-0.03432	0.57742	-0.34323
0.36077	0.75010	0.55425	7.50101
0.00000	0.00000	0.00000	1.00000

boidNo = 13
boid Wall No = 1
position = = (-9.3, 0.1, -3.7)
Boid Radius= 10
Boid Frame=
 -0.26081	-0.92707	-0.26929	-9.27072
-0.74347	0.01495	0.66860	0.14951
0.61582	-0.37458	0.69315	-3.74584
0.00000	0.00000	0.00000	1.00000

boidNo = 14
boid Wall No = 1
position = = (-1.7, 9.8, 0.4)
Boid Radius= 10
Boid Frame=
 0.35372	-0.16773	0.92019	-1.67731
0.02015	0.98493	0.17179	9.84928
0.93513	0.04223	-0.35177	0.42226
0.00000	0.00000	0.00000	1.00000

