Iteration Num of Simuation:0
m_SimulationDeltaT of action plan:0
boidNo = 0
boid Wall No = 1
position = = (9.9, 1.1, -0.9)
Boid Radius= 10
Boid Frame=
 0.06552	0.98997	-0.12517	9.89970
-0.89992	0.11281	0.42122	1.12812
-0.43111	-0.08504	-0.89828	-0.85043
0.00000	0.00000	0.00000	1.00000

boidNo = 1
boid Wall No = 1
position = = (2.3, 7.2, 6.6)
Boid Radius= 10
Boid Frame=
 0.94281	0.22911	0.24213	2.29108
-0.33160	0.71869	0.61117	7.18691
0.03399	0.65650	-0.75356	6.56501
0.00000	0.00000	0.00000	1.00000

boidNo = 2
boid Wall No = 1
position = = (-3.5, 8.5, 4.1)
Boid Radius= 10
Boid Frame=
 0.62358	-0.34716	0.70044	-3.47164
-0.11479	0.84561	0.52131	8.45611
0.77328	0.40549	-0.48746	4.05487
0.00000	0.00000	0.00000	1.00000

boidNo = 3
boid Wall No = 1
position = = (-4.1, 4.6, 7.9)
Boid Radius= 10
Boid Frame=
 0.48377	-0.40894	0.77378	-4.08943
-0.62331	0.45965	0.63262	4.59651
0.61437	0.78834	0.03254	7.88344
0.00000	0.00000	0.00000	1.00000

boidNo = 4
boid Wall No = 1
position = = (-3.4, 9.0, -2.8)
Boid Radius= 10
Boid Frame=
 -0.93790	-0.34014	0.06819	-3.40138
-0.30257	0.89822	0.31884	8.98216
0.16970	-0.27841	0.94535	-2.78413
0.00000	0.00000	0.00000	1.00000

boidNo = 5
boid Wall No = 0
position = = (4.4, -7.9, -4.2)
Boid Radius= 10
Boid Frame=
 -0.79165	0.43934	0.42457	4.39341
-0.11920	-0.79263	0.59794	-7.92626
-0.59923	-0.42276	-0.67985	-4.22757
0.00000	0.00000	0.00000	1.00000

boidNo = 6
boid Wall No = 1
position = = (6.6, 7.5, 0.3)
Boid Radius= 10
Boid Frame=
 0.48627	0.65547	-0.57784	6.55469
-0.38989	0.75457	0.52783	7.54571
-0.78200	0.03137	-0.62249	0.31370
0.00000	0.00000	0.00000	1.00000

boidNo = 7
boid Wall No = 1
position = = (3.8, 9.1, -1.6)
Boid Radius= 10
Boid Frame=
 -0.17914	0.38408	-0.90576	3.84075
-0.09155	0.91015	0.40404	9.10147
-0.97955	-0.15530	0.12788	-1.55303
0.00000	0.00000	0.00000	1.00000

boidNo = 8
boid Wall No = 0
position = = (0.9, -9.8, -1.6)
Boid Radius= 10
Boid Frame=
 -0.83432	0.09236	0.54349	0.92364
0.01371	-0.98208	0.18794	-9.82085
-0.55111	-0.16425	-0.81810	-1.64251
0.00000	0.00000	0.00000	1.00000

boidNo = 9
boid Wall No = 0
position = = (-2.1, -9.8, 0.7)
Boid Radius= 10
Boid Frame=
 0.32310	-0.20844	-0.92312	-2.08443
-0.00381	-0.97572	0.21899	-9.75721
0.94636	0.06724	0.31605	0.67238
0.00000	0.00000	0.00000	1.00000

boidNo = 10
boid Wall No = 0
position = = (2.0, -9.8, -0.1)
Boid Radius= 10
Boid Frame=
 -0.12910	0.19588	0.97209	1.95881
-0.01463	-0.98057	0.19565	-9.80566
-0.99152	-0.01104	-0.12946	-0.11039
0.00000	0.00000	0.00000	1.00000

boidNo = 11
boid Wall No = 1
position = = (-1.4, 9.7, -1.9)
Boid Radius= 10
Boid Frame=
 -0.85208	-0.13974	0.50441	-1.39742
-0.01964	0.97156	0.23598	9.71559
0.52304	-0.19117	0.83059	-1.91169
0.00000	0.00000	0.00000	1.00000

boidNo = 12
boid Wall No = 0
position = = (4.3, -5.7, -7.0)
Boid Radius= 10
Boid Frame=
 -0.89648	0.43145	-0.10088	4.31455
-0.35767	-0.57026	0.73951	-5.70262
-0.26154	-0.69903	-0.66554	-6.99034
0.00000	0.00000	0.00000	1.00000

boidNo = 13
boid Wall No = 0
position = = (-3.7, -3.1, -8.7)
Boid Radius= 10
Boid Frame=
 -0.71830	-0.37321	-0.58716	-3.73215
-0.49894	-0.31184	0.80859	-3.11841
0.48488	-0.87377	-0.03779	-8.73765
0.00000	0.00000	0.00000	1.00000

boidNo = 14
boid Wall No = 1
position = = (-2.5, 6.8, -6.9)
Boid Radius= 10
Boid Frame=
 -0.94177	-0.24915	-0.22583	-2.49147
-0.33614	0.67932	0.65233	6.79319
0.00912	-0.69025	0.72351	-6.90255
0.00000	0.00000	0.00000	1.00000

boidNo = 15
boid Wall No = 1
position = = (0.0, 9.4, 3.4)
Boid Radius= 10
Boid Frame=
 0.43222	0.00112	0.90177	0.01115
-0.30606	0.94082	0.14554	9.40821
0.84824	0.33890	-0.40699	3.38902
0.00000	0.00000	0.00000	1.00000

boidNo = 16
boid Wall No = 1
position = = (2.5, 9.2, -3.1)
Boid Radius= 10
Boid Frame=
 -0.68850	0.24510	-0.68256	2.45104
-0.06150	0.91804	0.39170	9.18035
-0.72262	-0.31167	0.61700	-3.11666
0.00000	0.00000	0.00000	1.00000

boidNo = 17
boid Wall No = 0
position = = (-2.2, -8.9, 3.9)
Boid Radius= 10
Boid Frame=
 0.72539	-0.21748	-0.65308	-2.17482
0.11997	-0.89431	0.43107	-8.94309
0.67780	0.39104	0.62263	3.91041
0.00000	0.00000	0.00000	1.00000

boidNo = 18
boid Wall No = 0
position = = (1.6, -7.1, -6.8)
Boid Radius= 10
Boid Frame=
 -0.88723	0.16240	-0.43181	1.62397
-0.40864	-0.71105	0.57221	-7.11051
0.21411	-0.68413	-0.69722	-6.84130
0.00000	0.00000	0.00000	1.00000

boidNo = 19
boid Wall No = 1
position = = (-0.2, 9.9, -1.2)
Boid Radius= 10
Boid Frame=
 -0.86870	-0.01817	0.49501	-0.18174
0.04191	0.99305	0.11000	9.93048
0.49357	-0.11630	0.86190	-1.16300
0.00000	0.00000	0.00000	1.00000

