Iteration Num of Simuation:0
m_SimulationDeltaT of action plan:0
boidNo = 0
boid Wall No = 1
position = = (1.4, 8.9, 4.3)
Boid Radius= 10
Boid Frame=
 0.97110	0.14122	-0.19241	1.41215
-0.04006	0.89119	0.45187	8.91185
-0.23529	0.43110	-0.87109	4.31101
0.00000	0.00000	0.00000	1.00000

boidNo = 1
boid Wall No = 1
position = = (0.5, 1.0, -9.9)
Boid Radius= 10
Boid Frame=
 -0.70549	0.05028	-0.70693	0.50284
-0.70078	0.09935	0.70642	0.99352
-0.10576	-0.99378	0.03485	-9.93781
0.00000	0.00000	0.00000	1.00000

boidNo = 2
boid Wall No = 0
position = = (-6.7, -2.9, 6.8)
Boid Radius= 10
Boid Frame=
 0.69506	-0.67268	0.25376	-6.72679
-0.56539	-0.29340	0.77088	-2.93398
0.44410	0.67928	0.58426	6.79279
0.00000	0.00000	0.00000	1.00000

boidNo = 3
boid Wall No = 1
position = = (-3.4, 9.1, -2.4)
Boid Radius= 10
Boid Frame=
 -0.60934	-0.33941	0.71660	-3.39406
-0.01523	0.90860	0.41739	9.08598
0.79277	-0.24342	0.55881	-2.43419
0.00000	0.00000	0.00000	1.00000

boidNo = 4
boid Wall No = 1
position = = (2.2, 2.2, 9.5)
Boid Radius= 10
Boid Frame=
 0.75579	0.22329	0.61556	2.23293
-0.65427	0.21916	0.72381	2.19160
-0.02672	0.94979	-0.31173	9.49795
0.00000	0.00000	0.00000	1.00000

boidNo = 5
boid Wall No = 0
position = = (3.4, -9.3, -1.4)
Boid Radius= 10
Boid Frame=
 -0.05691	0.34496	0.93689	3.44957
0.12357	-0.92876	0.34947	-9.28763
-0.99070	-0.13566	-0.01023	-1.35665
0.00000	0.00000	0.00000	1.00000

boidNo = 6
boid Wall No = 0
position = = (-6.9, -1.1, -7.1)
Boid Radius= 10
Boid Frame=
 -0.50291	-0.69208	-0.51779	-6.92077
-0.63174	-0.11453	0.76667	-1.14526
0.58990	-0.71268	0.37962	-7.12680
0.00000	0.00000	0.00000	1.00000

boidNo = 7
boid Wall No = 1
position = = (-0.7, 9.9, 0.8)
Boid Radius= 10
Boid Frame=
 0.98095	-0.07132	0.18070	-0.71318
0.05533	0.99422	0.09203	9.94218
0.18621	0.08028	-0.97922	0.80281
0.00000	0.00000	0.00000	1.00000

boidNo = 8
boid Wall No = 1
position = = (-6.6, 7.5, 0.0)
Boid Radius= 10
Boid Frame=
 -0.49831	-0.66253	0.55924	-6.62526
-0.44571	0.74902	0.49021	7.49023
0.74366	0.00498	0.66854	0.04978
0.00000	0.00000	0.00000	1.00000

boidNo = 9
boid Wall No = 0
position = = (-7.2, -6.9, 1.1)
Boid Radius= 10
Boid Frame=
 0.46970	-0.71663	-0.51558	-7.16629
-0.35708	-0.68832	0.63143	-6.88325
0.80739	0.11248	0.57920	1.12479
0.00000	0.00000	0.00000	1.00000

boidNo = 10
boid Wall No = 1
position = = (3.0, 3.7, 8.8)
Boid Radius= 10
Boid Frame=
 0.71634	0.29529	0.63219	2.95287
-0.69596	0.36720	0.61709	3.67202
0.04992	0.88202	-0.46855	8.82025
0.00000	0.00000	0.00000	1.00000

boidNo = 11
boid Wall No = 1
position = = (-8.4, 2.1, -4.9)
Boid Radius= 10
Boid Frame=
 -0.46641	-0.84356	-0.26622	-8.43558
-0.74162	0.20887	0.63747	2.08872
0.48214	-0.49475	0.72302	-4.94755
0.00000	0.00000	0.00000	1.00000

boidNo = 12
boid Wall No = 1
position = = (-9.9, 1.1, 0.1)
Boid Radius= 10
Boid Frame=
 -0.08095	-0.99338	0.08150	-9.93380
-0.74658	0.11461	0.65535	1.14607
0.66035	0.00780	0.75092	0.07798
0.00000	0.00000	0.00000	1.00000

boidNo = 13
boid Wall No = 0
position = = (-3.9, -7.8, 4.9)
Boid Radius= 10
Boid Frame=
 0.82300	-0.39347	-0.40970	-3.93466
-0.05828	-0.77593	0.62812	-7.75932
0.56504	0.49307	0.66152	4.93067
0.00000	0.00000	0.00000	1.00000

boidNo = 14
boid Wall No = 1
position = = (7.7, 3.2, -5.5)
Boid Radius= 10
Boid Frame=
 -0.27960	0.76856	-0.57545	7.68560
-0.60570	0.32384	0.72681	3.23840
-0.74495	-0.55176	-0.37497	-5.51765
0.00000	0.00000	0.00000	1.00000

