Iteration Num of Simuation:0
m_SimulationDeltaT of action plan:0
boidNo = 0
boid Wall No = 1
position = = (-4.1, 8.5, 3.4)
Boid Radius= 10
Boid Frame=
 0.17942	-0.40621	0.89599	-4.06207
-0.29165	0.84787	0.44279	8.47866
0.93955	0.34076	-0.03365	3.40763
0.00000	0.00000	0.00000	1.00000

boidNo = 1
boid Wall No = 0
position = = (-2.3, -9.7, -0.9)
Boid Radius= 10
Boid Frame=
 -0.67996	-0.23500	-0.69457	-2.34999
0.09717	-0.96778	0.23231	-9.67777
0.72678	-0.09046	-0.68088	-0.90464
0.00000	0.00000	0.00000	1.00000

boidNo = 2
boid Wall No = 0
position = = (-0.2, -10.0, -0.7)
Boid Radius= 10
Boid Frame=
 -0.92487	-0.01848	-0.37984	-0.18478
-0.00828	-0.99760	0.06869	-9.97604
0.38020	-0.06667	-0.92250	-0.66673
0.00000	0.00000	0.00000	1.00000

boidNo = 3
boid Wall No = 1
position = = (-3.3, 8.6, -3.9)
Boid Radius= 10
Boid Frame=
 -0.84382	-0.33375	0.42022	-3.33754
-0.08949	0.85961	0.50304	8.59615
0.52912	-0.38687	0.75522	-3.86873
0.00000	0.00000	0.00000	1.00000

boidNo = 4
boid Wall No = 1
position = = (6.4, 5.7, -5.1)
Boid Radius= 10
Boid Frame=
 -0.21412	0.64380	-0.73462	6.43802
-0.50139	0.57299	0.64830	5.72993
-0.83831	-0.50715	-0.20010	-5.07147
0.00000	0.00000	0.00000	1.00000

boidNo = 5
boid Wall No = 1
position = = (-1.7, 9.8, -0.9)
Boid Radius= 10
Boid Frame=
 -0.87698	-0.16681	0.45065	-1.66805
-0.10688	0.98204	0.15550	9.82037
0.46849	-0.08820	0.87906	-0.88203
0.00000	0.00000	0.00000	1.00000

boidNo = 6
boid Wall No = 1
position = = (-4.2, 5.8, -7.0)
Boid Radius= 10
Boid Frame=
 -0.72738	-0.42472	-0.53901	-4.24723
-0.67656	0.57532	0.45965	5.75325
-0.11489	-0.69901	0.70583	-6.99007
0.00000	0.00000	0.00000	1.00000

boidNo = 7
boid Wall No = 1
position = = (8.8, 4.2, 2.2)
Boid Radius= 10
Boid Frame=
 0.46946	0.87942	-0.07889	8.79421
-0.69507	0.42319	0.58119	4.23190
-0.54450	0.21801	-0.80993	2.18011
0.00000	0.00000	0.00000	1.00000

boidNo = 8
boid Wall No = 1
position = = (-0.9, 8.6, -5.1)
Boid Radius= 10
Boid Frame=
 -0.97747	-0.09198	-0.18996	-0.91976
-0.17521	0.85541	0.48741	8.55411
-0.11767	-0.50972	0.85226	-5.09718
0.00000	0.00000	0.00000	1.00000

boidNo = 9
boid Wall No = 0
position = = (-5.5, -5.0, 6.7)
Boid Radius= 10
Boid Frame=
 0.82948	-0.55164	0.08754	-5.51637
-0.41338	-0.50092	0.76039	-5.00921
0.37561	0.66691	0.64354	6.66914
0.00000	0.00000	0.00000	1.00000

boidNo = 10
boid Wall No = 1
position = = (-7.1, 3.7, 6.0)
Boid Radius= 10
Boid Frame=
 0.20058	-0.71013	0.67490	-7.10130
-0.71415	0.36560	0.59693	3.65603
0.67064	0.60171	0.43381	6.01706
0.00000	0.00000	0.00000	1.00000

boidNo = 11
boid Wall No = 1
position = = (-8.8, 4.8, 0.2)
Boid Radius= 10
Boid Frame=
 -0.42418	-0.87788	0.22224	-8.77882
-0.79547	0.47850	0.37184	4.78497
0.43277	0.01906	0.90130	0.19058
0.00000	0.00000	0.00000	1.00000

boidNo = 12
boid Wall No = 1
position = = (-1.6, 9.8, 1.3)
Boid Radius= 9.999999
Boid Frame=
 -0.05399	-0.16331	0.98510	-1.63312
-0.14358	0.97755	0.15419	9.77553
0.98816	0.13312	0.07623	1.33116
0.00000	0.00000	0.00000	1.00000

boidNo = 13
boid Wall No = 0
position = = (0.8, -8.4, -5.4)
Boid Radius= 10
Boid Frame=
 -0.95834	0.07569	0.27543	0.75695
0.08696	-0.84115	0.53376	-8.41151
-0.27208	-0.53548	-0.79952	-5.35477
0.00000	0.00000	0.00000	1.00000

boidNo = 14
boid Wall No = 1
position = = (3.5, 8.2, -4.5)
Boid Radius= 9.999999
Boid Frame=
 -0.62273	0.35307	-0.69824	3.53069
-0.15627	0.81830	0.55314	8.18298
-0.76667	-0.45358	0.45441	-4.53576
0.00000	0.00000	0.00000	1.00000

boidNo = 15
boid Wall No = 0
position = = (3.7, -9.1, 2.1)
Boid Radius= 9.999999
Boid Frame=
 0.68930	0.36849	0.62376	3.68493
0.11850	-0.90673	0.40471	-9.06735
-0.71472	0.20505	0.66868	2.05049
0.00000	0.00000	0.00000	1.00000

boidNo = 16
boid Wall No = 0
position = = (-6.6, -7.1, -2.5)
Boid Radius= 10
Boid Frame=
 -0.19165	-0.65801	-0.72821	-6.58010
-0.16563	-0.70964	0.68482	-7.09640
0.96739	-0.25186	-0.02702	-2.51862
0.00000	0.00000	0.00000	1.00000

boidNo = 17
boid Wall No = 0
position = = (-1.3, -9.7, -2.2)
Boid Radius= 9.999999
Boid Frame=
 -0.79849	-0.13468	-0.58675	-1.34677
-0.02776	-0.96538	0.25936	-9.65382
0.60136	-0.22338	-0.76711	-2.23382
0.00000	0.00000	0.00000	1.00000

boidNo = 18
boid Wall No = 1
position = = (1.1, 8.9, 4.4)
Boid Radius= 10
Boid Frame=
 0.98925	0.11110	-0.09512	1.11101
-0.05752	0.89348	0.44540	8.93481
-0.13447	0.43514	-0.89026	4.35143
0.00000	0.00000	0.00000	1.00000

boidNo = 19
boid Wall No = 0
position = = (1.1, -9.4, -3.4)
Boid Radius= 10
Boid Frame=
 -0.95857	0.11137	0.26218	1.11370
-0.01181	-0.93515	0.35404	-9.35154
-0.28461	-0.33628	-0.89773	-3.36279
0.00000	0.00000	0.00000	1.00000

