Iteration Num of Simuation:0
m_SimulationDeltaT of action plan:0
boidNo = 0
boid Wall No = 0
position = = (3.9, -2.1, -9.0)
Boid Radius= 10
Boid Frame=
 -0.72723	0.38555	-0.56788	3.85553
-0.66930	-0.21478	0.71128	-2.14777
-0.15227	-0.89734	-0.41424	-8.97341
0.00000	0.00000	0.00000	1.00000

boidNo = 1
boid Wall No = 0
position = = (-2.0, -9.8, -0.3)
Boid Radius= 9.999999
Boid Frame=
 -0.78435	-0.19703	-0.58820	-1.97029
0.14192	-0.98006	0.13905	-9.80064
0.60387	-0.02558	-0.79667	-0.25585
0.00000	0.00000	0.00000	1.00000

boidNo = 2
boid Wall No = 0
position = = (8.9, -0.5, -4.6)
Boid Radius= 10
Boid Frame=
 -0.35987	0.88527	-0.29462	8.85267
-0.70496	-0.05115	0.70740	-0.51154
-0.61116	-0.46226	-0.64249	-4.62262
0.00000	0.00000	0.00000	1.00000

boidNo = 3
boid Wall No = 0
position = = (2.0, -9.3, -3.2)
Boid Radius= 10
Boid Frame=
 -0.49705	0.20082	0.84417	2.00820
0.18376	-0.92643	0.32859	-9.26426
-0.84804	-0.31845	-0.42357	-3.18445
0.00000	0.00000	0.00000	1.00000

boidNo = 4
boid Wall No = 0
position = = (4.9, -0.4, 8.7)
Boid Radius= 10
Boid Frame=
 0.60420	0.48884	0.62927	4.88844
-0.70592	-0.03795	0.70728	-0.37948
-0.36963	0.87155	-0.32215	8.71546
0.00000	0.00000	0.00000	1.00000

boidNo = 5
boid Wall No = 0
position = = (-5.1, -8.5, 1.2)
Boid Radius= 10
Boid Frame=
 0.06213	-0.50776	-0.85926	-5.07761
0.10442	-0.85289	0.51155	-8.52887
0.99259	0.12151	-0.00004	1.21505
0.00000	0.00000	0.00000	1.00000

boidNo = 6
boid Wall No = 1
position = = (5.6, 6.0, 5.8)
Boid Radius= 10
Boid Frame=
 0.82993	0.55524	0.05415	5.55240
-0.44466	0.59976	0.66526	5.99761
-0.33690	0.57619	-0.74465	5.76191
0.00000	0.00000	0.00000	1.00000

boidNo = 7
boid Wall No = 0
position = = (0.0, -10.0, 0.1)
Boid Radius= 10
Boid Frame=
 0.90181	0.00113	-0.43214	0.01126
0.00442	-0.99997	0.00661	-9.99968
0.43211	0.00787	0.90178	0.07872
0.00000	0.00000	0.00000	1.00000

boidNo = 8
boid Wall No = 1
position = = (-7.7, 2.5, -5.9)
Boid Radius= 10
Boid Frame=
 -0.58057	-0.76784	-0.27084	-7.67843
-0.66448	0.25459	0.70261	2.54587
0.47054	-0.58788	0.65802	-5.87881
0.00000	0.00000	0.00000	1.00000

boidNo = 9
boid Wall No = 1
position = = (1.2, 9.8, 1.6)
Boid Radius= 10
Boid Frame=
 0.58609	0.12397	-0.80070	1.23973
0.06066	0.97874	0.19594	9.78738
-0.80797	0.16341	-0.56611	1.63408
0.00000	0.00000	0.00000	1.00000

boidNo = 10
boid Wall No = 1
position = = (0.3, 9.1, -4.2)
Boid Radius= 10
Boid Frame=
 -0.99561	0.02621	-0.08986	0.26210
-0.01389	0.90802	0.41869	9.08023
-0.09257	-0.41810	0.90367	-4.18099
0.00000	0.00000	0.00000	1.00000

boidNo = 11
boid Wall No = 1
position = = (-5.5, 7.4, 3.9)
Boid Radius= 10
Boid Frame=
 0.28794	-0.54857	0.78496	-5.48571
-0.27019	0.73984	0.61615	7.39836
0.91874	0.38950	-0.06480	3.89502
0.00000	0.00000	0.00000	1.00000

boidNo = 12
boid Wall No = 1
position = = (6.6, 1.8, -7.3)
Boid Radius= 10
Boid Frame=
 -0.44386	0.66400	-0.60174	6.64003
-0.68600	0.18025	0.70492	1.80247
-0.57653	-0.72568	-0.37550	-7.25680
0.00000	0.00000	0.00000	1.00000

boidNo = 13
boid Wall No = 1
position = = (0.4, 10.0, -0.7)
Boid Radius= 10
Boid Frame=
 -0.99863	0.04487	0.02699	0.44874
0.04671	0.99632	0.07185	9.96321
0.02367	-0.07301	0.99705	-0.73012
0.00000	0.00000	0.00000	1.00000

boidNo = 14
boid Wall No = 0
position = = (-0.9, -3.2, -9.4)
Boid Radius= 10
Boid Frame=
 -0.71130	-0.08591	-0.69762	-0.85915
-0.64350	-0.31969	0.69549	-3.19693
0.28278	-0.94362	-0.17211	-9.43618
0.00000	0.00000	0.00000	1.00000

