Iteration Num of Simuation:0
m_SimulationDeltaT of action plan:0
boidNo = 0
boid Wall No = 1
position = = (-0.2, 9.9, 1.3)
Boid Radius= 10
Boid Frame=
 0.78954	-0.02000	0.61337	-0.20000
-0.06182	0.99179	0.11192	9.91793
0.61057	0.12628	-0.78183	1.26284
0.00000	0.00000	0.00000	1.00000

boidNo = 1
boid Wall No = 1
position = = (-5.4, 5.6, 6.3)
Boid Radius= 10
Boid Frame=
 0.44434	-0.54117	0.71393	-5.41167
-0.44514	0.55821	0.70018	5.58215
0.77744	0.62892	-0.00715	6.28915
0.00000	0.00000	0.00000	1.00000

boidNo = 2
boid Wall No = 0
position = = (-0.8, -10.0, 0.4)
Boid Radius= 10
Boid Frame=
 0.55810	-0.07529	-0.82635	-0.75287
-0.00814	-0.99632	0.08527	-9.96324
0.82973	0.04086	0.55666	0.40860
0.00000	0.00000	0.00000	1.00000

boidNo = 3
boid Wall No = 0
position = = (6.6, -6.7, 3.4)
Boid Radius= 10
Boid Frame=
 0.25513	0.66003	0.70659	6.60029
-0.22062	-0.67176	0.70715	-6.71763
-0.94140	0.33630	0.02577	3.36299
0.00000	0.00000	0.00000	1.00000

boidNo = 4
boid Wall No = 0
position = = (-4.6, -4.8, -7.5)
Boid Radius= 10
Boid Frame=
 -0.64437	-0.45839	-0.61210	-4.58391
-0.39846	-0.48193	0.78037	-4.81928
0.65270	-0.74674	-0.12789	-7.46742
0.00000	0.00000	0.00000	1.00000

boidNo = 5
boid Wall No = 1
position = = (-2.2, 9.6, -1.5)
Boid Radius= 10
Boid Frame=
 -0.85582	-0.21714	0.46949	-2.17136
-0.11159	0.96376	0.24233	9.63757
0.50509	-0.15500	0.84904	-1.55000
0.00000	0.00000	0.00000	1.00000

boidNo = 6
boid Wall No = 1
position = = (1.3, 9.9, 0.5)
Boid Radius= 10
Boid Frame=
 0.62236	0.12830	-0.77215	1.28296
-0.04441	0.99067	0.12882	9.90674
-0.78147	0.04588	-0.62225	0.45882
0.00000	0.00000	0.00000	1.00000

boidNo = 7
boid Wall No = 1
position = = (-3.2, 9.3, -1.6)
Boid Radius= 10
Boid Frame=
 -0.45570	-0.31607	0.83213	-3.16067
0.00006	0.93483	0.35511	9.34826
0.89013	-0.16187	0.42598	-1.61873
0.00000	0.00000	0.00000	1.00000

boidNo = 8
boid Wall No = 1
position = = (1.4, 1.9, 9.7)
Boid Radius= 9.999999
Boid Frame=
 0.48143	0.13746	0.86564	1.37460
-0.87002	0.19467	0.45296	1.94667
0.10625	0.97119	-0.21331	9.71190
0.00000	0.00000	0.00000	1.00000

boidNo = 9
boid Wall No = 1
position = = (-0.9, 9.8, -1.7)
Boid Radius= 10
Boid Frame=
 -0.99369	-0.09332	0.06223	-0.93324
-0.08131	0.98146	0.17357	9.81459
0.07728	-0.16742	0.98285	-1.67419
0.00000	0.00000	0.00000	1.00000

boidNo = 10
boid Wall No = 1
position = = (-7.9, 6.0, -1.4)
Boid Radius= 10
Boid Frame=
 -0.45546	-0.78806	0.41415	-7.88058
-0.41236	0.59904	0.68638	5.99037
0.78900	-0.14184	0.59780	-1.41845
0.00000	0.00000	0.00000	1.00000

boidNo = 11
boid Wall No = 0
position = = (-3.3, -5.5, 7.7)
Boid Radius= 10
Boid Frame=
 0.88275	-0.32667	0.33768	-3.26675
-0.46835	-0.55459	0.68781	-5.54594
0.03741	0.76532	0.64257	7.65317
0.00000	0.00000	0.00000	1.00000

boidNo = 12
boid Wall No = 0
position = = (5.9, -5.9, -5.5)
Boid Radius= 10
Boid Frame=
 -0.80275	0.58515	0.11485	5.85149
-0.32834	-0.59450	0.73400	-5.94503
-0.49778	-0.55151	-0.66936	-5.51514
0.00000	0.00000	0.00000	1.00000

boidNo = 13
boid Wall No = 1
position = = (5.7, 7.4, -3.4)
Boid Radius= 10
Boid Frame=
 -0.22267	0.57286	-0.78882	5.72864
-0.26352	0.74365	0.61444	7.43651
-0.93860	-0.34469	0.01463	-3.44690
0.00000	0.00000	0.00000	1.00000

boidNo = 14
boid Wall No = 1
position = = (2.7, 9.5, -1.3)
Boid Radius= 10
Boid Frame=
 -0.27980	0.27040	-0.92119	2.70402
-0.04683	0.95453	0.29441	9.54530
-0.95891	-0.12552	0.25442	-1.25519
0.00000	0.00000	0.00000	1.00000

boidNo = 15
boid Wall No = 0
position = = (-3.3, -7.7, 5.4)
Boid Radius= 9.999999
Boid Frame=
 0.87760	-0.33470	-0.34321	-3.34703
-0.04865	-0.77441	0.63081	-7.74410
0.47692	0.53690	0.69590	5.36901
0.00000	0.00000	0.00000	1.00000

boidNo = 16
boid Wall No = 0
position = = (-7.0, -6.7, 2.5)
Boid Radius= 9.999999
Boid Frame=
 0.49701	-0.69720	-0.51663	-6.97195
-0.20431	-0.67265	0.71120	-6.72647
0.84335	0.24792	0.47675	2.47921
0.00000	0.00000	0.00000	1.00000

boidNo = 17
boid Wall No = 1
position = = (-8.2, 4.4, -3.7)
Boid Radius= 9.999999
Boid Frame=
 -0.56389	-0.81812	-0.11275	-8.18116
-0.74215	0.44210	0.50375	4.42104
0.36228	-0.36774	0.85646	-3.67735
0.00000	0.00000	0.00000	1.00000

boidNo = 18
boid Wall No = 1
position = = (-0.8, 9.9, 1.5)
Boid Radius= 9.999999
Boid Frame=
 0.12702	-0.08112	0.98858	-0.81124
-0.13952	0.98528	0.09878	9.85279
0.98204	0.15048	-0.11383	1.50478
0.00000	0.00000	0.00000	1.00000

boidNo = 19
boid Wall No = 1
position = = (8.7, 3.6, -3.4)
Boid Radius= 10
Boid Frame=
 -0.05047	0.86613	-0.49726	8.66130
-0.61714	0.36442	0.69738	3.64416
-0.78523	-0.34208	-0.51613	-3.42083
0.00000	0.00000	0.00000	1.00000

