Iteration Num of Simuation:0
m_SimulationDeltaT of action plan:0
boidNo = 0
boid Wall No = 0
position = = (0.8, -7.8, 6.2)
Boid Radius= 10
Boid Frame=
 0.98123	0.08002	0.17547	0.80021
-0.04823	-0.77911	0.62503	-7.79107
-0.18672	0.62176	0.76062	6.21763
0.00000	0.00000	0.00000	1.00000

boidNo = 1
boid Wall No = 0
position = = (-0.1, -8.4, -5.4)
Boid Radius= 10
Boid Frame=
 -0.98578	-0.01097	0.16767	-0.10969
0.09900	-0.84420	0.52680	-8.44202
-0.13577	-0.53591	-0.83329	-5.35913
0.00000	0.00000	0.00000	1.00000

boidNo = 2
boid Wall No = 0
position = = (0.3, -9.9, -1.7)
Boid Radius= 10
Boid Frame=
 -0.62237	0.02874	0.78220	0.28736
0.11370	-0.98541	0.12667	-9.85406
-0.77442	-0.16778	-0.61002	-1.67775
0.00000	0.00000	0.00000	1.00000

boidNo = 3
boid Wall No = 1
position = = (3.2, 9.2, -2.4)
Boid Radius= 10
Boid Frame=
 -0.59430	0.31973	-0.73796	3.19732
-0.00516	0.91604	0.40105	9.16042
-0.80423	-0.24215	0.54275	-2.42155
0.00000	0.00000	0.00000	1.00000

boidNo = 4
boid Wall No = 0
position = = (-0.9, -10.0, 0.0)
Boid Radius= 10
Boid Frame=
 -0.07091	-0.08843	-0.99355	-0.88432
0.01078	-0.99607	0.08789	-9.96072
0.99742	0.00448	-0.07159	0.04475
0.00000	0.00000	0.00000	1.00000

boidNo = 5
boid Wall No = 1
position = = (-1.1, 9.7, 2.0)
Boid Radius= 10
Boid Frame=
 0.97003	-0.11447	0.21432	-1.14473
0.06595	0.97300	0.22119	9.72997
0.23385	0.20043	-0.95139	2.00431
0.00000	0.00000	0.00000	1.00000

boidNo = 6
boid Wall No = 1
position = = (9.1, 2.7, -3.2)
Boid Radius= 10
Boid Frame=
 -0.07556	0.90720	-0.41386	9.07201
-0.64483	0.27212	0.71424	2.72123
-0.76058	-0.32084	-0.56443	-3.20836
0.00000	0.00000	0.00000	1.00000

boidNo = 7
boid Wall No = 1
position = = (-1.5, 9.9, 0.5)
Boid Radius= 10
Boid Frame=
 0.69417	-0.15318	0.70332	-1.53180
0.06853	0.98672	0.14727	9.86720
0.71654	0.05403	-0.69545	0.54031
0.00000	0.00000	0.00000	1.00000

boidNo = 8
boid Wall No = 0
position = = (-1.8, -9.8, -0.5)
Boid Radius= 10
Boid Frame=
 -0.94844	-0.18480	-0.25751	-1.84805
0.16614	-0.98174	0.09266	-9.81740
0.26993	-0.04510	-0.96182	-0.45096
0.00000	0.00000	0.00000	1.00000

boidNo = 9
boid Wall No = 1
position = = (1.9, 1.1, 9.7)
Boid Radius= 10
Boid Frame=
 0.70258	0.19489	0.68440	1.94893
-0.70904	0.11017	0.69651	1.10166
-0.06035	0.97462	-0.21559	9.74618
0.00000	0.00000	0.00000	1.00000

boidNo = 10
boid Wall No = 0
position = = (-6.0, -7.4, 3.0)
Boid Radius= 10
Boid Frame=
 0.61193	-0.59693	-0.51886	-5.96932
-0.18207	-0.74473	0.64205	-7.44727
0.76967	0.29842	0.56440	2.98419
0.00000	0.00000	0.00000	1.00000

boidNo = 11
boid Wall No = 1
position = = (6.9, 6.2, 3.6)
Boid Radius= 10
Boid Frame=
 0.68987	0.69081	-0.21646	6.90814
-0.41874	0.62469	0.65910	6.24693
-0.59054	0.36405	-0.72023	3.64053
0.00000	0.00000	0.00000	1.00000

boidNo = 12
boid Wall No = 0
position = = (-7.2, -2.2, -6.6)
Boid Radius= 10
Boid Frame=
 -0.42529	-0.71829	-0.55063	-7.18287
-0.61295	-0.21904	0.75915	-2.19042
0.66590	-0.66037	0.34712	-6.60367
0.00000	0.00000	0.00000	1.00000

boidNo = 13
boid Wall No = 0
position = = (2.8, -0.2, -9.6)
Boid Radius= 10
Boid Frame=
 -0.64821	0.28049	-0.70792	2.80490
-0.74135	-0.02021	0.67082	-0.20208
-0.17385	-0.95964	-0.22104	-9.59644
0.00000	0.00000	0.00000	1.00000

boidNo = 14
boid Wall No = 0
position = = (-1.1, -9.9, -0.6)
Boid Radius= 10
Boid Frame=
 -0.94856	-0.10536	-0.29856	-1.05364
0.08152	-0.99248	0.09127	-9.92484
0.30594	-0.06224	-0.95002	-0.62237
0.00000	0.00000	0.00000	1.00000

