Iteration Num of Simuation:0
m_SimulationDeltaT of action plan:0
boidNo = 0
boid Wall No = 1
position = = (-0.2, 9.5, 3.1)
Boid Radius= 10
Boid Frame=
 0.99973	-0.01514	-0.01765	-0.15138
0.01988	0.95010	0.31132	9.50097
-0.01206	0.31159	-0.95014	3.11588
0.00000	0.00000	0.00000	1.00000

boidNo = 1
boid Wall No = 0
position = = (-4.9, -3.8, 7.8)
Boid Radius= 10
Boid Frame=
 0.68119	-0.49206	0.54209	-4.92056
-0.72822	-0.37920	0.57088	-3.79196
0.07535	0.78364	0.61663	7.83640
0.00000	0.00000	0.00000	1.00000

boidNo = 2
boid Wall No = 0
position = = (-3.9, -8.0, 4.6)
Boid Radius= 10
Boid Frame=
 0.76839	-0.38733	-0.50946	-3.87335
-0.00495	-0.79963	0.60047	-7.99629
0.63996	0.45887	0.61635	4.58875
0.00000	0.00000	0.00000	1.00000

boidNo = 3
boid Wall No = 0
position = = (-5.9, -8.0, -1.4)
Boid Radius= 10
Boid Frame=
 -0.02463	-0.58752	-0.80883	-5.87521
-0.14959	-0.79780	0.58406	-7.97803
0.98844	-0.13538	0.06824	-1.35385
0.00000	0.00000	0.00000	1.00000

boidNo = 4
boid Wall No = 0
position = = (-0.5, -8.9, -4.6)
Boid Radius= 10
Boid Frame=
 -0.99695	-0.05189	0.05835	-0.51891
0.07275	-0.88878	0.45252	-8.88781
-0.02838	-0.45539	-0.88984	-4.55385
0.00000	0.00000	0.00000	1.00000

boidNo = 5
boid Wall No = 1
position = = (-3.1, 9.1, -2.7)
Boid Radius= 10
Boid Frame=
 -0.66465	-0.31249	0.67867	-3.12490
-0.00846	0.91143	0.41137	9.11427
0.74711	-0.26768	0.60842	-2.67676
0.00000	0.00000	0.00000	1.00000

boidNo = 6
boid Wall No = 1
position = = (9.0, 1.2, -4.2)
Boid Radius= 10
Boid Frame=
 -0.20937	0.89745	-0.38827	8.97446
-0.73301	0.11876	0.66977	1.18760
-0.64720	-0.42484	-0.63297	-4.24838
0.00000	0.00000	0.00000	1.00000

boidNo = 7
boid Wall No = 0
position = = (0.7, -10.0, 0.5)
Boid Radius= 10
Boid Frame=
 0.53637	0.07142	0.84095	0.71423
-0.00536	-0.99610	0.08802	-9.96104
-0.84396	0.05172	0.53390	0.51719
0.00000	0.00000	0.00000	1.00000

boidNo = 8
boid Wall No = 1
position = = (2.5, 9.7, 0.6)
Boid Radius= 10
Boid Frame=
 0.90185	0.25060	-0.35194	2.50601
-0.21031	0.96620	0.14906	9.66204
-0.37740	0.06041	-0.92408	0.60414
0.00000	0.00000	0.00000	1.00000

boidNo = 9
boid Wall No = 1
position = = (2.9, 5.2, -8.1)
Boid Radius= 10
Boid Frame=
 -0.56481	0.28908	-0.77293	2.89076
-0.58705	0.51752	0.62253	5.17522
-0.57997	-0.80536	0.12260	-8.05361
0.00000	0.00000	0.00000	1.00000

boidNo = 10
boid Wall No = 1
position = = (-9.2, 1.7, -3.4)
Boid Radius= 10
Boid Frame=
 -0.35337	-0.92437	-0.14375	-9.24373
-0.71435	0.16741	0.67947	1.67411
0.60402	-0.34279	0.71948	-3.42794
0.00000	0.00000	0.00000	1.00000

boidNo = 11
boid Wall No = 1
position = = (-2.6, 9.6, 0.9)
Boid Radius= 10
Boid Frame=
 0.00014	-0.25949	0.96575	-2.59487
-0.08914	0.96190	0.25847	9.61899
0.99602	0.08612	0.02299	0.86123
0.00000	0.00000	0.00000	1.00000

boidNo = 12
boid Wall No = 1
position = = (1.1, 9.7, 2.4)
Boid Radius= 10
Boid Frame=
 0.91249	0.11426	-0.39281	1.14263
-0.00819	0.96511	0.26172	9.65109
-0.40901	0.23560	-0.88159	2.35601
0.00000	0.00000	0.00000	1.00000

boidNo = 13
boid Wall No = 1
position = = (7.9, 0.6, -6.1)
Boid Radius= 10
Boid Frame=
 -0.38200	0.79423	-0.47251	7.94232
-0.72827	0.05606	0.68300	0.56062
-0.56895	-0.60502	-0.55700	-6.05023
0.00000	0.00000	0.00000	1.00000

boidNo = 14
boid Wall No = 0
position = = (-4.2, -8.9, -1.8)
Boid Radius= 10
Boid Frame=
 -0.50728	-0.41848	-0.75335	-4.18479
0.05995	-0.88920	0.45358	-8.89199
0.85969	-0.18493	-0.47616	-1.84931
0.00000	0.00000	0.00000	1.00000

boidNo = 15
boid Wall No = 0
position = = (0.2, -6.2, -7.9)
Boid Radius= 10
Boid Frame=
 -0.94359	0.01821	-0.33061	0.18208
-0.27048	-0.61832	0.73792	-6.18319
0.19099	-0.78572	-0.58836	-7.85717
0.00000	0.00000	0.00000	1.00000

boidNo = 16
boid Wall No = 0
position = = (-3.7, -9.1, -1.9)
Boid Radius= 10
Boid Frame=
 -0.80684	-0.37042	-0.46021	-3.70415
0.21431	-0.90947	0.35628	-9.09469
0.55052	-0.18883	-0.81319	-1.88833
0.00000	0.00000	0.00000	1.00000

boidNo = 17
boid Wall No = 0
position = = (-0.3, -9.9, -1.2)
Boid Radius= 10
Boid Frame=
 -0.96913	-0.02517	-0.24527	-0.25168
-0.00632	-0.99191	0.12678	-9.91911
0.24647	-0.12441	-0.96113	-1.24415
0.00000	0.00000	0.00000	1.00000

boidNo = 18
boid Wall No = 0
position = = (7.0, -2.8, -6.6)
Boid Radius= 10
Boid Frame=
 -0.68340	0.70245	-0.19882	7.02452
-0.51997	-0.27718	0.80796	-2.77180
-0.51244	-0.65554	-0.55468	-6.55540
0.00000	0.00000	0.00000	1.00000

boidNo = 19
boid Wall No = 0
position = = (2.1, -9.8, 0.4)
Boid Radius= 10
Boid Frame=
 0.06291	0.21138	0.97538	2.11380
-0.02272	-0.97676	0.21314	-9.76757
-0.99776	0.03557	0.05665	0.35570
0.00000	0.00000	0.00000	1.00000

