Iteration Num of Simuation:0
m_SimulationDeltaT of action plan:0
boidNo = 0
boid Wall No = 1
position = = (-2.5, 8.1, 5.3)
Boid Radius= 10
Boid Frame=
 0.76940	-0.25260	0.58670	-2.52599
-0.16724	0.80679	0.56668	8.06790
0.61648	0.53412	-0.57850	5.34120
0.00000	0.00000	0.00000	1.00000

boidNo = 1
boid Wall No = 0
position = = (8.0, -3.9, 4.7)
Boid Radius= 10
Boid Frame=
 0.25205	0.79608	0.55021	7.96081
-0.48754	-0.38667	0.78281	-3.86668
-0.83593	0.46556	-0.29067	4.65556
0.00000	0.00000	0.00000	1.00000

boidNo = 2
boid Wall No = 1
position = = (1.8, 8.3, -5.2)
Boid Radius= 10
Boid Frame=
 -0.82741	0.18063	-0.53175	1.80635
-0.15702	0.83469	0.52787	8.34685
-0.53920	-0.52026	0.66226	-5.20261
0.00000	0.00000	0.00000	1.00000

boidNo = 3
boid Wall No = 1
position = = (3.0, 9.5, 1.2)
Boid Radius= 10
Boid Frame=
 0.38463	0.29831	-0.87354	2.98312
-0.00675	0.94722	0.32050	9.47223
-0.92305	0.11738	-0.36634	1.17379
0.00000	0.00000	0.00000	1.00000

boidNo = 4
boid Wall No = 1
position = = (-9.0, 3.9, -1.8)
Boid Radius= 10
Boid Frame=
 -0.42572	-0.90467	-0.01850	-9.04668
-0.84099	0.38804	0.37704	3.88040
0.33392	-0.17607	0.92601	-1.76070
0.00000	0.00000	0.00000	1.00000

boidNo = 5
boid Wall No = 1
position = = (-1.0, 9.8, -1.5)
Boid Radius= 10
Boid Frame=
 -0.75608	-0.10082	0.64666	-1.00822
0.02231	0.98352	0.17943	9.83518
0.65409	-0.15009	0.74137	-1.50091
0.00000	0.00000	0.00000	1.00000

boidNo = 6
boid Wall No = 0
position = = (-7.7, -4.9, -4.2)
Boid Radius= 10
Boid Frame=
 -0.21662	-0.76667	-0.60439	-7.66674
-0.41938	-0.48597	0.76678	-4.85974
0.88158	-0.41957	0.21626	-4.19571
0.00000	0.00000	0.00000	1.00000

boidNo = 7
boid Wall No = 1
position = = (-1.1, 7.2, -6.9)
Boid Radius= 10
Boid Frame=
 -0.93254	-0.11488	-0.34231	-1.14881
-0.31666	0.71572	0.62247	7.15722
-0.17349	-0.68887	0.70382	-6.88872
0.00000	0.00000	0.00000	1.00000

boidNo = 8
boid Wall No = 1
position = = (-3.2, 6.6, 6.9)
Boid Radius= 10
Boid Frame=
 0.63488	-0.31806	0.70411	-3.18060
-0.38977	0.65502	0.64733	6.55015
0.66709	0.68541	-0.29188	6.85415
0.00000	0.00000	0.00000	1.00000

boidNo = 9
boid Wall No = 1
position = = (-8.4, 5.4, 0.7)
Boid Radius= 9.999999
Boid Frame=
 -0.30735	-0.83801	0.45087	-8.38005
-0.56827	0.54168	0.61940	5.41675
0.76328	0.06584	0.64270	0.65841
0.00000	0.00000	0.00000	1.00000

boidNo = 10
boid Wall No = 1
position = = (-1.6, 9.8, -1.3)
Boid Radius= 10
Boid Frame=
 -0.74054	-0.16359	0.65179	-1.63593
-0.03147	0.97729	0.20954	9.77294
0.67127	-0.13466	0.72888	-1.34663
0.00000	0.00000	0.00000	1.00000

boidNo = 11
boid Wall No = 0
position = = (-0.1, -4.8, 8.8)
Boid Radius= 10
Boid Frame=
 0.88780	-0.01054	0.46010	-0.10545
-0.40824	-0.47961	0.77673	-4.79609
-0.21248	0.87742	0.43010	8.77419
0.00000	0.00000	0.00000	1.00000

boidNo = 12
boid Wall No = 1
position = = (5.7, 6.1, 5.4)
Boid Radius= 10
Boid Frame=
 0.81929	0.57329	-0.01022	5.73286
-0.41993	0.61207	0.67010	6.12070
-0.39041	0.54471	-0.74220	5.44714
0.00000	0.00000	0.00000	1.00000

boidNo = 13
boid Wall No = 1
position = = (7.4, 2.6, 6.2)
Boid Radius= 10
Boid Frame=
 0.62205	0.74335	0.24595	7.43350
-0.60965	0.26273	0.74786	2.62727
-0.49131	0.61515	-0.61661	6.15146
0.00000	0.00000	0.00000	1.00000

boidNo = 14
boid Wall No = 0
position = = (7.2, -0.6, 6.9)
Boid Radius= 10
Boid Frame=
 0.53973	0.72335	0.43065	7.23350
-0.56772	-0.06498	0.82065	-0.64979
-0.62160	0.68742	-0.37559	6.87417
0.00000	0.00000	0.00000	1.00000

boidNo = 15
boid Wall No = 1
position = = (-0.9, 8.7, 4.9)
Boid Radius= 10
Boid Frame=
 0.24380	-0.08512	0.96608	-0.85123
-0.46250	0.86536	0.19297	8.65365
0.85244	0.49386	-0.17161	4.93860
0.00000	0.00000	0.00000	1.00000

boidNo = 16
boid Wall No = 0
position = = (7.9, -6.2, -0.3)
Boid Radius= 10
Boid Frame=
 -0.60015	0.78665	-0.14492	7.86652
-0.77473	-0.61673	-0.13938	-6.16733
0.19902	-0.02863	-0.97958	-0.28626
0.00000	0.00000	0.00000	1.00000

boidNo = 17
boid Wall No = 0
position = = (7.1, -3.6, 6.0)
Boid Radius= 10
Boid Frame=
 0.37286	0.71425	0.59231	7.14249
-0.53226	-0.35824	0.76705	-3.58240
-0.76005	0.60126	-0.24659	6.01259
0.00000	0.00000	0.00000	1.00000

boidNo = 18
boid Wall No = 0
position = = (-4.7, -2.8, 8.4)
Boid Radius= 10
Boid Frame=
 0.80819	-0.47115	0.35334	-4.71155
-0.51826	-0.28401	0.80669	-2.84005
0.27973	0.83508	0.47371	8.35078
0.00000	0.00000	0.00000	1.00000

boidNo = 19
boid Wall No = 1
position = = (3.8, 4.8, -7.9)
Boid Radius= 10
Boid Frame=
 -0.53620	0.37564	-0.75590	3.75638
-0.58189	0.48423	0.65340	4.84229
-0.61147	-0.79020	0.04107	-7.90201
0.00000	0.00000	0.00000	1.00000

