Iteration Num of Simuation:0
m_SimulationDeltaT of action plan:0
boidNo = 0
boid Wall No = 0
position = = (0.1, -9.9, -1.5)
Boid Radius= 10
Boid Frame=
 -0.47260	0.00835	0.88124	0.08352
0.12767	-0.98876	0.07784	-9.88758
-0.87198	-0.14929	-0.46622	-1.49292
0.00000	0.00000	0.00000	1.00000

boidNo = 1
boid Wall No = 0
position = = (4.8, -3.3, -8.2)
Boid Radius= 10
Boid Frame=
 -0.76247	0.47636	-0.43787	4.76356
-0.61618	-0.32811	0.71601	-3.28110
-0.19740	-0.81574	-0.54369	-8.15738
0.00000	0.00000	0.00000	1.00000

boidNo = 2
boid Wall No = 1
position = = (-7.5, 3.7, -5.5)
Boid Radius= 10
Boid Frame=
 -0.64062	-0.74917	-0.16836	-7.49171
-0.61597	0.37049	0.69521	3.70486
0.45846	-0.54907	0.69881	-5.49074
0.00000	0.00000	0.00000	1.00000

boidNo = 3
boid Wall No = 0
position = = (-1.0, -9.9, 0.5)
Boid Radius= 10
Boid Frame=
 -0.06827	-0.10093	-0.99255	-1.00933
0.05854	-0.99356	0.09701	-9.93560
0.99595	0.05148	-0.07374	0.51483
0.00000	0.00000	0.00000	1.00000

boidNo = 4
boid Wall No = 1
position = = (1.4, 9.8, -1.2)
Boid Radius= 10
Boid Frame=
 -0.85601	0.14472	-0.49628	1.44724
0.06601	0.98276	0.17273	9.82755
-0.51272	-0.11510	0.85081	-1.15097
0.00000	0.00000	0.00000	1.00000

boidNo = 5
boid Wall No = 1
position = = (-0.5, 4.7, 8.8)
Boid Radius= 10
Boid Frame=
 0.76093	-0.05153	0.64679	-0.51530
-0.55182	0.47297	0.68688	4.72968
0.34130	0.87957	-0.33146	8.79572
0.00000	0.00000	0.00000	1.00000

boidNo = 6
boid Wall No = 1
position = = (-5.3, 7.1, -4.6)
Boid Radius= 10
Boid Frame=
 -0.82578	-0.53146	0.18876	-5.31462
-0.31606	0.71328	0.62557	7.13281
0.46711	-0.45692	0.75699	-4.56922
0.00000	0.00000	0.00000	1.00000

boidNo = 7
boid Wall No = 1
position = = (2.6, 4.1, 8.8)
Boid Radius= 10
Boid Frame=
 0.80054	0.25661	0.54156	2.56608
-0.59772	0.40695	0.69074	4.06954
0.04314	0.87666	-0.47916	8.76665
0.00000	0.00000	0.00000	1.00000

boidNo = 8
boid Wall No = 0
position = = (2.8, -7.9, 5.4)
Boid Radius= 10
Boid Frame=
 0.87665	0.28441	0.38807	2.84412
-0.01199	-0.79341	0.60857	-7.93413
-0.48098	0.53815	0.69213	5.38151
0.00000	0.00000	0.00000	1.00000

boidNo = 9
boid Wall No = 0
position = = (4.7, -1.8, 8.7)
Boid Radius= 10
Boid Frame=
 0.57596	0.46897	0.66958	4.68971
-0.68176	-0.17641	0.70999	-1.76412
-0.45109	0.86542	-0.21812	8.65416
0.00000	0.00000	0.00000	1.00000

boidNo = 10
boid Wall No = 0
position = = (6.4, -7.7, -0.3)
Boid Radius= 10
Boid Frame=
 -0.12315	0.63606	0.76175	6.36060
-0.05738	-0.77087	0.63440	-7.70872
-0.99073	-0.03442	-0.13143	-0.34421
0.00000	0.00000	0.00000	1.00000

boidNo = 11
boid Wall No = 0
position = = (-1.4, -9.7, -1.9)
Boid Radius= 10
Boid Frame=
 -0.98402	-0.14442	0.10414	-1.44423
0.16132	-0.97069	0.17814	-9.70692
-0.07536	-0.19209	-0.97848	-1.92092
0.00000	0.00000	0.00000	1.00000

boidNo = 12
boid Wall No = 1
position = = (-0.7, 10.0, -0.7)
Boid Radius= 10
Boid Frame=
 -0.27134	-0.06795	0.96008	-0.67946
0.04481	0.99553	0.08312	9.95532
0.96144	-0.06557	0.26708	-0.65571
0.00000	0.00000	0.00000	1.00000

boidNo = 13
boid Wall No = 0
position = = (4.1, -9.0, -1.3)
Boid Radius= 10
Boid Frame=
 0.03797	0.40995	0.91132	4.09955
0.16342	-0.90224	0.39907	-9.02242
-0.98583	-0.13378	0.10125	-1.33775
0.00000	0.00000	0.00000	1.00000

boidNo = 14
boid Wall No = 1
position = = (0.9, 4.1, -9.1)
Boid Radius= 10
Boid Frame=
 -0.73171	0.08622	-0.67614	0.86220
-0.59241	0.41019	0.69340	4.10190
-0.33713	-0.90792	0.24906	-9.07915
0.00000	0.00000	0.00000	1.00000

