Iteration Num of Simuation:0
m_SimulationDeltaT of action plan:0
boidNo = 0
boid Wall No = 1
position = = (-9.1, 3.4, 2.4)
Boid Radius= 10
Boid Frame=
 -0.00585	-0.91043	0.41363	-9.10428
-0.58555	0.33842	0.73662	3.38422
0.81062	0.23789	0.53508	2.37889
0.00000	0.00000	0.00000	1.00000

boidNo = 1
boid Wall No = 0
position = = (-1.0, -4.7, -8.8)
Boid Radius= 10
Boid Frame=
 -0.85731	-0.09643	-0.50568	-0.96433
-0.40983	-0.46661	0.78378	-4.66609
0.31154	-0.87919	-0.36051	-8.79191
0.00000	0.00000	0.00000	1.00000

boidNo = 2
boid Wall No = 1
position = = (-1.6, 6.1, 7.8)
Boid Radius= 10
Boid Frame=
 0.78644	-0.15563	0.59774	-1.55632
-0.40178	0.60611	0.68644	6.06115
0.46913	0.78000	-0.41414	7.80002
0.00000	0.00000	0.00000	1.00000

boidNo = 3
boid Wall No = 0
position = = (0.0, -10.0, 0.3)
Boid Radius= 10
Boid Frame=
 0.99614	-0.00165	-0.08772	-0.01651
0.00117	-0.99949	0.03205	-9.99486
0.08772	0.03202	0.99563	0.32024
0.00000	0.00000	0.00000	1.00000

boidNo = 4
boid Wall No = 1
position = = (-2.0, 8.6, 4.8)
Boid Radius= 10
Boid Frame=
 0.76973	-0.19658	0.60735	-1.96577
-0.16626	0.85684	0.48804	8.56837
0.61634	0.47664	-0.62685	4.76643
0.00000	0.00000	0.00000	1.00000

boidNo = 5
boid Wall No = 1
position = = (2.6, 8.9, 3.7)
Boid Radius= 10
Boid Frame=
 0.88295	0.26437	-0.38796	2.64370
-0.06760	0.88936	0.45218	8.89362
-0.46458	0.37302	-0.80313	3.73021
0.00000	0.00000	0.00000	1.00000

boidNo = 6
boid Wall No = 1
position = = (-9.3, 3.6, 0.0)
Boid Radius= 10
Boid Frame=
 -0.34254	-0.93432	0.09856	-9.34321
-0.89474	0.35641	0.26909	3.56411
0.28654	-0.00399	0.95806	-0.03990
0.00000	0.00000	0.00000	1.00000

boidNo = 7
boid Wall No = 1
position = = (-10.0, 0.7, 0.2)
Boid Radius= 9.999999
Boid Frame=
 -0.03437	-0.99690	0.07076	-9.96901
-0.69346	0.07477	0.71660	0.74767
0.71967	0.02444	0.69388	0.24440
0.00000	0.00000	0.00000	1.00000

boidNo = 8
boid Wall No = 1
position = = (9.8, 1.8, -1.1)
Boid Radius= 10
Boid Frame=
 0.03394	0.97868	-0.20256	9.78682
-0.64746	0.17592	0.74151	1.75921
-0.76134	-0.10598	-0.63963	-1.05983
0.00000	0.00000	0.00000	1.00000

boidNo = 9
boid Wall No = 0
position = = (0.5, -2.0, 9.8)
Boid Radius= 10
Boid Frame=
 0.45217	0.04616	0.89074	0.46163
-0.86939	-0.20030	0.45171	-2.00296
-0.19926	0.97865	0.05043	9.78647
0.00000	0.00000	0.00000	1.00000

boidNo = 10
boid Wall No = 0
position = = (-1.8, -9.8, -0.2)
Boid Radius= 9.999999
Boid Frame=
 -0.03989	-0.17630	-0.98353	-1.76298
-0.01776	-0.98403	0.17711	-9.84031
0.99905	-0.02453	-0.03612	-0.24534
0.00000	0.00000	0.00000	1.00000

boidNo = 11
boid Wall No = 0
position = = (-8.2, -5.7, 1.2)
Boid Radius= 9.999999
Boid Frame=
 0.37629	-0.81542	-0.43988	-8.15421
-0.36767	-0.56721	0.73695	-5.67213
0.85042	0.11558	0.51324	1.15578
0.00000	0.00000	0.00000	1.00000

boidNo = 12
boid Wall No = 0
position = = (-1.0, -8.4, -5.4)
Boid Radius= 10
Boid Frame=
 -0.53577	-0.09754	-0.83871	-0.97544
-0.41069	-0.83779	0.35979	-8.37787
0.73775	-0.53721	-0.40880	-5.37213
0.00000	0.00000	0.00000	1.00000

boidNo = 13
boid Wall No = 0
position = = (-3.0, -6.9, 6.6)
Boid Radius= 10
Boid Frame=
 0.95337	-0.30080	-0.02456	-3.00795
-0.19817	-0.68533	0.70075	-6.85329
0.22762	0.66321	0.71298	6.63209
0.00000	0.00000	0.00000	1.00000

boidNo = 14
boid Wall No = 1
position = = (1.2, 9.8, -1.7)
Boid Radius= 10
Boid Frame=
 -0.34213	0.12312	-0.93155	1.23115
-0.11719	0.97805	0.17230	9.78048
-0.93232	-0.16812	0.32019	-1.68120
0.00000	0.00000	0.00000	1.00000

boidNo = 15
boid Wall No = 1
position = = (-6.0, 5.1, 6.1)
Boid Radius= 10
Boid Frame=
 0.35188	-0.60210	0.71670	-6.02097
-0.51605	0.51401	0.68519	5.14014
0.78094	0.61096	0.12984	6.10957
0.00000	0.00000	0.00000	1.00000

boidNo = 16
boid Wall No = 0
position = = (1.1, -9.2, -3.7)
Boid Radius= 9.999999
Boid Frame=
 -0.78546	0.10871	0.60929	1.08710
0.14858	-0.92255	0.35614	-9.22545
-0.60081	-0.37026	-0.70847	-3.70260
0.00000	0.00000	0.00000	1.00000

boidNo = 17
boid Wall No = 1
position = = (4.6, 5.8, 6.7)
Boid Radius= 10
Boid Frame=
 0.85055	0.46497	0.24572	4.64968
-0.50133	0.57572	0.64592	5.75725
-0.15887	0.67257	-0.72278	6.72567
0.00000	0.00000	0.00000	1.00000

boidNo = 18
boid Wall No = 0
position = = (-0.1, -10.0, -0.2)
Boid Radius= 10
Boid Frame=
 -0.87178	-0.01040	-0.48978	-0.10402
-0.00249	-0.99967	0.02567	-9.99668
0.48989	-0.02359	-0.87147	-0.23595
0.00000	0.00000	0.00000	1.00000

boidNo = 19
boid Wall No = 1
position = = (-8.8, 4.5, -1.4)
Boid Radius= 10
Boid Frame=
 -0.39228	-0.88169	0.26219	-8.81689
-0.53318	0.45021	0.71626	4.50214
0.74956	-0.14118	0.64670	-1.41180
0.00000	0.00000	0.00000	1.00000

