Iteration Num of Simuation:0
m_SimulationDeltaT of action plan:0
boidNo = 0
boid Wall No = 0
position = = (1.3, -8.8, -4.6)
Boid Radius= 10
Boid Frame=
 -0.87503	0.13248	0.46558	1.32480
0.11366	-0.87869	0.46366	-8.78694
-0.47053	-0.45863	-0.75383	-4.58635
0.00000	0.00000	0.00000	1.00000

boidNo = 1
boid Wall No = 0
position = = (-1.8, -8.6, 4.8)
Boid Radius= 10
Boid Frame=
 0.83373	-0.17876	-0.52244	-1.78757
0.12879	-0.85710	0.49879	-8.57100
0.53695	0.48314	0.69156	4.83140
0.00000	0.00000	0.00000	1.00000

boidNo = 2
boid Wall No = 0
position = = (2.9, -9.3, -2.2)
Boid Radius= 10
Boid Frame=
 -0.28640	0.28745	0.91397	2.87454
0.13991	-0.93116	0.33670	-9.31160
-0.94784	-0.22430	-0.22646	-2.24303
0.00000	0.00000	0.00000	1.00000

boidNo = 3
boid Wall No = 1
position = = (-5.7, 5.0, -6.6)
Boid Radius= 10
Boid Frame=
 -0.80672	-0.56780	-0.16375	-5.67797
-0.49499	0.49792	0.71208	4.97918
0.32278	-0.65550	0.68274	-6.55503
0.00000	0.00000	0.00000	1.00000

boidNo = 4
boid Wall No = 1
position = = (5.1, 8.4, 1.7)
Boid Radius= 10
Boid Frame=
 0.49530	0.50995	-0.70330	5.09946
-0.12362	0.84272	0.52397	8.42716
-0.85988	0.17258	-0.48043	1.72584
0.00000	0.00000	0.00000	1.00000

boidNo = 5
boid Wall No = 1
position = = (1.0, 5.3, -8.4)
Boid Radius= 10
Boid Frame=
 -0.76342	0.09534	-0.63883	0.95342
-0.50194	0.53489	0.67967	5.34889
-0.40650	-0.83953	0.36049	-8.39526
0.00000	0.00000	0.00000	1.00000

boidNo = 6
boid Wall No = 1
position = = (-5.6, 4.8, -6.7)
Boid Radius= 10
Boid Frame=
 -0.79670	-0.56095	-0.22497	-5.60948
-0.53588	0.48351	0.69213	4.83515
0.27947	-0.67198	0.68582	-6.71976
0.00000	0.00000	0.00000	1.00000

boidNo = 7
boid Wall No = 1
position = = (-6.8, 5.3, 5.1)
Boid Radius= 10
Boid Frame=
 0.25890	-0.67548	0.69043	-6.75482
-0.47833	0.53134	0.69920	5.31338
0.83915	0.51128	0.18554	5.11277
0.00000	0.00000	0.00000	1.00000

boidNo = 8
boid Wall No = 1
position = = (3.3, 7.6, 5.5)
Boid Radius= 10
Boid Frame=
 0.94379	0.33045	0.00811	3.30454
-0.27240	0.76362	0.58538	7.63625
-0.18725	0.55469	-0.81072	5.54687
0.00000	0.00000	0.00000	1.00000

boidNo = 9
boid Wall No = 0
position = = (7.0, -4.4, 5.6)
Boid Radius= 10
Boid Frame=
 0.32569	0.70178	0.63358	7.01783
-0.50581	-0.43684	0.74386	-4.36836
-0.79880	0.56274	-0.21269	5.62739
0.00000	0.00000	0.00000	1.00000

boidNo = 10
boid Wall No = 1
position = = (4.7, 0.3, -8.8)
Boid Radius= 10
Boid Frame=
 -0.62221	0.47438	-0.62275	4.74377
-0.69366	0.03466	0.71946	0.34660
-0.36288	-0.87964	-0.30749	-8.79639
0.00000	0.00000	0.00000	1.00000

boidNo = 11
boid Wall No = 1
position = = (-9.3, 3.7, 0.4)
Boid Radius= 10
Boid Frame=
 -0.21423	-0.92799	0.30487	-9.27987
-0.61452	0.37065	0.69640	3.70654
0.75925	0.03816	0.64968	0.38156
0.00000	0.00000	0.00000	1.00000

boidNo = 12
boid Wall No = 1
position = = (-1.9, 7.7, 6.1)
Boid Radius= 9.999999
Boid Frame=
 0.82319	-0.18623	0.53636	-1.86227
-0.21396	0.77329	0.59687	7.73288
0.52591	0.60609	-0.59672	6.06090
0.00000	0.00000	0.00000	1.00000

boidNo = 13
boid Wall No = 1
position = = (-5.7, 7.8, -2.5)
Boid Radius= 10
Boid Frame=
 -0.62096	-0.56583	0.54244	-5.65827
-0.20308	0.78454	0.58588	7.84538
0.75708	-0.25365	0.60207	-2.53654
0.00000	0.00000	0.00000	1.00000

boidNo = 14
boid Wall No = 0
position = = (-5.6, -3.5, -7.5)
Boid Radius= 10
Boid Frame=
 -0.51445	-0.56055	-0.64894	-5.60554
-0.56095	-0.35239	0.74910	-3.52390
0.64859	-0.74940	0.13316	-7.49400
0.00000	0.00000	0.00000	1.00000

