Iteration Num of Simuation:0
m_SimulationDeltaT of action plan:0
boidNo = 0
boid Wall No = 0
position = = (-5.0, -8.5, -1.6)
Boid Radius= 9.999999
Boid Frame=
 -0.44554	-0.50375	-0.74009	-5.03747
0.09261	-0.84817	0.52156	-8.48172
0.89046	-0.16384	-0.42455	-1.63837
0.00000	0.00000	0.00000	1.00000

boidNo = 1
boid Wall No = 1
position = = (9.9, 1.1, 0.9)
Boid Radius= 10
Boid Frame=
 0.14569	0.98919	-0.01665	9.89190
-0.68054	0.11242	0.72404	1.12417
-0.71808	0.09416	-0.68956	0.94159
0.00000	0.00000	0.00000	1.00000

boidNo = 2
boid Wall No = 0
position = = (9.4, -2.2, -2.8)
Boid Radius= 10
Boid Frame=
 -0.34687	0.93696	-0.04233	9.36958
-0.66900	-0.21553	0.71133	-2.15528
-0.65736	-0.27506	-0.70158	-2.75059
0.00000	0.00000	0.00000	1.00000

boidNo = 3
boid Wall No = 1
position = = (3.2, 7.6, 5.7)
Boid Radius= 10
Boid Frame=
 0.94797	0.31828	-0.00701	3.18278
-0.24907	0.75520	0.60634	7.55197
-0.19828	0.57304	-0.79518	5.73042
0.00000	0.00000	0.00000	1.00000

boidNo = 4
boid Wall No = 1
position = = (-1.3, 8.8, 4.6)
Boid Radius= 10
Boid Frame=
 0.92921	-0.12542	0.34761	-1.25420
-0.05771	0.87985	0.47173	8.79854
0.36501	0.45840	-0.81033	4.58395
0.00000	0.00000	0.00000	1.00000

