Iteration Num of Simuation:0
m_SimulationDeltaT of action plan:0
boidNo = 0
boid Wall No = 1
position = = (-2.0, 5.0, -8.4)
Boid Radius= 10
Boid Frame=
 -0.81767	-0.19669	-0.54105	-1.96689
-0.55850	0.49901	0.66262	4.99010
-0.13966	-0.84398	0.51787	-8.43980
0.00000	0.00000	0.00000	1.00000

boidNo = 1
boid Wall No = 1
position = = (2.1, 9.2, -3.2)
Boid Radius= 10
Boid Frame=
 -0.53919	0.21390	-0.81457	2.13900
-0.16086	0.92324	0.34892	9.23243
-0.82668	-0.31917	0.46339	-3.19169
0.00000	0.00000	0.00000	1.00000

boidNo = 2
boid Wall No = 0
position = = (7.6, -4.7, 4.5)
Boid Radius= 10
Boid Frame=
 0.13830	0.75574	0.64010	7.55743
-0.56106	-0.47281	0.67946	-4.72815
-0.81614	0.45310	-0.35863	4.53099
0.00000	0.00000	0.00000	1.00000

boidNo = 3
boid Wall No = 1
position = = (-6.6, 6.8, 3.3)
Boid Radius= 10
Boid Frame=
 -0.05417	-0.65528	0.75344	-6.55278
-0.47508	0.68059	0.55776	6.80592
0.87828	0.32773	0.34818	3.27727
0.00000	0.00000	0.00000	1.00000

boidNo = 4
boid Wall No = 1
position = = (-7.1, 7.0, -0.8)
Boid Radius= 10
Boid Frame=
 -0.66256	-0.71239	0.23133	-7.12388
-0.63283	0.69764	0.33590	6.97641
0.40067	-0.07616	0.91305	-0.76164
0.00000	0.00000	0.00000	1.00000

boidNo = 5
boid Wall No = 0
position = = (1.5, -9.9, 0.0)
Boid Radius= 10
Boid Frame=
 -0.09459	0.15244	0.98378	1.52436
-0.01527	-0.98831	0.15167	-9.88313
-0.99540	0.00068	-0.09581	0.00680
0.00000	0.00000	0.00000	1.00000

boidNo = 6
boid Wall No = 1
position = = (1.8, 9.7, 1.8)
Boid Radius= 10
Boid Frame=
 0.94927	0.17597	-0.26061	1.75969
-0.11877	0.96801	0.22100	9.68015
-0.29117	0.17884	-0.93981	1.78836
0.00000	0.00000	0.00000	1.00000

boidNo = 7
boid Wall No = 1
position = = (6.6, 6.8, 3.2)
Boid Radius= 10
Boid Frame=
 0.73905	0.65829	0.14303	6.58288
-0.66621	0.68277	0.29997	6.82772
-0.09981	0.31699	-0.94316	3.16985
0.00000	0.00000	0.00000	1.00000

boidNo = 8
boid Wall No = 0
position = = (-5.8, -1.9, -7.9)
Boid Radius= 10
Boid Frame=
 -0.48065	-0.57981	-0.65788	-5.79806
-0.70431	-0.19169	0.68352	-1.91691
0.52242	-0.79188	0.31623	-7.91884
0.00000	0.00000	0.00000	1.00000

boidNo = 9
boid Wall No = 0
position = = (-2.7, -9.5, 1.3)
Boid Radius= 10
Boid Frame=
 -0.80841	-0.26957	0.52327	-2.69574
0.14876	-0.95367	-0.26149	-9.53674
-0.56952	0.13355	-0.81106	1.33551
0.00000	0.00000	0.00000	1.00000

boidNo = 10
boid Wall No = 1
position = = (1.8, 9.8, -0.5)
Boid Radius= 10
Boid Frame=
 -0.59600	0.18473	-0.78144	1.84734
0.06961	0.98140	0.17891	9.81400
-0.79996	-0.05223	0.59778	-0.52234
0.00000	0.00000	0.00000	1.00000

boidNo = 11
boid Wall No = 0
position = = (-5.4, -8.3, 1.7)
Boid Radius= 10
Boid Frame=
 0.49830	-0.53659	-0.68101	-5.36585
-0.14372	-0.82573	0.54545	-8.25727
0.85501	0.17393	0.48858	1.73931
0.00000	0.00000	0.00000	1.00000

boidNo = 12
boid Wall No = 1
position = = (-1.3, 5.5, 8.2)
Boid Radius= 10
Boid Frame=
 0.77886	-0.13498	0.61250	-1.34981
-0.45502	0.55051	0.69992	5.50514
0.43167	0.82384	-0.36735	8.23842
0.00000	0.00000	0.00000	1.00000

boidNo = 13
boid Wall No = 1
position = = (-8.3, 1.6, 5.4)
Boid Radius= 10
Boid Frame=
 0.33151	-0.82721	0.45367	-8.27213
-0.63227	0.16210	0.75760	1.62102
0.70024	0.53800	0.46928	5.37998
0.00000	0.00000	0.00000	1.00000

boidNo = 14
boid Wall No = 0
position = = (0.2, -9.9, -1.0)
Boid Radius= 10
Boid Frame=
 -0.99370	0.01837	0.11055	0.18370
-0.00710	-0.99481	0.10146	-9.94815
-0.11184	-0.10003	-0.98868	-1.00031
0.00000	0.00000	0.00000	1.00000

