Iteration Num of Simuation:0
m_SimulationDeltaT of action plan:0
boidNo = 0
boid Wall No = 1
position = = (7.6, 0.5, 6.5)
Boid Radius= 10
Boid Frame=
 0.48629	0.76076	0.42984	7.60764
-0.70809	0.05485	0.70399	0.54850
-0.51199	0.64671	-0.56536	6.46707
0.00000	0.00000	0.00000	1.00000

boidNo = 1
boid Wall No = 0
position = = (-1.8, -9.7, 1.8)
Boid Radius= 10
Boid Frame=
 -0.29930	-0.17915	-0.93719	-1.79147
0.23065	-0.96667	0.11112	-9.66671
0.92586	0.18290	-0.33065	1.82903
0.00000	0.00000	0.00000	1.00000

boidNo = 2
boid Wall No = 0
position = = (-1.0, -9.9, -0.4)
Boid Radius= 9.999999
Boid Frame=
 -0.70976	-0.10458	-0.69663	-1.04579
0.04519	-0.99364	0.10312	-9.93642
0.70299	-0.04171	-0.70998	-0.41711
0.00000	0.00000	0.00000	1.00000

boidNo = 3
boid Wall No = 1
position = = (-6.5, 7.4, 1.9)
Boid Radius= 10
Boid Frame=
 -0.02109	-0.64547	0.76350	-6.45466
-0.26442	0.74008	0.61836	7.40077
0.96418	0.18884	0.18628	1.88837
0.00000	0.00000	0.00000	1.00000

boidNo = 4
boid Wall No = 0
position = = (-4.7, -8.7, -1.4)
Boid Radius= 10
Boid Frame=
 -0.48423	-0.47400	-0.73542	-4.73997
0.11998	-0.86857	0.48082	-8.68574
0.86667	-0.14459	-0.47746	-1.44591
0.00000	0.00000	0.00000	1.00000

boidNo = 5
boid Wall No = 1
position = = (-1.3, 7.6, -6.3)
Boid Radius= 10
Boid Frame=
 -0.96087	-0.12789	-0.24571	-1.27892
-0.25378	0.76199	0.59579	7.61988
-0.11103	-0.63484	0.76463	-6.34837
0.00000	0.00000	0.00000	1.00000

boidNo = 6
boid Wall No = 0
position = = (1.9, -0.5, -9.8)
Boid Radius= 10
Boid Frame=
 -0.70158	0.19358	-0.68580	1.93579
-0.70511	-0.04942	0.70738	-0.49418
-0.10304	-0.97984	-0.17116	-9.79839
0.00000	0.00000	0.00000	1.00000

boidNo = 7
boid Wall No = 1
position = = (9.1, 3.4, 2.5)
Boid Radius= 10
Boid Frame=
 0.41777	0.90686	-0.05551	9.06856
-0.64928	0.34073	0.67996	3.40725
-0.63554	0.24803	-0.73114	2.48029
0.00000	0.00000	0.00000	1.00000

boidNo = 8
boid Wall No = 1
position = = (9.6, 1.1, -2.5)
Boid Radius= 10
Boid Frame=
 -0.08990	0.96231	-0.25665	9.62314
-0.72554	0.11325	0.67880	1.13251
-0.68228	-0.24724	-0.68802	-2.47236
0.00000	0.00000	0.00000	1.00000

boidNo = 9
boid Wall No = 0
position = = (1.6, -9.1, -3.7)
Boid Radius= 10
Boid Frame=
 -0.73471	0.16471	0.65808	1.64707
0.13660	-0.91429	0.38133	-9.14290
-0.66448	-0.37006	-0.64924	-3.70061
0.00000	0.00000	0.00000	1.00000

boidNo = 10
boid Wall No = 1
position = = (-1.9, 8.1, 5.5)
Boid Radius= 10
Boid Frame=
 0.83240	-0.18834	0.52119	-1.88342
-0.16683	0.81169	0.55976	8.11689
0.52847	0.55289	-0.64423	5.52891
0.00000	0.00000	0.00000	1.00000

boidNo = 11
boid Wall No = 0
position = = (7.3, -1.8, 6.6)
Boid Radius= 10
Boid Frame=
 0.40269	0.73060	0.55143	7.30599
-0.66866	-0.17661	0.72229	-1.76610
-0.62509	0.65957	-0.41740	6.59572
0.00000	0.00000	0.00000	1.00000

boidNo = 12
boid Wall No = 1
position = = (-4.1, 8.5, -3.2)
Boid Radius= 10
Boid Frame=
 -0.76892	-0.40908	0.49134	-4.09076
-0.13467	0.85490	0.50101	8.54898
0.62500	-0.31907	0.71244	-3.19071
0.00000	0.00000	0.00000	1.00000

boidNo = 13
boid Wall No = 1
position = = (5.0, 7.4, -4.6)
Boid Radius= 10
Boid Frame=
 -0.39181	0.49683	-0.77437	4.96831
-0.28297	0.73579	0.61526	7.35792
-0.87545	-0.46018	0.14770	-4.60184
0.00000	0.00000	0.00000	1.00000

boidNo = 14
boid Wall No = 1
position = = (7.6, 2.1, 6.1)
Boid Radius= 10
Boid Frame=
 0.59475	0.76101	0.25911	7.61011
-0.60745	0.21430	0.76491	2.14296
-0.52658	0.61232	-0.58973	6.12323
0.00000	0.00000	0.00000	1.00000

