Iteration Num of Simuation:0
m_SimulationDeltaT of action plan:0
boidNo = 0
boid Wall No = 1
position = = (2.5, 6.0, -7.6)
Boid Radius= 10
Boid Frame=
 -0.71166	0.25204	-0.65576	2.52044
-0.41476	0.60265	0.68175	6.02648
-0.56702	-0.75716	0.32434	-7.57159
0.00000	0.00000	0.00000	1.00000

boidNo = 1
boid Wall No = 0
position = = (-2.4, -9.6, 1.1)
Boid Radius= 10
Boid Frame=
 -0.09273	-0.24441	-0.96523	-2.44406
0.13701	-0.96332	0.23076	-9.63316
0.98622	0.11085	-0.12282	1.10851
0.00000	0.00000	0.00000	1.00000

boidNo = 2
boid Wall No = 0
position = = (-2.2, -9.7, -0.3)
Boid Radius= 10
Boid Frame=
 0.11322	-0.22144	-0.96858	-2.21437
-0.05307	-0.97480	0.21666	-9.74804
0.99215	-0.02687	0.12212	-0.26871
0.00000	0.00000	0.00000	1.00000

boidNo = 3
boid Wall No = 1
position = = (3.9, 9.1, 1.5)
Boid Radius= 10
Boid Frame=
 0.72779	0.38889	-0.56488	3.88888
-0.20236	0.90878	0.36492	9.08781
-0.65527	0.15127	-0.74010	1.51273
0.00000	0.00000	0.00000	1.00000

boidNo = 4
boid Wall No = 1
position = = (2.8, 9.2, -2.7)
Boid Radius= 10
Boid Frame=
 -0.50864	0.28349	-0.81297	2.83487
-0.09022	0.92149	0.37777	9.21492
-0.85624	-0.26550	0.44313	-2.65497
0.00000	0.00000	0.00000	1.00000

boidNo = 5
boid Wall No = 1
position = = (5.2, 1.5, 8.4)
Boid Radius= 9.999999
Boid Frame=
 0.70618	0.51850	0.48215	5.18501
-0.62903	0.14683	0.76339	1.46830
-0.32503	0.84238	-0.42984	8.42376
0.00000	0.00000	0.00000	1.00000

boidNo = 6
boid Wall No = 1
position = = (0.6, 4.9, -8.7)
Boid Radius= 10
Boid Frame=
 -0.79899	0.06148	-0.59820	0.61477
-0.49868	0.48817	0.71625	4.88166
-0.33605	-0.87058	0.35938	-8.70583
0.00000	0.00000	0.00000	1.00000

boidNo = 7
boid Wall No = 0
position = = (9.1, -4.1, 0.1)
Boid Radius= 10
Boid Frame=
 -0.22258	0.91274	0.34258	9.12743
-0.52633	-0.40828	0.74584	-4.08284
-0.82063	0.01430	-0.57128	0.14299
0.00000	0.00000	0.00000	1.00000

boidNo = 8
boid Wall No = 1
position = = (2.3, 6.7, -7.0)
Boid Radius= 10
Boid Frame=
 -0.60853	0.22897	-0.75978	2.28972
-0.46601	0.67186	0.57571	6.71857
-0.64228	-0.70440	0.30214	-7.04400
0.00000	0.00000	0.00000	1.00000

boidNo = 9
boid Wall No = 1
position = = (1.1, 9.9, 0.0)
Boid Radius= 10
Boid Frame=
 -0.13948	0.10894	-0.98421	1.08942
0.01624	0.99405	0.10773	9.94048
-0.99009	0.00095	0.14042	0.00952
0.00000	0.00000	0.00000	1.00000

boidNo = 10
boid Wall No = 0
position = = (2.3, -3.9, -8.9)
Boid Radius= 10
Boid Frame=
 -0.85381	0.23385	-0.46510	2.33855
-0.52058	-0.38658	0.76128	-3.86580
0.00177	-0.89211	-0.45181	-8.92114
0.00000	0.00000	0.00000	1.00000

boidNo = 11
boid Wall No = 0
position = = (-9.1, -3.4, 2.5)
Boid Radius= 10
Boid Frame=
 0.40935	-0.90522	-0.11409	-9.05217
-0.54331	-0.34230	0.76658	-3.42304
0.73297	0.25181	0.63193	2.51814
0.00000	0.00000	0.00000	1.00000

boidNo = 12
boid Wall No = 1
position = = (0.7, 9.7, 2.1)
Boid Radius= 10
Boid Frame=
 0.98016	0.06946	0.18562	0.69465
-0.10628	0.97474	0.19642	9.74742
0.16729	0.21226	-0.96279	2.12256
0.00000	0.00000	0.00000	1.00000

boidNo = 13
boid Wall No = 0
position = = (-0.9, -4.1, -9.1)
Boid Radius= 9.999999
Boid Frame=
 -0.13983	-0.08661	-0.98638	-0.86609
-0.89631	-0.41227	0.16326	-4.12271
0.42080	-0.90694	0.01998	-9.06935
0.00000	0.00000	0.00000	1.00000

boidNo = 14
boid Wall No = 1
position = = (2.0, 6.9, 6.9)
Boid Radius= 10
Boid Frame=
 0.89060	0.20387	0.40653	2.03868
-0.42504	0.69107	0.58461	6.91068
0.16176	0.69344	-0.70212	6.93443
0.00000	0.00000	0.00000	1.00000

boidNo = 15
boid Wall No = 1
position = = (-7.8, 5.8, -2.6)
Boid Radius= 10
Boid Frame=
 -0.61107	-0.77625	0.15499	-7.76254
-0.58635	0.57542	0.57017	5.75416
0.53178	-0.25754	0.80678	-2.57538
0.00000	0.00000	0.00000	1.00000

boidNo = 16
boid Wall No = 1
position = = (9.7, 1.6, -2.0)
Boid Radius= 10
Boid Frame=
 -0.01926	0.96631	-0.25665	9.66314
-0.73362	0.16074	0.66027	1.60742
-0.67928	-0.20100	-0.70582	-2.00997
0.00000	0.00000	0.00000	1.00000

boidNo = 17
boid Wall No = 1
position = = (1.8, 9.8, -1.1)
Boid Radius= 10
Boid Frame=
 -0.05681	0.17995	-0.98203	1.79946
-0.10057	0.97759	0.18495	9.77589
-0.99331	-0.10927	0.03744	-1.09267
0.00000	0.00000	0.00000	1.00000

boidNo = 18
boid Wall No = 0
position = = (6.2, -7.7, 1.0)
Boid Radius= 10
Boid Frame=
 0.07368	0.62447	0.77757	6.24468
-0.06595	-0.77493	0.62860	-7.74928
-0.99510	0.09760	0.01591	0.97599
0.00000	0.00000	0.00000	1.00000

boidNo = 19
boid Wall No = 1
position = = (-1.7, 9.9, 0.0)
Boid Radius= 10
Boid Frame=
 -0.25742	-0.16597	0.95194	-1.65970
-0.03861	0.98612	0.16149	9.86119
0.96553	-0.00481	0.26026	-0.04814
0.00000	0.00000	0.00000	1.00000

