Iteration Num of Simuation:0
m_SimulationDeltaT of action plan:0
boidNo = 0
boid Wall No = 0
position = = (5.3, -7.3, -4.3)
Boid Radius= 10
Boid Frame=
 -0.73736	0.53348	0.41436	5.33481
-0.15178	-0.72858	0.66793	-7.28579
-0.65822	-0.42962	-0.61820	-4.29618
0.00000	0.00000	0.00000	1.00000

boidNo = 1
boid Wall No = 1
position = = (-2.6, 9.4, 2.1)
Boid Radius= 10
Boid Frame=
 0.62980	-0.26338	0.73074	-2.63379
0.00597	0.94237	0.33451	9.42372
0.77673	0.20632	-0.59508	2.06318
0.00000	0.00000	0.00000	1.00000

boidNo = 2
boid Wall No = 0
position = = (6.3, -3.4, 7.0)
Boid Radius= 10
Boid Frame=
 0.45171	0.63285	0.62886	6.32846
-0.56635	-0.34123	0.75021	-3.41234
-0.68935	0.69503	-0.20427	6.95029
0.00000	0.00000	0.00000	1.00000

boidNo = 3
boid Wall No = 1
position = = (-0.8, 3.1, 9.5)
Boid Radius= 10
Boid Frame=
 0.71667	-0.07860	0.69297	-0.78596
-0.64367	0.30793	0.70062	3.07934
0.26845	0.94816	-0.17010	9.48156
0.00000	0.00000	0.00000	1.00000

boidNo = 4
boid Wall No = 1
position = = (-2.5, 8.8, -4.0)
Boid Radius= 10
Boid Frame=
 -0.91352	-0.25072	0.32034	-2.50724
-0.07660	0.87941	0.46987	8.79408
0.39951	-0.40470	0.82256	-4.04696
0.00000	0.00000	0.00000	1.00000

boidNo = 5
boid Wall No = 1
position = = (-1.2, 9.9, 0.3)
Boid Radius= 10
Boid Frame=
 0.68276	-0.11616	0.72135	-1.16165
0.05887	0.99282	0.10416	9.92817
0.72827	0.02865	-0.68469	0.28654
0.00000	0.00000	0.00000	1.00000

boidNo = 6
boid Wall No = 1
position = = (-8.3, 5.1, -2.3)
Boid Radius= 10
Boid Frame=
 -0.51091	-0.82921	0.22668	-8.29206
-0.52524	0.50987	0.68129	5.09869
0.68051	-0.22902	0.69603	-2.29020
0.00000	0.00000	0.00000	1.00000

boidNo = 7
boid Wall No = 0
position = = (-1.8, -9.3, 3.3)
Boid Radius= 10
Boid Frame=
 0.55693	-0.17526	-0.81186	-1.75264
0.18118	-0.92831	0.32469	-9.28306
0.81056	0.32792	0.48524	3.27918
0.00000	0.00000	0.00000	1.00000

boidNo = 8
boid Wall No = 1
position = = (2.9, 3.1, 9.1)
Boid Radius= 10
Boid Frame=
 0.76420	0.29006	0.57608	2.90061
-0.64440	0.30538	0.70107	3.05377
-0.02743	0.90698	-0.42028	9.06978
0.00000	0.00000	0.00000	1.00000

boidNo = 9
boid Wall No = 0
position = = (7.2, -4.7, -5.1)
Boid Radius= 10
Boid Frame=
 -0.68868	0.72248	-0.06110	7.22483
-0.55347	-0.46939	0.68800	-4.69395
-0.46839	-0.50763	-0.72314	-5.07629
0.00000	0.00000	0.00000	1.00000

boidNo = 10
boid Wall No = 0
position = = (-8.2, -3.6, -4.5)
Boid Radius= 9.999999
Boid Frame=
 -0.12075	-0.81737	-0.56331	-8.17372
-0.65790	-0.35905	0.66201	-3.59049
0.74336	-0.45054	0.49439	-4.50541
0.00000	0.00000	0.00000	1.00000

boidNo = 11
boid Wall No = 0
position = = (5.1, -8.6, -0.4)
Boid Radius= 10
Boid Frame=
 0.04585	0.51418	0.85646	5.14175
0.07497	-0.85671	0.51031	-8.56714
-0.99613	-0.04081	0.07782	-0.40812
0.00000	0.00000	0.00000	1.00000

boidNo = 12
boid Wall No = 0
position = = (2.7, -2.8, 9.2)
Boid Radius= 10
Boid Frame=
 0.67237	0.26822	0.68991	2.68217
-0.63035	-0.28113	0.72362	-2.81132
-0.38804	0.92143	0.01995	9.21425
0.00000	0.00000	0.00000	1.00000

boidNo = 13
boid Wall No = 1
position = = (-4.5, 8.9, 1.2)
Boid Radius= 9.999999
Boid Frame=
 0.15608	-0.45064	0.87896	-4.50637
-0.04937	0.88519	0.46260	8.85191
0.98651	0.11560	-0.11591	1.15602
0.00000	0.00000	0.00000	1.00000

boidNo = 14
boid Wall No = 1
position = = (-5.9, 1.8, 7.9)
Boid Radius= 10
Boid Frame=
 0.51203	-0.58619	0.62786	-5.86190
-0.67546	0.17678	0.71589	1.76777
0.53064	0.79065	0.30543	7.90652
0.00000	0.00000	0.00000	1.00000

