Iteration Num of Simuation:0
m_SimulationDeltaT of action plan:0
boidNo = 0
boid Wall No = 0
position = = (3.7, -8.2, 4.3)
Boid Radius= 9.999999
Boid Frame=
 0.80575	0.36788	0.46414	3.67879
0.05126	-0.82407	0.56417	-8.24066
-0.59003	0.43079	0.68285	4.30791
0.00000	0.00000	0.00000	1.00000

boidNo = 1
boid Wall No = 1
position = = (-10.0, 0.5, -0.8)
Boid Radius= 10
Boid Frame=
 -0.08908	-0.99571	-0.02508	-9.95709
-0.70677	0.04545	0.70598	0.45446
0.70181	-0.08061	0.70779	-0.80615
0.00000	0.00000	0.00000	1.00000

boidNo = 2
boid Wall No = 0
position = = (-1.9, -9.6, -2.2)
Boid Radius= 10
Boid Frame=
 -0.96560	-0.18501	-0.18271	-1.85006
0.13580	-0.95804	0.25241	-9.58043
0.22174	-0.21892	-0.95021	-2.18921
0.00000	0.00000	0.00000	1.00000

boidNo = 3
boid Wall No = 0
position = = (0.0, -10.0, 0.0)
Boid Radius= 10
Boid Frame=
 0.48834	-0.00354	-0.87265	-0.03538
-0.00064	-0.99999	0.00370	-9.99993
0.87265	0.00124	0.48834	0.01244
0.00000	0.00000	0.00000	1.00000

boidNo = 4
boid Wall No = 0
position = = (-0.1, -9.9, -1.4)
Boid Radius= 10
Boid Frame=
 -0.91612	-0.00532	0.40087	-0.05316
0.06063	-0.99025	0.12542	-9.90249
-0.39629	-0.13921	-0.90751	-1.39208
0.00000	0.00000	0.00000	1.00000

boidNo = 5
boid Wall No = 1
position = = (3.9, 7.6, 5.2)
Boid Radius= 10
Boid Frame=
 0.91108	0.39457	-0.11937	3.94572
-0.25072	0.76023	0.59932	7.60233
-0.32723	0.51610	-0.79156	5.16100
0.00000	0.00000	0.00000	1.00000

boidNo = 6
boid Wall No = 0
position = = (-6.3, -3.8, 6.7)
Boid Radius= 10
Boid Frame=
 0.75128	-0.63140	0.19211	-6.31401
-0.51696	-0.38205	0.76602	-3.82053
0.41027	0.67481	0.61344	6.74810
0.00000	0.00000	0.00000	1.00000

boidNo = 7
boid Wall No = 0
position = = (0.0, -10.0, 0.3)
Boid Radius= 10
Boid Frame=
 0.99997	-0.00351	-0.00644	-0.03508
-0.00334	-0.99966	0.02604	-9.99655
0.00653	0.02602	0.99964	0.26020
0.00000	0.00000	0.00000	1.00000

boidNo = 8
boid Wall No = 0
position = = (1.2, -9.9, -0.2)
Boid Radius= 10
Boid Frame=
 0.12605	0.11708	0.98509	1.17082
0.03409	-0.99294	0.11365	-9.92936
-0.99144	-0.01926	0.12915	-0.19260
0.00000	0.00000	0.00000	1.00000

boidNo = 9
boid Wall No = 1
position = = (-6.0, 7.6, -2.5)
Boid Radius= 9.999999
Boid Frame=
 -0.61497	-0.60140	0.51003	-6.01397
-0.24116	0.75924	0.60448	7.59244
0.75076	-0.24874	0.61195	-2.48738
0.00000	0.00000	0.00000	1.00000

boidNo = 10
boid Wall No = 1
position = = (0.0, 6.8, 7.3)
Boid Radius= 10
Boid Frame=
 0.87264	0.00233	0.48836	0.02329
-0.35748	0.68435	0.63551	6.84352
0.33273	0.72915	-0.59802	7.29148
0.00000	0.00000	0.00000	1.00000

boidNo = 11
boid Wall No = 1
position = = (1.1, 4.7, -8.7)
Boid Radius= 10
Boid Frame=
 -0.73116	0.10600	-0.67392	1.05996
-0.55884	0.47352	0.68079	4.73524
-0.39128	-0.87438	0.28699	-8.74379
0.00000	0.00000	0.00000	1.00000

boidNo = 12
boid Wall No = 0
position = = (0.3, -10.0, 0.8)
Boid Radius= 10
Boid Frame=
 0.95172	0.03294	0.30518	0.32938
0.00649	-0.99616	0.08728	-9.96163
-0.30689	0.08109	0.94829	0.81088
0.00000	0.00000	0.00000	1.00000

boidNo = 13
boid Wall No = 1
position = = (2.5, 2.6, -9.3)
Boid Radius= 10
Boid Frame=
 -0.68353	0.24822	-0.68642	2.48223
-0.63483	0.26194	0.72689	2.61943
-0.36023	-0.93262	0.02147	-9.32615
0.00000	0.00000	0.00000	1.00000

boidNo = 14
boid Wall No = 1
position = = (-5.8, 7.4, -3.5)
Boid Radius= 10
Boid Frame=
 -0.75087	-0.57554	0.32394	-5.75545
-0.30637	0.73806	0.60117	7.38060
0.58509	-0.35216	0.73052	-3.52158
0.00000	0.00000	0.00000	1.00000

