Iteration Num of Simuation:0
m_SimulationDeltaT of action plan:0
boidNo = 0
boid Wall No = 1
position = = (3.7, 6.7, 6.5)
Boid Radius= 10
Boid Frame=
 0.91711	0.37013	0.14807	3.70128
-0.37289	0.66517	0.64692	6.65168
-0.14095	0.64850	-0.74805	6.48503
0.00000	0.00000	0.00000	1.00000

boidNo = 1
boid Wall No = 0
position = = (-1.3, -8.5, 5.2)
Boid Radius= 9.999999
Boid Frame=
 0.95056	-0.12983	-0.28210	-1.29828
0.04235	-0.84573	0.53192	-8.45734
0.30764	0.51757	0.79842	5.17570
0.00000	0.00000	0.00000	1.00000

boidNo = 2
boid Wall No = 1
position = = (-1.6, 9.9, 0.0)
Boid Radius= 10
Boid Frame=
 0.29924	-0.15629	0.94129	-1.56286
0.05137	0.98770	0.14766	9.87703
0.95279	-0.00417	-0.30359	-0.04171
0.00000	0.00000	0.00000	1.00000

boidNo = 3
boid Wall No = 0
position = = (-2.8, -9.0, -3.3)
Boid Radius= 10
Boid Frame=
 -0.66517	-0.27798	-0.69302	-2.77977
-0.06775	-0.90182	0.42676	-9.01824
0.74361	-0.33082	-0.58104	-3.30820
0.00000	0.00000	0.00000	1.00000

boidNo = 4
boid Wall No = 0
position = = (-4.7, -8.5, 2.3)
Boid Radius= 10
Boid Frame=
 0.24787	-0.46774	-0.84840	-4.67739
0.11864	-0.85448	0.50575	-8.54482
0.96150	0.22601	0.15631	2.26012
0.00000	0.00000	0.00000	1.00000

boidNo = 5
boid Wall No = 1
position = = (1.1, 9.1, 4.0)
Boid Radius= 10
Boid Frame=
 0.99201	0.10502	0.06985	1.05024
-0.12423	0.90940	0.39695	9.09396
0.02183	0.40245	-0.91518	4.02454
0.00000	0.00000	0.00000	1.00000

boidNo = 6
boid Wall No = 1
position = = (0.6, 6.3, 7.7)
Boid Radius= 10
Boid Frame=
 0.74189	0.05599	0.66818	0.55990
-0.54442	0.63200	0.55153	6.32001
0.39141	0.77294	-0.49936	7.72942
0.00000	0.00000	0.00000	1.00000

boidNo = 7
boid Wall No = 0
position = = (0.7, -2.1, -9.8)
Boid Radius= 10
Boid Frame=
 -0.49471	0.06610	-0.86654	0.66098
-0.85621	-0.20789	0.47295	-2.07893
0.14889	-0.97592	-0.15944	-9.75916
0.00000	0.00000	0.00000	1.00000

boidNo = 8
boid Wall No = 0
position = = (-0.3, -10.0, -0.1)
Boid Radius= 10
Boid Frame=
 -0.37897	-0.02872	-0.92496	-0.28723
-0.00220	-0.99949	0.03194	-9.99487
0.92541	-0.01414	-0.37871	-0.14139
0.00000	0.00000	0.00000	1.00000

boidNo = 9
boid Wall No = 1
position = = (-3.8, 4.6, 8.0)
Boid Radius= 10
Boid Frame=
 0.48027	-0.38249	0.78933	-3.82489
-0.63842	0.46465	0.61361	4.64650
0.60146	0.79863	0.02103	7.98625
0.00000	0.00000	0.00000	1.00000

boidNo = 10
boid Wall No = 0
position = = (-7.1, -3.1, -6.3)
Boid Radius= 10
Boid Frame=
 0.06187	-0.70765	-0.70385	-7.07648
-0.92190	-0.31075	0.23139	-3.10746
0.38246	-0.63456	0.67160	-6.34564
0.00000	0.00000	0.00000	1.00000

boidNo = 11
boid Wall No = 0
position = = (-4.9, -3.5, 8.0)
Boid Radius= 9.999999
Boid Frame=
 0.78697	-0.48979	0.37522	-4.89786
-0.57142	-0.34916	0.74268	-3.49165
0.23274	0.79887	0.55465	7.98870
0.00000	0.00000	0.00000	1.00000

boidNo = 12
boid Wall No = 0
position = = (0.9, -9.7, -2.2)
Boid Radius= 10
Boid Frame=
 -0.97951	0.09316	0.17856	0.93159
-0.05041	-0.97177	0.23049	-9.71769
-0.19499	-0.21677	-0.95655	-2.16766
0.00000	0.00000	0.00000	1.00000

boidNo = 13
boid Wall No = 0
position = = (0.8, -9.9, 1.0)
Boid Radius= 10
Boid Frame=
 0.72726	0.07912	0.68178	0.79117
-0.01365	-0.99147	0.12962	-9.91470
-0.68622	0.10357	0.71998	1.03574
0.00000	0.00000	0.00000	1.00000

boidNo = 14
boid Wall No = 1
position = = (-7.9, 6.1, -0.3)
Boid Radius= 10
Boid Frame=
 -0.33498	-0.79188	0.51060	-7.91879
-0.38922	0.60981	0.69039	6.09811
0.85808	-0.03253	0.51249	-0.32534
0.00000	0.00000	0.00000	1.00000

boidNo = 15
boid Wall No = 1
position = = (-1.1, 8.3, 5.5)
Boid Radius= 10
Boid Frame=
 0.80876	-0.11279	0.57722	-1.12792
-0.24295	0.82972	0.50253	8.29723
0.53561	0.54666	-0.64365	5.46661
0.00000	0.00000	0.00000	1.00000

boidNo = 16
boid Wall No = 0
position = = (1.7, -9.8, -0.6)
Boid Radius= 10
Boid Frame=
 -0.39553	0.16554	0.90341	1.65541
-0.00991	-0.98434	0.17603	-9.84335
-0.91840	-0.06067	-0.39098	-0.60670
0.00000	0.00000	0.00000	1.00000

boidNo = 17
boid Wall No = 0
position = = (-5.2, -2.4, -8.2)
Boid Radius= 10
Boid Frame=
 -0.55794	-0.51792	-0.64843	-5.17922
-0.63093	-0.24285	0.73686	-2.42845
0.53910	-0.82023	0.19128	-8.20233
0.00000	0.00000	0.00000	1.00000

boidNo = 18
boid Wall No = 1
position = = (-9.2, 3.3, 2.0)
Boid Radius= 10
Boid Frame=
 -0.02375	-0.92259	0.38505	-9.22589
-0.56394	0.33040	0.75684	3.30396
0.82547	0.19917	0.52813	1.99171
0.00000	0.00000	0.00000	1.00000

boidNo = 19
boid Wall No = 0
position = = (0.4, -8.7, 4.8)
Boid Radius= 10
Boid Frame=
 0.98350	0.03745	-0.17697	0.37448
0.11795	-0.87451	0.47045	-8.74508
0.13714	0.48356	0.86450	4.83564
0.00000	0.00000	0.00000	1.00000

