Iteration Num of Simuation:0
m_SimulationDeltaT of action plan:0
boidNo = 0
boid Wall No = 0
position = = (2.1, -1.1, 9.7)
Boid Radius= 10
Boid Frame=
 0.63429	0.20833	0.74449	2.08334
-0.74179	-0.10724	0.66200	-1.07241
-0.21776	0.97216	-0.08652	9.72161
0.00000	0.00000	0.00000	1.00000

boidNo = 1
boid Wall No = 1
position = = (6.7, 7.3, 1.4)
Boid Radius= 10
Boid Frame=
 0.53339	0.67032	-0.51591	6.70323
-0.34126	0.72861	0.59386	7.28610
-0.77398	0.14069	-0.61739	1.40692
0.00000	0.00000	0.00000	1.00000

boidNo = 2
boid Wall No = 0
position = = (0.3, -4.1, 9.1)
Boid Radius= 10
Boid Frame=
 0.76789	0.02710	0.64001	0.27104
-0.57570	-0.40894	0.70805	-4.08936
-0.28091	0.91216	0.29841	9.12161
0.00000	0.00000	0.00000	1.00000

boidNo = 3
boid Wall No = 0
position = = (0.8, -9.7, -2.1)
Boid Radius= 10
Boid Frame=
 -0.19708	0.08409	0.97678	0.84092
0.18881	-0.97441	0.12198	-9.74407
-0.96203	-0.20847	-0.17615	-2.08469
0.00000	0.00000	0.00000	1.00000

boidNo = 4
boid Wall No = 1
position = = (-4.7, 3.3, -8.1)
Boid Radius= 10
Boid Frame=
 -0.76065	-0.47489	-0.44259	-4.74891
-0.62106	0.33396	0.70906	3.33957
0.18892	-0.81422	0.54896	-8.14218
0.00000	0.00000	0.00000	1.00000

boidNo = 5
boid Wall No = 0
position = = (-0.2, -0.6, 10.0)
Boid Radius= 10
Boid Frame=
 0.79557	-0.02267	0.60543	-0.22668
-0.60551	-0.06331	0.79331	-0.63311
-0.02035	0.99774	0.06409	9.97736
0.00000	0.00000	0.00000	1.00000

boidNo = 6
boid Wall No = 0
position = = (0.1, -9.0, 4.4)
Boid Radius= 9.999999
Boid Frame=
 0.92235	0.00650	-0.38629	0.06496
0.17709	-0.89574	0.40778	-8.95743
0.34337	0.44453	0.82734	4.44525
0.00000	0.00000	0.00000	1.00000

boidNo = 7
boid Wall No = 0
position = = (0.3, -10.0, 0.6)
Boid Radius= 10
Boid Frame=
 0.95365	0.03319	0.29908	0.33195
0.01319	-0.99755	0.06867	-9.97552
-0.30062	0.06155	0.95175	0.61548
0.00000	0.00000	0.00000	1.00000

boidNo = 8
boid Wall No = 1
position = = (-9.7, 1.4, 1.8)
Boid Radius= 10
Boid Frame=
 0.03227	-0.97316	0.22787	-9.73158
-0.70818	0.13861	0.69229	1.38615
0.70530	0.18371	0.68469	1.83713
0.00000	0.00000	0.00000	1.00000

boidNo = 9
boid Wall No = 0
position = = (-0.9, -9.4, 3.2)
Boid Radius= 10
Boid Frame=
 0.71811	-0.08814	-0.69033	-0.88135
0.15956	-0.94467	0.28659	-9.44672
0.67739	0.31596	0.66431	3.15955
0.00000	0.00000	0.00000	1.00000

boidNo = 10
boid Wall No = 0
position = = (2.5, -7.7, -5.9)
Boid Radius= 10
Boid Frame=
 -0.95386	0.25102	0.16477	2.51017
-0.09166	-0.76597	0.63631	-7.65971
-0.28593	-0.59184	-0.75363	-5.91844
0.00000	0.00000	0.00000	1.00000

boidNo = 11
boid Wall No = 1
position = = (-7.7, 5.6, 3.1)
Boid Radius= 10
Boid Frame=
 -0.01400	-0.77158	0.63597	-7.71585
-0.50069	0.55596	0.66349	5.55963
0.86552	0.30913	0.39411	3.09131
0.00000	0.00000	0.00000	1.00000

boidNo = 12
boid Wall No = 0
position = = (-4.8, -8.2, 3.1)
Boid Radius= 10
Boid Frame=
 0.56481	-0.48279	-0.66926	-4.82787
-0.01626	-0.81736	0.57590	-8.17357
0.82506	0.31439	0.46950	3.14395
0.00000	0.00000	0.00000	1.00000

boidNo = 13
boid Wall No = 1
position = = (5.7, 7.2, -4.0)
Boid Radius= 10
Boid Frame=
 -0.26490	0.56603	-0.78066	5.66033
-0.30369	0.71941	0.62468	7.19410
-0.91520	-0.40256	0.01867	-4.02561
0.00000	0.00000	0.00000	1.00000

boidNo = 14
boid Wall No = 0
position = = (7.2, -7.0, 0.1)
Boid Radius= 10
Boid Frame=
 -0.28199	0.71620	0.63839	7.16197
-0.30665	-0.69777	0.64736	-6.97774
-0.90909	0.01321	-0.41638	0.13211
0.00000	0.00000	0.00000	1.00000

