Iteration Num of Simuation:0
m_SimulationDeltaT of action plan:0
boidNo = 0
boid Wall No = 1
position = = (-1.2, 6.9, -7.1)
Boid Radius= 10
Boid Frame=
 -0.91697	-0.12327	-0.37942	-1.23272
-0.35367	0.69125	0.63015	6.91250
-0.18460	-0.71202	0.67746	-7.12024
0.00000	0.00000	0.00000	1.00000

boidNo = 1
boid Wall No = 0
position = = (1.0, -9.8, 1.5)
Boid Radius= 10
Boid Frame=
 0.80665	0.10354	-0.58189	1.03538
0.17310	-0.98275	0.06509	-9.82751
0.56512	0.15323	0.81066	1.53232
0.00000	0.00000	0.00000	1.00000

boidNo = 2
boid Wall No = 0
position = = (-2.9, -9.5, 1.4)
Boid Radius= 9.999999
Boid Frame=
 -0.03130	-0.28674	-0.95750	-2.86742
0.15637	-0.94757	0.27866	-9.47575
0.98720	0.14100	-0.07450	1.41000
0.00000	0.00000	0.00000	1.00000

boidNo = 3
boid Wall No = 0
position = = (2.8, -3.7, -8.8)
Boid Radius= 10
Boid Frame=
 -0.79490	0.28093	-0.53779	2.80927
-0.60674	-0.37215	0.70240	-3.72153
0.00282	-0.88464	-0.46627	-8.84637
0.00000	0.00000	0.00000	1.00000

boidNo = 4
boid Wall No = 1
position = = (1.9, 9.7, 1.7)
Boid Radius= 10
Boid Frame=
 0.47735	0.18635	-0.85873	1.86351
0.06085	0.96790	0.24387	9.67897
-0.87660	0.16867	-0.45069	1.68666
0.00000	0.00000	0.00000	1.00000

boidNo = 5
boid Wall No = 1
position = = (-8.8, 4.7, -0.1)
Boid Radius= 10
Boid Frame=
 -0.30344	-0.88066	0.36383	-8.80655
-0.54869	0.47366	0.68890	4.73664
0.77901	-0.00941	0.62694	-0.09412
0.00000	0.00000	0.00000	1.00000

boidNo = 6
boid Wall No = 0
position = = (4.5, -3.2, 8.3)
Boid Radius= 10
Boid Frame=
 0.56013	0.45423	0.69277	4.54227
-0.62437	-0.31813	0.71341	-3.18125
-0.54444	0.83215	-0.10541	8.32151
0.00000	0.00000	0.00000	1.00000

boidNo = 7
boid Wall No = 0
position = = (2.3, -3.9, 8.9)
Boid Radius= 10
Boid Frame=
 0.63447	0.23245	0.73717	2.32450
-0.63582	-0.38535	0.66876	-3.85352
-0.43952	0.89301	0.09670	8.93012
0.00000	0.00000	0.00000	1.00000

boidNo = 8
boid Wall No = 0
position = = (0.6, -4.6, 8.9)
Boid Radius= 10
Boid Frame=
 0.70576	0.06073	0.70584	0.60728
-0.60976	-0.45518	0.64885	-4.55176
-0.36069	0.88833	0.28421	8.88328
0.00000	0.00000	0.00000	1.00000

boidNo = 9
boid Wall No = 0
position = = (3.4, -5.5, -7.7)
Boid Radius= 10
Boid Frame=
 -0.87731	0.33821	-0.34051	3.38213
-0.47761	-0.54552	0.68869	-5.45522
-0.04717	-0.76682	-0.64012	-7.66823
0.00000	0.00000	0.00000	1.00000

boidNo = 10
boid Wall No = 1
position = = (4.3, 3.0, 8.5)
Boid Radius= 10
Boid Frame=
 0.75461	0.43031	0.49538	4.30306
-0.63758	0.30239	0.70856	3.02389
-0.15510	0.85053	-0.50254	8.50528
0.00000	0.00000	0.00000	1.00000

boidNo = 11
boid Wall No = 1
position = = (7.6, 5.5, 3.5)
Boid Radius= 10
Boid Frame=
 0.63179	0.75710	-0.16627	7.57100
-0.47996	0.55053	0.68305	5.50526
-0.60867	0.35174	-0.71120	3.51740
0.00000	0.00000	0.00000	1.00000

boidNo = 12
boid Wall No = 0
position = = (-1.4, -8.3, -5.4)
Boid Radius= 10
Boid Frame=
 -0.98500	-0.14076	-0.09984	-1.40763
0.06205	-0.82870	0.55624	-8.28701
0.16103	-0.54170	-0.82500	-5.41702
0.00000	0.00000	0.00000	1.00000

boidNo = 13
boid Wall No = 1
position = = (0.0, 4.4, 9.0)
Boid Radius= 10
Boid Frame=
 0.81016	0.00095	0.58621	0.00948
-0.52728	0.43818	0.72800	4.38178
0.25618	0.89889	-0.35549	8.98888
0.00000	0.00000	0.00000	1.00000

boidNo = 14
boid Wall No = 1
position = = (-8.3, 5.5, -0.4)
Boid Radius= 10
Boid Frame=
 -0.36012	-0.83302	0.41999	-8.33020
-0.49147	0.55206	0.67356	5.52061
0.79295	-0.03615	0.60821	-0.36154
0.00000	0.00000	0.00000	1.00000

