Iteration Num of Simuation:0
m_SimulationDeltaT of action plan:0
boidNo = 0
boid Wall No = 0
position = = (7.9, -2.4, 5.6)
Boid Radius= 10
Boid Frame=
 0.23901	0.79027	0.56422	7.90275
-0.72410	-0.24209	0.64581	-2.42086
-0.64696	0.56290	-0.51438	5.62904
0.00000	0.00000	0.00000	1.00000

boidNo = 1
boid Wall No = 0
position = = (3.9, -4.0, 8.3)
Boid Radius= 10
Boid Frame=
 0.62209	0.38982	0.67900	3.89822
-0.54646	-0.40488	0.73311	-4.04884
-0.56070	0.82711	0.03885	8.27108
0.00000	0.00000	0.00000	1.00000

boidNo = 2
boid Wall No = 1
position = = (-1.8, 9.8, -1.0)
Boid Radius= 9.999999
Boid Frame=
 -0.15442	-0.18397	0.97073	-1.83965
0.07065	0.97794	0.19657	9.77941
0.98548	-0.09894	0.13802	-0.98940
0.00000	0.00000	0.00000	1.00000

boidNo = 3
boid Wall No = 0
position = = (0.6, -2.6, -9.6)
Boid Radius= 10
Boid Frame=
 -0.74890	0.05981	-0.65998	0.59808
-0.64955	-0.26356	0.71318	-2.63559
0.13129	-0.96279	-0.23623	-9.62787
0.00000	0.00000	0.00000	1.00000

boidNo = 4
boid Wall No = 1
position = = (-2.2, 5.4, 8.1)
Boid Radius= 10
Boid Frame=
 0.69004	-0.22466	0.68802	-2.24656
-0.49971	0.53978	0.67744	5.39784
0.52357	0.81127	-0.26021	8.11273
0.00000	0.00000	0.00000	1.00000

boidNo = 5
boid Wall No = 1
position = = (5.3, 5.0, -6.9)
Boid Radius= 10
Boid Frame=
 -0.42314	0.53044	-0.73456	5.30444
-0.54591	0.49779	0.67393	4.97787
-0.72314	-0.68618	-0.07894	-6.86176
0.00000	0.00000	0.00000	1.00000

boidNo = 6
boid Wall No = 0
position = = (-4.6, -3.4, -8.2)
Boid Radius= 9.999999
Boid Frame=
 -0.57771	-0.46029	-0.67408	-4.60290
-0.58361	-0.34445	0.73536	-3.44446
0.57067	-0.81822	0.06964	-8.18224
0.00000	0.00000	0.00000	1.00000

boidNo = 7
boid Wall No = 1
position = = (5.1, 4.7, 7.2)
Boid Radius= 10
Boid Frame=
 0.81146	0.51216	0.28146	5.12158
-0.53921	0.47045	0.69852	4.70453
-0.22534	0.71859	-0.65792	7.18588
0.00000	0.00000	0.00000	1.00000

boidNo = 8
boid Wall No = 1
position = = (6.3, 7.6, -1.3)
Boid Radius= 10
Boid Frame=
 0.07008	0.63229	-0.77155	6.32295
-0.22443	0.76362	0.60541	7.63618
-0.97197	-0.13074	-0.19542	-1.30736
0.00000	0.00000	0.00000	1.00000

boidNo = 9
boid Wall No = 1
position = = (-0.1, 2.7, 9.6)
Boid Radius= 9.999999
Boid Frame=
 0.70899	-0.01467	0.70507	-0.14670
-0.67620	0.26971	0.68557	2.69711
0.20022	0.96283	-0.18130	9.62829
0.00000	0.00000	0.00000	1.00000

boidNo = 10
boid Wall No = 1
position = = (-5.5, 5.4, -6.4)
Boid Radius= 10
Boid Frame=
 -0.81457	-0.55157	-0.17958	-5.51574
-0.51093	0.53566	0.67233	5.35655
0.27465	-0.63941	0.71814	-6.39406
0.00000	0.00000	0.00000	1.00000

boidNo = 11
boid Wall No = 1
position = = (6.7, 2.8, -6.9)
Boid Radius= 10
Boid Frame=
 -0.36701	0.66844	-0.64691	6.68438
-0.68233	0.27922	0.67562	2.79224
-0.63224	-0.68937	-0.35361	-6.89365
0.00000	0.00000	0.00000	1.00000

boidNo = 12
boid Wall No = 0
position = = (0.1, -10.0, -0.2)
Boid Radius= 10
Boid Frame=
 -0.87663	0.00891	0.48109	0.08912
0.00271	-0.99972	0.02346	-9.99721
-0.48116	-0.02187	-0.87636	-0.21867
0.00000	0.00000	0.00000	1.00000

boidNo = 13
boid Wall No = 0
position = = (-9.8, -1.5, 1.0)
Boid Radius= 10
Boid Frame=
 0.16917	-0.98401	-0.05564	-9.84014
-0.60520	-0.14828	0.78214	-1.48276
0.77789	0.09864	0.62061	0.98641
0.00000	0.00000	0.00000	1.00000

boidNo = 14
boid Wall No = 0
position = = (-4.7, -8.8, -1.2)
Boid Radius= 10
Boid Frame=
 -0.45238	-0.46739	-0.75954	-4.67387
0.12081	-0.87594	0.46706	-8.75935
0.88360	-0.11953	-0.45272	-1.19528
0.00000	0.00000	0.00000	1.00000

