Iteration Num of Simuation:0
m_SimulationDeltaT of action plan:0
boidNo = 0
boid Wall No = 0
position = = (-3.9, -8.8, -2.6)
Boid Radius= 10
Boid Frame=
 -0.66238	-0.38850	-0.64056	-3.88503
0.07428	-0.88487	0.45988	-8.84871
0.74547	-0.25704	-0.61498	-2.57037
0.00000	0.00000	0.00000	1.00000

boidNo = 1
boid Wall No = 0
position = = (-9.5, -3.0, 0.3)
Boid Radius= 10
Boid Frame=
 0.20541	-0.95274	-0.22380	-9.52743
-0.56445	-0.30214	0.76818	-3.02144
0.79950	0.03147	0.59984	0.31470
0.00000	0.00000	0.00000	1.00000

boidNo = 2
boid Wall No = 0
position = = (-1.5, -6.5, -7.5)
Boid Radius= 10
Boid Frame=
 -0.84864	-0.14697	-0.50815	-1.46967
-0.30589	-0.64738	0.69809	-6.47385
0.43156	-0.74786	-0.50444	-7.47860
0.00000	0.00000	0.00000	1.00000

boidNo = 3
boid Wall No = 1
position = = (-1.1, 6.8, -7.2)
Boid Radius= 10
Boid Frame=
 -0.88876	-0.10678	-0.44576	-1.06782
-0.39071	0.68499	0.61493	6.84985
-0.23967	-0.72069	0.65051	-7.20689
0.00000	0.00000	0.00000	1.00000

boidNo = 4
boid Wall No = 0
position = = (6.2, -7.0, 3.5)
Boid Radius= 10
Boid Frame=
 0.26928	0.62071	0.73634	6.20714
-0.23357	-0.69967	0.67521	-6.99665
-0.93431	0.35381	0.04342	3.53812
0.00000	0.00000	0.00000	1.00000

boidNo = 5
boid Wall No = 1
position = = (1.5, 9.7, 1.8)
Boid Radius= 10
Boid Frame=
 0.65054	0.15166	-0.74417	1.51659
0.03884	0.97193	0.23203	9.71933
-0.75847	0.17985	-0.62639	1.79851
0.00000	0.00000	0.00000	1.00000

boidNo = 6
boid Wall No = 1
position = = (-8.2, 4.5, -3.6)
Boid Radius= 9.999999
Boid Frame=
 -0.57329	-0.81664	0.06669	-8.16635
-0.56606	0.45360	0.68835	4.53597
0.59238	-0.35687	0.72231	-3.56871
0.00000	0.00000	0.00000	1.00000

boidNo = 7
boid Wall No = 0
position = = (-4.0, -8.0, -4.5)
Boid Radius= 10
Boid Frame=
 -0.74311	-0.39927	-0.53700	-3.99272
-0.00889	-0.79653	0.60454	-7.96527
0.66911	-0.45401	-0.58836	-4.54012
0.00000	0.00000	0.00000	1.00000

boidNo = 8
boid Wall No = 1
position = = (-2.0, 9.7, -1.4)
Boid Radius= 10
Boid Frame=
 -0.39355	-0.19906	0.89749	-1.99057
0.05440	0.96952	0.23889	9.69523
0.91769	-0.14283	0.37073	-1.42835
0.00000	0.00000	0.00000	1.00000

boidNo = 9
boid Wall No = 0
position = = (-0.1, -7.0, 7.1)
Boid Radius= 10
Boid Frame=
 0.97372	-0.00753	0.22764	-0.07533
-0.16779	-0.69959	0.69456	-6.99589
-0.15402	0.71451	0.68247	7.14505
0.00000	0.00000	0.00000	1.00000

boidNo = 10
boid Wall No = 1
position = = (6.4, 3.3, -7.0)
Boid Radius= 10
Boid Frame=
 -0.36047	0.63618	-0.68216	6.36181
-0.67587	0.32588	0.66106	3.25885
-0.64286	-0.69934	-0.31250	-6.99337
0.00000	0.00000	0.00000	1.00000

boidNo = 11
boid Wall No = 1
position = = (-8.7, 1.1, 4.8)
Boid Radius= 9.999999
Boid Frame=
 0.28204	-0.87205	0.39998	-8.72046
-0.68135	0.11144	0.72342	1.11445
0.67543	0.47657	0.56274	4.76567
0.00000	0.00000	0.00000	1.00000

boidNo = 12
boid Wall No = 0
position = = (7.3, -6.6, -1.8)
Boid Radius= 10
Boid Frame=
 -0.43232	0.73229	0.52616	7.32295
-0.24833	-0.65763	0.71123	-6.57631
-0.86685	-0.17682	-0.46616	-1.76821
0.00000	0.00000	0.00000	1.00000

boidNo = 13
boid Wall No = 0
position = = (0.2, -1.1, -9.9)
Boid Radius= 10
Boid Frame=
 -0.68815	0.02480	-0.72514	0.24802
-0.72292	-0.10862	0.68234	-1.08624
0.06184	-0.99377	-0.09268	-9.93774
0.00000	0.00000	0.00000	1.00000

boidNo = 14
boid Wall No = 1
position = = (-8.5, 5.2, 0.9)
Boid Radius= 9.999999
Boid Frame=
 -0.25779	-0.85221	0.45529	-8.52207
-0.56581	0.51512	0.64383	5.15118
0.78320	0.09163	0.61498	0.91634
0.00000	0.00000	0.00000	1.00000

