Iteration Num of Simuation:0
m_SimulationDeltaT of action plan:0
boidNo = 0
boid Wall No = 1
position = = (0.3, 10.0, 0.8)
Boid Radius= 10
Boid Frame=
 0.63532	0.02501	-0.77184	0.25015
0.04267	0.99681	0.06743	9.96811
-0.77107	0.07577	-0.63223	0.75771
0.00000	0.00000	0.00000	1.00000

boidNo = 1
boid Wall No = 0
position = = (-2.6, -0.3, -9.6)
Boid Radius= 10
Boid Frame=
 -0.70524	-0.26085	-0.65924	-2.60854
-0.67701	-0.02824	0.73543	-0.28240
0.21046	-0.96497	0.15668	-9.64965
0.00000	0.00000	0.00000	1.00000

boidNo = 2
boid Wall No = 0
position = = (1.4, -8.7, -4.7)
Boid Radius= 10
Boid Frame=
 -0.85767	0.13681	0.49567	1.36808
0.13048	-0.87450	0.46715	-8.74499
-0.49737	-0.46533	-0.73218	-4.65333
0.00000	0.00000	0.00000	1.00000

boidNo = 3
boid Wall No = 0
position = = (2.6, -9.2, 3.1)
Boid Radius= 10
Boid Frame=
 0.89783	0.25784	0.35697	2.57835
0.11040	-0.91656	0.38436	-9.16560
-0.42629	0.30568	0.85138	3.05678
0.00000	0.00000	0.00000	1.00000

boidNo = 4
boid Wall No = 0
position = = (-0.8, -8.2, 5.6)
Boid Radius= 10
Boid Frame=
 0.97981	-0.08186	-0.18241	-0.81859
0.03703	-0.82227	0.56789	-8.22272
0.19648	0.56318	0.80264	5.63177
0.00000	0.00000	0.00000	1.00000

boidNo = 5
boid Wall No = 0
position = = (-2.7, -9.5, -1.7)
Boid Radius= 10
Boid Frame=
 -0.77737	-0.26786	-0.56916	-2.67856
0.11169	-0.94921	0.29416	-9.49207
0.61904	-0.16510	-0.76781	-1.65104
0.00000	0.00000	0.00000	1.00000

boidNo = 6
boid Wall No = 1
position = = (3.2, 9.5, -0.2)
Boid Radius= 10
Boid Frame=
 -0.18321	0.31660	-0.93070	3.16601
0.03532	0.94823	0.31561	9.48231
-0.98244	-0.02495	0.18491	-0.24950
0.00000	0.00000	0.00000	1.00000

boidNo = 7
boid Wall No = 0
position = = (4.5, -8.0, -3.9)
Boid Radius= 10
Boid Frame=
 -0.68192	0.45497	0.57270	4.54967
-0.03532	-0.80256	0.59552	-8.02561
-0.73057	-0.38588	-0.56335	-3.85877
0.00000	0.00000	0.00000	1.00000

boidNo = 8
boid Wall No = 0
position = = (-2.8, -6.4, 7.2)
Boid Radius= 10
Boid Frame=
 0.95548	-0.27531	0.10614	-2.75309
-0.26492	-0.64204	0.71944	-6.42044
0.12992	0.71553	0.68639	7.15531
0.00000	0.00000	0.00000	1.00000

boidNo = 9
boid Wall No = 0
position = = (-3.6, -5.5, 7.5)
Boid Radius= 10
Boid Frame=
 0.90917	-0.36498	0.20051	-3.64982
-0.38336	-0.54551	0.74529	-5.45506
0.16264	0.75446	0.63587	7.54461
0.00000	0.00000	0.00000	1.00000

boidNo = 10
boid Wall No = 0
position = = (-8.6, -3.2, -4.0)
Boid Radius= 10
Boid Frame=
 -0.13060	-0.85873	-0.49551	-8.58726
-0.61761	-0.32051	0.71822	-3.20505
0.77557	-0.39983	0.48850	-3.99834
0.00000	0.00000	0.00000	1.00000

boidNo = 11
boid Wall No = 1
position = = (4.4, 7.8, -4.5)
Boid Radius= 10
Boid Frame=
 -0.46647	0.43970	-0.76751	4.39700
-0.22758	0.77882	0.58450	7.78823
-0.85476	-0.44732	0.26323	-4.47323
0.00000	0.00000	0.00000	1.00000

boidNo = 12
boid Wall No = 1
position = = (2.0, 3.0, -9.3)
Boid Radius= 10
Boid Frame=
 -0.65318	0.19968	-0.73040	1.99675
-0.66992	0.29720	0.68035	2.97196
-0.35292	-0.93370	0.06036	-9.33705
0.00000	0.00000	0.00000	1.00000

boidNo = 13
boid Wall No = 0
position = = (-7.9, -4.2, -4.5)
Boid Radius= 9.999999
Boid Frame=
 -0.16866	-0.78997	-0.58950	-7.89966
-0.55331	-0.41906	0.71988	-4.19061
0.81572	-0.44759	0.36642	-4.47594
0.00000	0.00000	0.00000	1.00000

boidNo = 14
boid Wall No = 1
position = = (0.4, 5.9, 8.1)
Boid Radius= 10
Boid Frame=
 0.81969	0.03711	0.57161	0.37113
-0.47954	0.59026	0.64933	5.90262
0.31330	0.80636	-0.50163	8.06358
0.00000	0.00000	0.00000	1.00000

