Iteration Num of Simuation:0
m_SimulationDeltaT of action plan:0
boidNo = 0
boid Wall No = 1
position = = (5.6, 7.3, 4.0)
Boid Radius= 10
Boid Frame=
 0.78605	0.55879	-0.26435	5.58790
-0.31334	0.72880	0.60883	7.28798
-0.53287	0.39573	-0.74796	3.95735
0.00000	0.00000	0.00000	1.00000

boidNo = 1
boid Wall No = 1
position = = (8.3, 3.5, -4.3)
Boid Radius= 10
Boid Frame=
 -0.13339	0.83412	-0.53521	8.34125
-0.62983	0.34561	0.69561	3.45612
-0.76520	-0.42987	-0.47925	-4.29871
0.00000	0.00000	0.00000	1.00000

boidNo = 2
boid Wall No = 1
position = = (-1.6, 8.8, -4.6)
Boid Radius= 10
Boid Frame=
 -0.97914	-0.15653	0.12959	-1.56528
-0.07663	0.87503	0.47797	8.75028
0.18821	-0.45807	0.86876	-4.58067
0.00000	0.00000	0.00000	1.00000

boidNo = 3
boid Wall No = 0
position = = (-7.5, -3.4, -5.7)
Boid Radius= 9.999999
Boid Frame=
 -0.17403	-0.75052	-0.63752	-7.50525
-0.72657	-0.33912	0.59758	-3.39119
0.66469	-0.56720	0.48629	-5.67196
0.00000	0.00000	0.00000	1.00000

boidNo = 4
boid Wall No = 0
position = = (-0.4, -9.5, -3.2)
Boid Radius= 10
Boid Frame=
 -0.93900	-0.03908	0.34170	-0.39082
0.14474	-0.94616	0.28954	-9.46159
-0.31199	-0.32133	-0.89410	-3.21334
0.00000	0.00000	0.00000	1.00000

boidNo = 5
boid Wall No = 0
position = = (1.5, -7.2, -6.8)
Boid Radius= 10
Boid Frame=
 -0.80026	0.14973	-0.58066	1.49731
-0.48982	-0.72181	0.48894	-7.21810
0.34592	-0.67570	-0.65098	-6.75701
0.00000	0.00000	0.00000	1.00000

boidNo = 6
boid Wall No = 1
position = = (-6.5, 4.7, 6.0)
Boid Radius= 10
Boid Frame=
 0.27696	-0.64675	0.71064	-6.46749
-0.58616	0.47231	0.65829	4.72309
0.76139	0.59887	0.24829	5.98866
0.00000	0.00000	0.00000	1.00000

boidNo = 7
boid Wall No = 0
position = = (-1.6, -7.7, -6.2)
Boid Radius= 10
Boid Frame=
 -0.94662	-0.15863	-0.28062	-1.58633
-0.06044	-0.76776	0.63789	-7.67756
0.31664	-0.62080	-0.71718	-6.20796
0.00000	0.00000	0.00000	1.00000

boidNo = 8
boid Wall No = 0
position = = (6.8, -6.8, -2.7)
Boid Radius= 10
Boid Frame=
 -0.57590	0.67755	0.45745	6.77550
-0.26547	-0.68423	0.67923	-6.84232
-0.77321	-0.26973	-0.57392	-2.69728
0.00000	0.00000	0.00000	1.00000

boidNo = 9
boid Wall No = 0
position = = (-3.8, -5.0, 7.8)
Boid Radius= 10
Boid Frame=
 0.88614	-0.37585	0.27109	-3.75846
-0.43971	-0.49722	0.74795	-4.97224
0.14632	0.78199	0.60587	7.81989
0.00000	0.00000	0.00000	1.00000

boidNo = 10
boid Wall No = 1
position = = (-9.4, 2.5, 2.3)
Boid Radius= 10
Boid Frame=
 0.00082	-0.93949	0.34256	-9.39494
-0.66763	0.25453	0.69963	2.54525
0.74449	0.22928	0.62703	2.29278
0.00000	0.00000	0.00000	1.00000

boidNo = 11
boid Wall No = 0
position = = (8.0, -5.7, 1.8)
Boid Radius= 10
Boid Frame=
 -0.06415	0.79747	0.59994	7.97472
-0.38235	-0.57494	0.72336	-5.74941
-0.92179	0.18298	-0.34180	1.82978
0.00000	0.00000	0.00000	1.00000

boidNo = 12
boid Wall No = 0
position = = (6.6, -4.0, -6.3)
Boid Radius= 10
Boid Frame=
 -0.72249	0.66307	-0.19583	6.63071
-0.56391	-0.40126	0.72180	-4.01259
-0.40003	-0.63192	-0.66382	-6.31924
0.00000	0.00000	0.00000	1.00000

boidNo = 13
boid Wall No = 0
position = = (-4.6, -6.7, 5.8)
Boid Radius= 10
Boid Frame=
 0.87184	-0.45617	-0.17832	-4.56168
-0.20683	-0.67293	0.71020	-6.72928
0.44397	0.58231	0.68104	5.82305
0.00000	0.00000	0.00000	1.00000

boidNo = 14
boid Wall No = 1
position = = (-2.6, 5.6, 7.9)
Boid Radius= 10
Boid Frame=
 0.68377	-0.25563	0.68345	-2.55635
-0.47182	0.55959	0.68135	5.59590
0.55663	0.78836	-0.26202	7.88359
0.00000	0.00000	0.00000	1.00000

