Iteration Num of Simuation:0
m_SimulationDeltaT of action plan:0
boidNo = 0
boid Wall No = 0
position = = (-8.1, -0.4, 5.8)
Boid Radius= 10
Boid Frame=
 0.47152	-0.81461	0.33775	-8.14612
-0.62767	-0.04099	0.77740	-0.40990
0.61944	0.57856	0.53063	5.78556
0.00000	0.00000	0.00000	1.00000

boidNo = 1
boid Wall No = 0
position = = (-2.1, -9.7, -1.1)
Boid Radius= 10
Boid Frame=
 -0.44147	-0.21002	-0.87235	-2.10019
-0.00371	-0.97179	0.23583	-9.71786
0.89727	-0.10735	-0.42823	-1.07348
0.00000	0.00000	0.00000	1.00000

boidNo = 2
boid Wall No = 0
position = = (0.5, -9.9, 1.4)
Boid Radius= 10
Boid Frame=
 0.92426	0.04831	0.37869	0.48314
-0.00701	-0.98965	0.14336	-9.89645
-0.38170	0.13516	0.91435	1.35159
0.00000	0.00000	0.00000	1.00000

boidNo = 3
boid Wall No = 1
position = = (-7.3, 6.7, 1.6)
Boid Radius= 10
Boid Frame=
 -0.31086	-0.72859	0.61035	-7.28590
-0.52962	0.66601	0.52530	6.66011
0.78922	0.15996	0.59291	1.59956
0.00000	0.00000	0.00000	1.00000

boidNo = 4
boid Wall No = 1
position = = (0.7, 9.8, 2.0)
Boid Radius= 9.999999
Boid Frame=
 0.78035	0.07153	0.62124	0.71530
-0.18110	0.97672	0.11502	9.76716
0.59855	0.20226	-0.77513	2.02261
0.00000	0.00000	0.00000	1.00000

boidNo = 5
boid Wall No = 0
position = = (-8.1, -5.5, -2.1)
Boid Radius= 10
Boid Frame=
 -0.01345	-0.80766	-0.58950	-8.07658
-0.34443	-0.54973	0.76103	-5.49728
0.93872	-0.21328	0.27079	-2.13280
0.00000	0.00000	0.00000	1.00000

boidNo = 6
boid Wall No = 1
position = = (-3.0, 9.2, -2.5)
Boid Radius= 10
Boid Frame=
 -0.62995	-0.30023	0.71625	-3.00235
0.00505	0.92065	0.39035	9.20651
0.77662	-0.24952	0.57845	-2.49521
0.00000	0.00000	0.00000	1.00000

boidNo = 7
boid Wall No = 0
position = = (0.1, -10.0, 0.0)
Boid Radius= 10
Boid Frame=
 0.18048	0.00705	0.98355	0.07049
0.00033	-0.99997	0.00710	-9.99975
-0.98358	0.00095	0.18048	0.00954
0.00000	0.00000	0.00000	1.00000

boidNo = 8
boid Wall No = 1
position = = (3.2, 9.3, -1.8)
Boid Radius= 10
Boid Frame=
 0.54869	0.32209	-0.77149	3.22087
-0.33596	0.92997	0.14931	9.29967
-0.76556	-0.17726	-0.61847	-1.77262
0.00000	0.00000	0.00000	1.00000

boidNo = 9
boid Wall No = 1
position = = (-9.7, 1.7, 1.7)
Boid Radius= 9.999999
Boid Frame=
 -0.00951	-0.97067	0.24022	-9.70673
-0.72388	0.17241	0.66804	1.72413
0.68986	0.16753	0.70429	1.67535
0.00000	0.00000	0.00000	1.00000

boidNo = 10
boid Wall No = 0
position = = (5.4, -8.4, 0.3)
Boid Radius= 10
Boid Frame=
 0.06089	0.54144	0.83853	5.41436
0.00707	-0.84031	0.54207	-8.40306
-0.99812	0.02708	0.05499	0.27079
0.00000	0.00000	0.00000	1.00000

boidNo = 11
boid Wall No = 1
position = = (-0.9, 9.7, 2.4)
Boid Radius= 10
Boid Frame=
 0.70536	-0.09486	0.70247	-0.94860
-0.10520	0.96602	0.23608	9.66024
0.70100	0.24042	-0.67142	2.40417
0.00000	0.00000	0.00000	1.00000

boidNo = 12
boid Wall No = 0
position = = (8.1, -2.4, -5.3)
Boid Radius= 10
Boid Frame=
 -0.44633	0.81141	-0.37736	8.11409
-0.84165	-0.23738	0.48505	-2.37380
-0.30400	-0.53410	-0.78887	-5.34103
0.00000	0.00000	0.00000	1.00000

boidNo = 13
boid Wall No = 1
position = = (3.9, 6.2, -6.8)
Boid Radius= 10
Boid Frame=
 -0.60867	0.39354	-0.68895	3.93545
-0.38106	0.61662	0.68889	6.16624
-0.69593	-0.68183	0.22535	-6.81834
0.00000	0.00000	0.00000	1.00000

boidNo = 14
boid Wall No = 0
position = = (5.3, -8.4, -1.4)
Boid Radius= 9.999999
Boid Frame=
 -0.26007	0.52796	0.80847	5.27959
-0.00654	-0.83822	0.54529	-8.38224
-0.96557	-0.13653	-0.22145	-1.36528
0.00000	0.00000	0.00000	1.00000

boidNo = 15
boid Wall No = 0
position = = (1.2, -9.9, -0.5)
Boid Radius= 10
Boid Frame=
 -0.43093	0.12002	0.89437	1.20018
-0.00302	-0.99130	0.13157	-9.91302
-0.90238	-0.05400	-0.42755	-0.54001
0.00000	0.00000	0.00000	1.00000

boidNo = 16
boid Wall No = 1
position = = (5.0, 8.6, -0.8)
Boid Radius= 10
Boid Frame=
 0.09811	0.50320	-0.85858	5.03202
-0.14403	0.86084	0.48807	8.60841
-0.98470	-0.07577	-0.15693	-0.75772
0.00000	0.00000	0.00000	1.00000

boidNo = 17
boid Wall No = 0
position = = (-2.5, -7.3, -6.4)
Boid Radius= 10
Boid Frame=
 -0.86950	-0.24802	-0.42715	-2.48024
-0.12178	-0.73045	0.67203	-7.30445
0.47869	-0.63634	-0.60492	-6.36344
0.00000	0.00000	0.00000	1.00000

boidNo = 18
boid Wall No = 0
position = = (-8.1, -4.6, -3.5)
Boid Radius= 10
Boid Frame=
 0.02135	-0.81447	-0.57981	-8.14471
-0.62593	-0.46311	0.62749	-4.63106
0.77958	-0.34953	0.51969	-3.49527
0.00000	0.00000	0.00000	1.00000

boidNo = 19
boid Wall No = 0
position = = (1.4, -0.4, -9.9)
Boid Radius= 10
Boid Frame=
 -0.79040	0.14093	-0.59616	1.40926
-0.60631	-0.04089	0.79418	-0.40890
-0.08754	-0.98918	-0.11776	-9.89175
0.00000	0.00000	0.00000	1.00000

