Iteration Num of Simuation:0
m_SimulationDeltaT of action plan:0
boidNo = 0
boid Wall No = 0
position = = (1.3, -9.3, -3.5)
Boid Radius= 10
Boid Frame=
 -0.70770	0.13440	0.69361	1.34397
0.15502	-0.92828	0.33803	-9.28279
-0.68930	-0.34675	-0.63611	-3.46751
0.00000	0.00000	0.00000	1.00000

boidNo = 1
boid Wall No = 1
position = = (-0.4, 10.0, -0.7)
Boid Radius= 10
Boid Frame=
 -0.42976	-0.04431	0.90185	-0.44311
0.04389	0.99659	0.06988	9.96590
0.90188	-0.06961	0.42635	-0.69611
0.00000	0.00000	0.00000	1.00000

boidNo = 2
boid Wall No = 1
position = = (4.8, 7.0, 5.3)
Boid Radius= 10
Boid Frame=
 0.87211	0.47782	-0.10539	4.77819
-0.30506	0.69936	0.64640	6.99359
-0.38257	0.53159	-0.75568	5.31588
0.00000	0.00000	0.00000	1.00000

boidNo = 3
boid Wall No = 1
position = = (-7.9, 6.1, -0.8)
Boid Radius= 10
Boid Frame=
 -0.41804	-0.78790	0.45216	-7.87902
-0.43010	0.61009	0.66544	6.10085
0.80016	-0.08371	0.59392	-0.83706
0.00000	0.00000	0.00000	1.00000

boidNo = 4
boid Wall No = 1
position = = (2.6, 9.1, 3.1)
Boid Radius= 9.999999
Boid Frame=
 0.78518	0.26207	-0.56108	2.62068
-0.01651	0.91457	0.40408	9.14574
-0.61904	0.30802	-0.72244	3.08016
0.00000	0.00000	0.00000	1.00000

boidNo = 5
boid Wall No = 1
position = = (-6.1, 7.9, -0.8)
Boid Radius= 10
Boid Frame=
 -0.40955	-0.60921	0.67906	-6.09210
-0.22953	0.78922	0.56960	7.89221
0.88294	-0.07741	0.46306	-0.77414
0.00000	0.00000	0.00000	1.00000

boidNo = 6
boid Wall No = 1
position = = (-6.5, 7.6, -0.6)
Boid Radius= 10
Boid Frame=
 -0.39644	-0.65024	0.64810	-6.50239
-0.27652	0.75773	0.59109	7.57727
0.87543	-0.05512	0.48019	-0.55121
0.00000	0.00000	0.00000	1.00000

boidNo = 7
boid Wall No = 0
position = = (0.7, -5.7, -8.2)
Boid Radius= 10
Boid Frame=
 -0.85131	0.06591	-0.52051	0.65906
-0.46122	-0.56693	0.68255	-5.66925
0.25011	-0.82113	-0.51302	-8.21129
0.00000	0.00000	0.00000	1.00000

boidNo = 8
boid Wall No = 1
position = = (7.4, 5.2, 4.2)
Boid Radius= 10
Boid Frame=
 0.67135	0.73972	-0.04587	7.39721
-0.53086	0.52313	0.66672	5.23132
-0.51718	0.42326	-0.74389	4.23256
0.00000	0.00000	0.00000	1.00000

boidNo = 9
boid Wall No = 0
position = = (-6.6, -6.4, -3.9)
Boid Radius= 10
Boid Frame=
 -0.27707	-0.66126	-0.69712	-6.61256
-0.26889	-0.64318	0.71696	-6.43175
0.92246	-0.38609	-0.00040	-3.86092
0.00000	0.00000	0.00000	1.00000

boidNo = 10
boid Wall No = 1
position = = (4.4, 9.0, 0.6)
Boid Radius= 10
Boid Frame=
 0.18894	0.43502	-0.88037	4.35018
-0.02900	0.89860	0.43780	8.98604
-0.98156	0.05719	-0.18240	0.57190
0.00000	0.00000	0.00000	1.00000

boidNo = 11
boid Wall No = 1
position = = (-7.5, 5.3, -3.9)
Boid Radius= 10
Boid Frame=
 -0.65042	-0.75262	0.10260	-7.52617
-0.50295	0.52795	0.68434	5.27946
0.56921	-0.39350	0.72191	-3.93498
0.00000	0.00000	0.00000	1.00000

boidNo = 12
boid Wall No = 0
position = = (-5.8, -7.6, 2.9)
Boid Radius= 10
Boid Frame=
 0.57663	-0.58066	-0.57475	-5.80658
-0.13777	-0.76251	0.63213	-7.62513
0.80531	0.28532	0.51969	2.85324
0.00000	0.00000	0.00000	1.00000

boidNo = 13
boid Wall No = 0
position = = (-0.2, -9.8, 1.8)
Boid Radius= 10
Boid Frame=
 0.97606	-0.01678	-0.21687	-0.16777
0.02318	-0.98332	0.18038	-9.83323
0.21628	0.18109	0.95939	1.81091
0.00000	0.00000	0.00000	1.00000

boidNo = 14
boid Wall No = 1
position = = (-0.1, 10.0, 0.6)
Boid Radius= 10
Boid Frame=
 0.96486	-0.01308	0.26243	-0.13081
-0.00370	0.99799	0.06334	9.97985
0.26273	0.06208	-0.96287	0.62081
0.00000	0.00000	0.00000	1.00000

