Iteration Num of Simuation:0
m_SimulationDeltaT of action plan:0
boidNo = 0
boid Wall No = 1
position = = (0.7, 9.6, -2.8)
Boid Radius= 10
Boid Frame=
 -0.99582	0.06785	-0.06122	0.67854
0.04793	0.95811	0.28236	9.58110
-0.07781	-0.27825	0.95735	-2.78246
0.00000	0.00000	0.00000	1.00000

boidNo = 1
boid Wall No = 1
position = = (-4.2, 3.3, 8.4)
Boid Radius= 9.999999
Boid Frame=
 0.56474	-0.42299	0.70862	-4.22993
-0.63358	0.32798	0.70072	3.27976
0.52881	0.84469	0.08278	8.44694
0.00000	0.00000	0.00000	1.00000

boidNo = 2
boid Wall No = 0
position = = (5.7, -5.6, -6.0)
Boid Radius= 10
Boid Frame=
 -0.82198	0.56843	0.03509	5.68430
-0.35892	-0.56489	0.74302	-5.64888
-0.44218	-0.59815	-0.66835	-5.98154
0.00000	0.00000	0.00000	1.00000

boidNo = 3
boid Wall No = 1
position = = (-0.1, 2.5, 9.7)
Boid Radius= 10
Boid Frame=
 0.70330	-0.00838	0.71085	-0.08379
-0.68600	0.25433	0.68171	2.54332
0.18650	0.96708	-0.17312	9.67081
0.00000	0.00000	0.00000	1.00000

boidNo = 4
boid Wall No = 1
position = = (-8.3, 4.0, -3.9)
Boid Radius= 10
Boid Frame=
 -0.56068	-0.82799	0.00849	-8.27992
-0.58111	0.40076	0.70832	4.00757
0.58988	-0.39220	0.70585	-3.92203
0.00000	0.00000	0.00000	1.00000

boidNo = 5
boid Wall No = 1
position = = (-1.5, 8.0, -5.7)
Boid Radius= 10
Boid Frame=
 -0.98116	-0.15397	-0.11668	-1.53965
-0.19305	0.80362	0.56297	8.03615
-0.00709	-0.57489	0.81820	-5.74889
0.00000	0.00000	0.00000	1.00000

boidNo = 6
boid Wall No = 1
position = = (1.6, 9.5, 2.6)
Boid Radius= 10
Boid Frame=
 0.78829	0.16168	-0.59368	1.61684
0.03570	0.95121	0.30646	9.51213
-0.61426	0.26278	-0.74406	2.62777
0.00000	0.00000	0.00000	1.00000

boidNo = 7
boid Wall No = 0
position = = (0.9, -7.9, 6.0)
Boid Radius= 10
Boid Frame=
 0.98601	0.09396	0.13767	0.93958
-0.00896	-0.79491	0.60666	-7.94912
-0.16644	0.59941	0.78295	5.99406
0.00000	0.00000	0.00000	1.00000

boidNo = 8
boid Wall No = 1
position = = (0.1, 1.3, 9.9)
Boid Radius= 10
Boid Frame=
 0.77857	0.00983	0.62749	0.09826
-0.62326	0.12905	0.77130	1.29045
0.07340	0.99159	-0.10659	9.91590
0.00000	0.00000	0.00000	1.00000

boidNo = 9
boid Wall No = 0
position = = (-9.1, -3.2, -2.8)
Boid Radius= 10
Boid Frame=
 -0.04358	-0.90511	-0.42293	-9.05114
-0.59230	-0.31750	0.74052	-3.17502
0.80454	-0.28277	0.52226	-2.82774
0.00000	0.00000	0.00000	1.00000

boidNo = 10
boid Wall No = 1
position = = (2.3, 9.7, -0.6)
Boid Radius= 10
Boid Frame=
 -0.51189	0.23010	-0.82766	2.30104
0.06799	0.97129	0.22798	9.71288
-0.85636	-0.06043	0.51284	-0.60426
0.00000	0.00000	0.00000	1.00000

boidNo = 11
boid Wall No = 0
position = = (-5.7, -3.1, -7.6)
Boid Radius= 10
Boid Frame=
 -0.45614	-0.56849	-0.68465	-5.68493
-0.64856	-0.31443	0.69318	-3.14427
0.60934	-0.76023	0.22528	-7.60231
0.00000	0.00000	0.00000	1.00000

boidNo = 12
boid Wall No = 0
position = = (-9.7, -2.2, 0.7)
Boid Radius= 10
Boid Frame=
 0.20273	-0.97304	-0.10997	-9.73040
-0.66758	-0.21950	0.71145	-2.19495
0.71641	0.07081	0.69408	0.70814
0.00000	0.00000	0.00000	1.00000

boidNo = 13
boid Wall No = 1
position = = (0.5, 5.2, 8.5)
Boid Radius= 10
Boid Frame=
 0.82443	0.04637	0.56407	0.46366
-0.50055	0.52487	0.68845	5.24873
0.26414	0.84992	-0.45593	8.49917
0.00000	0.00000	0.00000	1.00000

boidNo = 14
boid Wall No = 1
position = = (3.2, 9.4, 1.2)
Boid Radius= 10
Boid Frame=
 0.26726	0.32294	-0.90790	3.22940
0.03132	0.93876	0.34314	9.38764
-0.96312	0.12014	-0.24078	1.20138
0.00000	0.00000	0.00000	1.00000

