Iteration Num of Simuation:0
m_SimulationDeltaT of action plan:0
boidNo = 0
boid Wall No = 1
position = = (4.8, 6.8, 5.5)
Boid Radius= 10
Boid Frame=
 0.87883	0.47573	0.03658	4.75734
-0.39604	0.68454	0.61201	6.84541
-0.26611	0.55234	-0.79000	5.52341
0.00000	0.00000	0.00000	1.00000

boidNo = 1
boid Wall No = 1
position = = (6.8, 6.2, 3.9)
Boid Radius= 10
Boid Frame=
 0.72441	0.67586	-0.13579	6.75861
-0.46534	0.62474	0.62702	6.24742
-0.50861	0.39104	-0.76708	3.91037
0.00000	0.00000	0.00000	1.00000

boidNo = 2
boid Wall No = 1
position = = (0.3, 10.0, 0.7)
Boid Radius= 10
Boid Frame=
 0.52525	0.03228	-0.85034	0.32276
0.04076	0.99718	0.06303	9.97179
-0.84997	0.06776	-0.52245	0.67762
0.00000	0.00000	0.00000	1.00000

boidNo = 3
boid Wall No = 0
position = = (5.6, -8.1, 1.8)
Boid Radius= 10
Boid Frame=
 0.18768	0.55603	0.80969	5.56032
-0.08721	-0.81165	0.57759	-8.11654
-0.97835	0.17902	0.10384	1.79017
0.00000	0.00000	0.00000	1.00000

boidNo = 4
boid Wall No = 1
position = = (-8.2, 1.3, 5.5)
Boid Radius= 9.999999
Boid Frame=
 0.35176	-0.82220	0.44749	-8.22199
-0.65218	0.12767	0.74724	1.27669
0.67151	0.55470	0.49131	5.54697
0.00000	0.00000	0.00000	1.00000

boidNo = 5
boid Wall No = 1
position = = (1.3, 7.6, 6.3)
Boid Radius= 10
Boid Frame=
 0.94509	0.13284	0.29858	1.32841
-0.28986	0.76270	0.57816	7.62701
0.15092	0.63296	-0.75933	6.32961
0.00000	0.00000	0.00000	1.00000

boidNo = 6
boid Wall No = 0
position = = (7.1, -3.1, -6.4)
Boid Radius= 9.999999
Boid Frame=
 -0.63890	0.70676	-0.30380	7.06758
-0.66656	-0.31143	0.67728	-3.11433
-0.38406	-0.63522	-0.67007	-6.35218
0.00000	0.00000	0.00000	1.00000

boidNo = 7
boid Wall No = 0
position = = (-4.2, -5.0, 7.5)
Boid Radius= 10
Boid Frame=
 0.88012	-0.42315	0.21527	-4.23148
-0.42543	-0.50166	0.75322	-5.01661
0.21073	0.75451	0.62154	7.54508
0.00000	0.00000	0.00000	1.00000

boidNo = 8
boid Wall No = 0
position = = (-2.1, -9.2, -3.4)
Boid Radius= 10
Boid Frame=
 -0.93029	-0.21376	-0.29812	-2.13761
0.08576	-0.91689	0.38982	-9.16888
0.35667	-0.33708	-0.87130	-3.37079
0.00000	0.00000	0.00000	1.00000

boidNo = 9
boid Wall No = 1
position = = (3.4, 0.4, -9.4)
Boid Radius= 10
Boid Frame=
 -0.60687	0.33821	-0.71925	3.38208
-0.75470	0.03861	0.65493	0.38607
-0.24927	-0.94028	-0.23182	-9.40279
0.00000	0.00000	0.00000	1.00000

boidNo = 10
boid Wall No = 1
position = = (0.9, 7.8, 6.1)
Boid Radius= 10
Boid Frame=
 0.96984	0.09326	0.22521	0.93262
-0.21102	0.78372	0.58416	7.83725
0.12202	0.61407	-0.77976	6.14067
0.00000	0.00000	0.00000	1.00000

boidNo = 11
boid Wall No = 1
position = = (8.7, 3.7, 3.2)
Boid Radius= 10
Boid Frame=
 0.49173	0.87075	0.00108	8.70745
-0.66147	0.37274	0.65079	3.72744
-0.56627	0.32072	-0.75926	3.20725
0.00000	0.00000	0.00000	1.00000

boidNo = 12
boid Wall No = 1
position = = (-8.3, 2.8, 4.8)
Boid Radius= 10
Boid Frame=
 0.10475	-0.83269	0.54374	-8.32691
-0.76190	0.28420	0.58202	2.84203
0.63917	0.47524	0.60465	4.75241
0.00000	0.00000	0.00000	1.00000

boidNo = 13
boid Wall No = 1
position = = (2.4, 9.6, 1.7)
Boid Radius= 10
Boid Frame=
 0.97098	0.23880	0.01344	2.38802
-0.23741	0.95546	0.17529	9.55463
-0.02902	0.17339	-0.98443	1.73389
0.00000	0.00000	0.00000	1.00000

boidNo = 14
boid Wall No = 1
position = = (-4.7, 5.7, -6.7)
Boid Radius= 10
Boid Frame=
 -0.85083	-0.47137	-0.23215	-4.71374
-0.49415	0.56763	0.65849	5.67635
0.17862	-0.67498	0.71589	-6.74980
0.00000	0.00000	0.00000	1.00000

boidNo = 15
boid Wall No = 1
position = = (-3.6, 8.5, 3.9)
Boid Radius= 10
Boid Frame=
 0.58654	-0.36224	0.72439	-3.62243
-0.11713	0.84706	0.51842	8.47064
0.80140	0.38892	-0.45441	3.88925
0.00000	0.00000	0.00000	1.00000

boidNo = 16
boid Wall No = 1
position = = (9.8, 1.6, -1.5)
Boid Radius= 10
Boid Frame=
 -0.01752	0.97561	-0.21880	9.75612
-0.63257	0.15865	0.75808	1.58655
-0.77430	-0.15169	-0.61436	-1.51692
0.00000	0.00000	0.00000	1.00000

boidNo = 17
boid Wall No = 0
position = = (-3.9, -9.2, 0.4)
Boid Radius= 10
Boid Frame=
 0.02342	-0.38870	-0.92106	-3.88705
0.03017	-0.92062	0.38929	-9.20623
0.99927	0.03691	0.00983	0.36910
0.00000	0.00000	0.00000	1.00000

boidNo = 18
boid Wall No = 0
position = = (1.7, -9.3, 3.2)
Boid Radius= 10
Boid Frame=
 0.91696	0.17467	0.35871	1.74673
0.03467	-0.93055	0.36451	-9.30552
-0.39747	0.32181	0.85933	3.21810
0.00000	0.00000	0.00000	1.00000

boidNo = 19
boid Wall No = 1
position = = (-8.9, 2.3, 3.9)
Boid Radius= 10
Boid Frame=
 0.07887	-0.89361	0.44187	-8.93607
-0.76618	0.22924	0.60035	2.29235
0.63777	0.38590	0.66658	3.85898
0.00000	0.00000	0.00000	1.00000

