Iteration Num of Simuation:0
m_SimulationDeltaT of action plan:0
boidNo = 0
boid Wall No = 0
position = = (-7.6, -1.3, -6.3)
Boid Radius= 10
Boid Frame=
 -0.44412	-0.76359	-0.46872	-7.63587
-0.60149	-0.13364	0.78763	-1.33635
0.66406	-0.63173	0.39994	-6.31725
0.00000	0.00000	0.00000	1.00000

boidNo = 1
boid Wall No = 1
position = = (-5.9, 0.9, 8.0)
Boid Radius= 10
Boid Frame=
 0.41005	-0.58899	0.69638	-5.88992
-0.82073	0.09474	0.56340	0.94744
0.39782	0.80257	0.44456	8.02566
0.00000	0.00000	0.00000	1.00000

boidNo = 2
boid Wall No = 0
position = = (-5.9, -0.5, -8.0)
Boid Radius= 10
Boid Frame=
 -0.64829	-0.59189	-0.47895	-5.91887
-0.56575	-0.04650	0.82326	-0.46504
0.50955	-0.80468	0.30471	-8.04679
0.00000	0.00000	0.00000	1.00000

boidNo = 3
boid Wall No = 0
position = = (1.9, -9.8, -0.4)
Boid Radius= 10
Boid Frame=
 -0.24908	0.19252	0.94915	1.92524
-0.00645	-0.98035	0.19716	-9.80350
-0.96846	-0.04298	-0.24543	-0.42983
0.00000	0.00000	0.00000	1.00000

boidNo = 4
boid Wall No = 1
position = = (4.3, 8.0, 4.2)
Boid Radius= 9.999999
Boid Frame=
 0.83663	0.42960	-0.33985	4.29602
-0.17935	0.80106	0.57108	8.01059
-0.51758	0.41683	-0.74724	4.16830
0.00000	0.00000	0.00000	1.00000

boidNo = 5
boid Wall No = 0
position = = (0.6, -9.1, -4.0)
Boid Radius= 10
Boid Frame=
 -0.69319	0.06350	0.71795	0.63495
0.24825	-0.91413	0.32053	-9.14130
-0.67666	-0.40042	-0.61790	-4.00417
0.00000	0.00000	0.00000	1.00000

boidNo = 6
boid Wall No = 0
position = = (1.1, -9.9, -0.3)
Boid Radius= 10
Boid Frame=
 -0.28698	0.11237	0.95132	1.12370
-0.00661	-0.99330	0.11534	-9.93305
-0.95791	-0.02681	-0.28581	-0.26814
0.00000	0.00000	0.00000	1.00000

boidNo = 7
boid Wall No = 0
position = = (-2.0, -3.4, 9.2)
Boid Radius= 10
Boid Frame=
 0.55056	-0.20254	0.80985	-2.02538
-0.81424	-0.34427	0.46744	-3.44265
-0.18413	0.91677	0.35445	9.16766
0.00000	0.00000	0.00000	1.00000

boidNo = 8
boid Wall No = 0
position = = (5.9, -2.8, 7.6)
Boid Radius= 10
Boid Frame=
 0.50025	0.59252	0.63140	5.92519
-0.60696	-0.28010	0.74374	-2.80103
-0.61754	0.75529	-0.21951	7.55291
0.00000	0.00000	0.00000	1.00000

boidNo = 9
boid Wall No = 0
position = = (0.1, -10.0, -0.2)
Boid Radius= 10
Boid Frame=
 -0.96744	0.01102	0.25285	0.11022
-0.00600	-0.99977	0.02062	-9.99769
-0.25302	-0.01844	-0.96729	-0.18436
0.00000	0.00000	0.00000	1.00000

boidNo = 10
boid Wall No = 0
position = = (5.4, -5.1, -6.7)
Boid Radius= 10
Boid Frame=
 -0.34158	0.53988	-0.76932	5.39882
-0.85780	-0.51357	0.02046	-5.13570
0.38405	-0.66691	-0.63854	-6.66913
0.00000	0.00000	0.00000	1.00000

boidNo = 11
boid Wall No = 0
position = = (-4.5, -8.9, -0.7)
Boid Radius= 9.999999
Boid Frame=
 -0.55555	-0.45483	-0.69606	-4.54829
0.21843	-0.88756	0.40563	-8.87557
0.80228	-0.07331	-0.59243	-0.73306
0.00000	0.00000	0.00000	1.00000

boidNo = 12
boid Wall No = 0
position = = (-7.5, -1.5, 6.5)
Boid Radius= 10
Boid Frame=
 0.55069	-0.74944	0.36754	-7.49436
-0.67889	-0.14595	0.71959	-1.45948
0.48565	0.64579	0.58915	6.45790
0.00000	0.00000	0.00000	1.00000

boidNo = 13
boid Wall No = 0
position = = (-8.3, -4.2, -3.7)
Boid Radius= 10
Boid Frame=
 -0.17534	-0.82787	-0.53282	-8.27866
-0.44054	-0.41802	0.79447	-4.18019
0.88044	-0.37403	0.29141	-3.74029
0.00000	0.00000	0.00000	1.00000

boidNo = 14
boid Wall No = 0
position = = (2.1, -9.4, 2.8)
Boid Radius= 10
Boid Frame=
 0.85887	0.21300	0.46580	2.13002
0.04271	-0.93604	0.34929	-9.36040
-0.51040	0.28010	0.81304	2.80105
0.00000	0.00000	0.00000	1.00000

