Iteration Num of Simuation:0
m_SimulationDeltaT of action plan:0
boidNo = 0
boid Wall No = 1
position = = (1.0, 9.9, 1.2)
Boid Radius= 10
Boid Frame=
 0.42675	0.09573	-0.89929	0.95735
0.06451	0.98863	0.13586	9.88626
-0.90207	0.11599	-0.41572	1.15990
0.00000	0.00000	0.00000	1.00000

boidNo = 1
boid Wall No = 1
position = = (4.2, 9.1, 0.5)
Boid Radius= 10
Boid Frame=
 0.14643	0.41605	-0.89747	4.16050
-0.01485	0.90808	0.41854	9.08076
-0.98911	0.04796	-0.13915	0.47961
0.00000	0.00000	0.00000	1.00000

boidNo = 2
boid Wall No = 0
position = = (3.3, -7.2, 6.1)
Boid Radius= 10
Boid Frame=
 0.78032	0.32826	0.53231	3.28263
-0.15877	-0.71930	0.67632	-7.19298
-0.60490	0.61225	0.50916	6.12253
0.00000	0.00000	0.00000	1.00000

boidNo = 3
boid Wall No = 1
position = = (1.2, 9.9, -0.8)
Boid Radius= 10
Boid Frame=
 -0.82593	0.11740	-0.55142	1.17402
0.05157	0.98971	0.13348	9.89710
-0.56141	-0.08180	0.82348	-0.81805
0.00000	0.00000	0.00000	1.00000

boidNo = 4
boid Wall No = 1
position = = (-1.2, 9.5, 2.9)
Boid Radius= 10
Boid Frame=
 0.96926	-0.11743	0.21619	-1.17430
0.04540	0.94901	0.31195	9.49014
0.24180	0.29255	-0.92518	2.92546
0.00000	0.00000	0.00000	1.00000

boidNo = 5
boid Wall No = 0
position = = (3.4, -2.4, 9.1)
Boid Radius= 10
Boid Frame=
 0.63183	0.33621	0.69840	3.36209
-0.66117	-0.23648	0.71199	-2.36484
-0.40454	0.91161	-0.07287	9.11614
0.00000	0.00000	0.00000	1.00000

boidNo = 6
boid Wall No = 1
position = = (1.7, 9.7, 1.8)
Boid Radius= 10
Boid Frame=
 0.53379	0.16936	-0.82848	1.69365
0.06113	0.96945	0.23757	9.69446
-0.84340	0.17745	-0.50713	1.77455
0.00000	0.00000	0.00000	1.00000

boidNo = 7
boid Wall No = 1
position = = (-7.9, 6.1, -0.4)
Boid Radius= 9.999999
Boid Frame=
 -0.36609	-0.79444	0.48462	-7.94436
-0.43137	0.60631	0.66807	6.06308
0.82456	-0.03552	0.56465	-0.35525
0.00000	0.00000	0.00000	1.00000

boidNo = 8
boid Wall No = 1
position = = (0.0, 9.9, -1.6)
Boid Radius= 10
Boid Frame=
 -0.92766	-0.00321	0.37342	-0.03213
0.05698	0.98703	0.15006	9.87034
0.36906	-0.16048	0.91545	-1.60479
0.00000	0.00000	0.00000	1.00000

boidNo = 9
boid Wall No = 0
position = = (-0.5, -10.0, 0.4)
Boid Radius= 10
Boid Frame=
 -0.14871	-0.04969	-0.98763	-0.49692
0.05189	-0.99775	0.04239	-9.97753
0.98752	0.04494	-0.15096	0.44943
0.00000	0.00000	0.00000	1.00000

boidNo = 10
boid Wall No = 1
position = = (7.5, 6.6, -0.5)
Boid Radius= 10
Boid Frame=
 0.27634	0.75166	-0.59886	7.51662
-0.38301	0.65764	0.64870	6.57642
-0.88144	-0.05011	-0.46963	-0.50107
0.00000	0.00000	0.00000	1.00000

boidNo = 11
boid Wall No = 1
position = = (1.6, 5.9, -7.9)
Boid Radius= 10
Boid Frame=
 -0.74532	0.16070	-0.64705	1.60699
-0.45090	0.59341	0.66675	5.93407
-0.49111	-0.78870	0.36982	-7.88698
0.00000	0.00000	0.00000	1.00000

boidNo = 12
boid Wall No = 1
position = = (-3.4, 9.3, -1.0)
Boid Radius= 10
Boid Frame=
 -0.22289	-0.33969	0.91375	-3.39688
0.02640	0.93488	0.35398	9.34878
0.97449	-0.10303	0.19940	-1.03025
0.00000	0.00000	0.00000	1.00000

boidNo = 13
boid Wall No = 0
position = = (0.8, -8.9, -4.5)
Boid Radius= 10
Boid Frame=
 -0.87428	0.08306	0.47826	0.83060
0.15272	-0.88816	0.43342	-8.88160
-0.46077	-0.45197	-0.76382	-4.51966
0.00000	0.00000	0.00000	1.00000

boidNo = 14
boid Wall No = 0
position = = (3.5, -5.9, -7.2)
Boid Radius= 9.999999
Boid Frame=
 -0.91813	0.35060	-0.18468	3.50604
-0.37050	-0.59415	0.71394	-5.94153
-0.14058	-0.72392	-0.67541	-7.23919
0.00000	0.00000	0.00000	1.00000

