Iteration Num of Simuation:0
m_SimulationDeltaT of action plan:0
boidNo = 0
boid Wall No = 0
position = = (2.1, -9.4, 2.5)
Boid Radius= 10
Boid Frame=
 0.80402	0.21475	0.55447	2.14748
0.02691	-0.94469	0.32686	-9.44690
-0.59399	0.24788	0.76533	2.47877
0.00000	0.00000	0.00000	1.00000

boidNo = 1
boid Wall No = 1
position = = (-8.6, 1.0, -5.1)
Boid Radius= 10
Boid Frame=
 -0.43982	-0.85711	-0.26818	-8.57109
-0.64754	0.09573	0.75600	0.95734
0.62230	-0.50616	0.59712	-5.06162
0.00000	0.00000	0.00000	1.00000

boidNo = 2
boid Wall No = 1
position = = (5.1, 5.2, 6.8)
Boid Radius= 10
Boid Frame=
 0.70515	0.51475	0.48765	5.14746
-0.70901	0.52035	0.47597	5.20346
0.00874	0.68138	-0.73188	6.81379
0.00000	0.00000	0.00000	1.00000

boidNo = 3
boid Wall No = 1
position = = (0.8, 10.0, -0.5)
Boid Radius= 10
Boid Frame=
 -0.89762	0.08340	-0.43281	0.83399
0.05197	0.99511	0.08396	9.95113
-0.43769	-0.05287	0.89757	-0.52871
0.00000	0.00000	0.00000	1.00000

boidNo = 4
boid Wall No = 0
position = = (-0.7, -9.9, 0.8)
Boid Radius= 10
Boid Frame=
 0.75490	-0.06737	-0.65237	-0.67369
0.00478	-0.99412	0.10819	-9.94118
0.65582	0.08479	0.75014	0.84794
0.00000	0.00000	0.00000	1.00000

boidNo = 5
boid Wall No = 0
position = = (-7.4, -6.7, -0.9)
Boid Radius= 10
Boid Frame=
 0.09584	-0.73719	-0.66885	-7.37190
-0.23232	-0.66996	0.70511	-6.69956
0.96791	-0.08781	0.23547	-0.87810
0.00000	0.00000	0.00000	1.00000

boidNo = 6
boid Wall No = 1
position = = (7.0, 0.0, 7.1)
Boid Radius= 10
Boid Frame=
 0.55247	0.70444	0.44558	7.04437
-0.62954	0.00228	0.77696	0.02282
-0.54630	0.70976	-0.44473	7.09763
0.00000	0.00000	0.00000	1.00000

boidNo = 7
boid Wall No = 0
position = = (0.5, -5.7, -8.2)
Boid Radius= 10
Boid Frame=
 -0.93079	0.04910	-0.36225	0.49098
-0.32458	-0.56686	0.75718	-5.66856
0.16817	-0.82235	-0.54356	-8.22353
0.00000	0.00000	0.00000	1.00000

boidNo = 8
boid Wall No = 0
position = = (-5.1, -6.9, -5.2)
Boid Radius= 10
Boid Frame=
 -0.13606	-0.50915	-0.84986	-5.09147
-0.52873	-0.68813	0.49691	-6.88134
0.83782	-0.51695	0.17557	-5.16953
0.00000	0.00000	0.00000	1.00000

boidNo = 9
boid Wall No = 0
position = = (-0.3, -10.0, 0.9)
Boid Radius= 10
Boid Frame=
 0.98377	-0.03381	-0.17623	-0.33811
-0.01680	-0.99513	0.09713	-9.95130
0.17865	0.09259	0.97955	0.92595
0.00000	0.00000	0.00000	1.00000

boidNo = 10
boid Wall No = 0
position = = (-1.9, -0.8, 9.8)
Boid Radius= 10
Boid Frame=
 0.66429	-0.19060	0.72276	-1.90598
-0.74425	-0.07893	0.66322	-0.78931
0.06936	0.97849	0.19429	9.78490
0.00000	0.00000	0.00000	1.00000

boidNo = 11
boid Wall No = 0
position = = (-1.5, -0.2, 9.9)
Boid Radius= 10
Boid Frame=
 0.76291	-0.14928	0.62904	-1.49280
-0.63833	-0.01967	0.76951	-0.19674
0.10250	0.98860	0.11030	9.88599
0.00000	0.00000	0.00000	1.00000

boidNo = 12
boid Wall No = 0
position = = (6.0, -0.8, 7.9)
Boid Radius= 10
Boid Frame=
 -0.01057	0.60483	0.79628	6.04831
-0.99529	-0.08309	0.04990	-0.83091
-0.09634	0.79201	-0.60286	7.92007
0.00000	0.00000	0.00000	1.00000

boidNo = 13
boid Wall No = 0
position = = (-9.7, -2.1, -1.2)
Boid Radius= 10
Boid Frame=
 0.01413	-0.97124	-0.23767	-9.71244
-0.54037	-0.20741	0.81547	-2.07409
0.84131	-0.11691	0.52776	-1.16908
0.00000	0.00000	0.00000	1.00000

boidNo = 14
boid Wall No = 1
position = = (-5.9, 7.7, 2.6)
Boid Radius= 10
Boid Frame=
 -0.26245	-0.58609	0.76656	-5.86093
-0.48780	0.76601	0.41866	7.66012
0.83257	0.26405	0.48693	2.64046
0.00000	0.00000	0.00000	1.00000

boidNo = 15
boid Wall No = 1
position = = (-1.3, 8.3, 5.5)
Boid Radius= 9.999999
Boid Frame=
 0.81237	-0.13200	0.56801	-1.32001
-0.22550	0.82716	0.51473	8.27163
0.53778	0.54624	-0.64219	5.46239
0.00000	0.00000	0.00000	1.00000

boidNo = 16
boid Wall No = 0
position = = (5.3, -0.1, -8.5)
Boid Radius= 10
Boid Frame=
 -0.05773	0.53346	-0.84385	5.33459
-0.99807	-0.01158	0.06096	-0.11578
-0.02275	-0.84575	-0.53310	-8.45747
0.00000	0.00000	0.00000	1.00000

boidNo = 17
boid Wall No = 0
position = = (3.2, -7.0, 6.4)
Boid Radius= 10
Boid Frame=
 0.79754	0.31641	0.51363	3.16410
-0.17077	-0.69818	0.69526	-6.98178
-0.57859	0.64221	0.50279	6.42209
0.00000	0.00000	0.00000	1.00000

boidNo = 18
boid Wall No = 1
position = = (-1.7, 9.8, 1.1)
Boid Radius= 10
Boid Frame=
 0.19933	-0.17129	0.96485	-1.71289
-0.07586	0.97895	0.18947	9.78952
0.97699	0.11096	-0.18214	1.10965
0.00000	0.00000	0.00000	1.00000

boidNo = 19
boid Wall No = 0
position = = (5.2, -8.2, -2.3)
Boid Radius= 9.999999
Boid Frame=
 -0.43647	0.52035	0.73398	5.20355
-0.01976	-0.82113	0.57039	-8.21133
-0.89950	-0.23446	-0.36868	-2.34459
0.00000	0.00000	0.00000	1.00000

