Iteration Num of Simuation:0
m_SimulationDeltaT of action plan:0
boidNo = 0
boid Wall No = 0
position = = (-6.8, -4.7, -5.6)
Boid Radius= 10
Boid Frame=
 -0.29886	-0.67892	-0.67064	-6.78918
-0.51970	-0.47361	0.71106	-4.73612
0.80037	-0.56104	0.21129	-5.61036
0.00000	0.00000	0.00000	1.00000

boidNo = 1
boid Wall No = 0
position = = (0.5, -8.8, 4.7)
Boid Radius= 10
Boid Frame=
 0.96352	0.05185	-0.26257	0.51848
0.16768	-0.88160	0.44122	-8.81596
0.20860	0.46915	0.85813	4.69148
0.00000	0.00000	0.00000	1.00000

boidNo = 2
boid Wall No = 1
position = = (-4.7, 3.9, 7.9)
Boid Radius= 10
Boid Frame=
 0.54246	-0.47386	0.69369	-4.73855
-0.57643	0.39074	0.71767	3.90737
0.61112	0.78917	0.06118	7.89168
0.00000	0.00000	0.00000	1.00000

boidNo = 3
boid Wall No = 0
position = = (-0.8, -9.7, -2.5)
Boid Radius= 10
Boid Frame=
 -0.70573	-0.08434	0.70344	-0.84338
0.23374	-0.96501	0.11880	-9.65014
-0.66881	-0.24826	-0.70076	-2.48263
0.00000	0.00000	0.00000	1.00000

boidNo = 4
boid Wall No = 0
position = = (4.0, -8.1, 4.4)
Boid Radius= 10
Boid Frame=
 0.72549	0.39562	0.56317	3.95617
-0.01813	-0.80701	0.59027	-8.07005
-0.68800	0.43844	0.57830	4.38441
0.00000	0.00000	0.00000	1.00000

boidNo = 5
boid Wall No = 1
position = = (8.7, 4.6, 1.6)
Boid Radius= 10
Boid Frame=
 0.42758	0.87220	-0.23756	8.72202
-0.56049	0.46198	0.68733	4.61980
-0.70924	0.16074	-0.68640	1.60741
0.00000	0.00000	0.00000	1.00000

boidNo = 6
boid Wall No = 1
position = = (-9.5, 2.1, -2.3)
Boid Radius= 10
Boid Frame=
 -0.31328	-0.94946	-0.01952	-9.49461
-0.69252	0.21434	0.68882	2.14339
0.64982	-0.22931	0.72467	-2.29308
0.00000	0.00000	0.00000	1.00000

boidNo = 7
boid Wall No = 1
position = = (0.7, 4.2, -9.0)
Boid Radius= 10
Boid Frame=
 -0.72848	0.06605	-0.68188	0.66048
-0.59859	0.42272	0.68044	4.22723
-0.33319	-0.90385	0.26841	-9.03849
0.00000	0.00000	0.00000	1.00000

boidNo = 8
boid Wall No = 1
position = = (-5.0, 7.9, 3.4)
Boid Radius= 10
Boid Frame=
 0.34091	-0.50200	0.79485	-5.01997
-0.18413	0.79346	0.58010	7.93463
0.92189	0.34412	-0.17806	3.44115
0.00000	0.00000	0.00000	1.00000

boidNo = 9
boid Wall No = 0
position = = (4.9, -2.3, -8.4)
Boid Radius= 10
Boid Frame=
 -0.72276	0.49253	-0.48479	4.92533
-0.64460	-0.22748	0.72989	-2.27485
-0.24921	-0.84004	-0.48190	-8.40037
0.00000	0.00000	0.00000	1.00000

boidNo = 10
boid Wall No = 0
position = = (-6.2, -0.2, 7.8)
Boid Radius= 10
Boid Frame=
 0.60426	-0.62018	0.50025	-6.20179
-0.64742	-0.01619	0.76196	-0.16189
0.46445	0.78429	0.41130	7.84294
0.00000	0.00000	0.00000	1.00000

boidNo = 11
boid Wall No = 0
position = = (-0.2, -6.4, -7.7)
Boid Radius= 10
Boid Frame=
 -0.93380	-0.01576	-0.35744	-0.15757
-0.26477	-0.64150	0.71998	-6.41503
0.24064	-0.76696	-0.59487	-7.66958
0.00000	0.00000	0.00000	1.00000

boidNo = 12
boid Wall No = 1
position = = (2.9, 9.4, 1.5)
Boid Radius= 10
Boid Frame=
 0.38768	0.29361	-0.87378	2.93608
0.02608	0.94404	0.32879	9.44044
-0.92142	0.15025	-0.35833	1.50251
0.00000	0.00000	0.00000	1.00000

boidNo = 13
boid Wall No = 1
position = = (-1.0, 9.9, 0.3)
Boid Radius= 10
Boid Frame=
 0.69218	-0.09603	0.71531	-0.96028
0.04419	0.99489	0.09080	9.94888
0.72037	0.03124	-0.69288	0.31239
0.00000	0.00000	0.00000	1.00000

boidNo = 14
boid Wall No = 0
position = = (-0.6, -9.6, 2.6)
Boid Radius= 10
Boid Frame=
 0.29309	-0.06153	-0.95410	-0.61526
0.23031	-0.96400	0.13291	-9.63998
0.92793	0.25869	0.26837	2.58694
0.00000	0.00000	0.00000	1.00000

