Iteration Num of Simuation:0
m_SimulationDeltaT of action plan:0
boidNo = 0
boid Wall No = 1
position = = (1.6, 9.1, -3.8)
Boid Radius= 10
Boid Frame=
 -0.90277	0.16387	-0.39769	1.63874
-0.01749	0.90983	0.41462	9.09828
-0.42978	-0.38126	0.81850	-3.81258
0.00000	0.00000	0.00000	1.00000

boidNo = 1
boid Wall No = 1
position = = (1.4, 9.9, 0.1)
Boid Radius= 10
Boid Frame=
 -0.30453	0.13576	-0.94278	1.35765
0.05086	0.99070	0.12624	9.90696
-0.95114	0.00950	0.30860	0.09502
0.00000	0.00000	0.00000	1.00000

boidNo = 2
boid Wall No = 1
position = = (-3.4, 0.4, 9.4)
Boid Radius= 10
Boid Frame=
 0.65620	-0.34255	0.67235	-3.42555
-0.70337	0.04500	0.70940	0.44995
0.27326	0.93842	0.21142	9.38420
0.00000	0.00000	0.00000	1.00000

boidNo = 3
boid Wall No = 1
position = = (2.5, 9.5, -1.5)
Boid Radius= 10
Boid Frame=
 -0.65321	0.25375	-0.71339	2.53746
0.05196	0.95498	0.29210	9.54976
-0.75539	-0.15374	0.63699	-1.53735
0.00000	0.00000	0.00000	1.00000

boidNo = 4
boid Wall No = 0
position = = (-1.0, -1.5, 9.8)
Boid Radius= 10
Boid Frame=
 0.73429	-0.10163	0.67119	-1.01630
-0.67820	-0.15278	0.71883	-1.52777
-0.02949	0.98302	0.18111	9.83021
0.00000	0.00000	0.00000	1.00000

boidNo = 5
boid Wall No = 1
position = = (1.5, 9.2, -3.6)
Boid Radius= 10
Boid Frame=
 -0.93147	0.14638	-0.33308	1.46381
0.00510	0.92066	0.39033	9.20659
-0.36379	-0.36188	0.85831	-3.61884
0.00000	0.00000	0.00000	1.00000

boidNo = 6
boid Wall No = 1
position = = (7.1, 4.4, -5.5)
Boid Radius= 10
Boid Frame=
 -0.27005	0.70653	-0.65414	7.06527
-0.55274	0.44252	0.70615	4.42522
-0.78838	-0.55226	-0.27103	-5.52263
0.00000	0.00000	0.00000	1.00000

boidNo = 7
boid Wall No = 0
position = = (-7.5, -5.7, -3.4)
Boid Radius= 10
Boid Frame=
 -0.10640	-0.75353	-0.64874	-7.53533
-0.39794	-0.56565	0.72228	-5.65645
0.91122	-0.33501	0.23968	-3.35013
0.00000	0.00000	0.00000	1.00000

boidNo = 8
boid Wall No = 0
position = = (-9.9, -0.3, -1.1)
Boid Radius= 10
Boid Frame=
 -0.06097	-0.99304	-0.10072	-9.93045
-0.69233	-0.03062	0.72093	-0.30617
0.71900	-0.11369	0.68565	-1.13690
0.00000	0.00000	0.00000	1.00000

boidNo = 9
boid Wall No = 0
position = = (0.9, -9.9, -0.9)
Boid Radius= 9.999999
Boid Frame=
 -0.21834	0.09471	0.97127	0.94710
0.07090	-0.99111	0.11258	-9.91109
-0.97329	-0.09345	-0.20968	-0.93446
0.00000	0.00000	0.00000	1.00000

boidNo = 10
boid Wall No = 1
position = = (3.2, 8.5, -4.2)
Boid Radius= 10
Boid Frame=
 -0.68063	0.31822	-0.65991	3.18218
-0.10677	0.84804	0.51906	8.48041
-0.72481	-0.42375	0.54322	-4.23749
0.00000	0.00000	0.00000	1.00000

boidNo = 11
boid Wall No = 1
position = = (-0.9, 2.1, -9.7)
Boid Radius= 10
Boid Frame=
 -0.71794	-0.08835	-0.69048	-0.88354
-0.69096	0.21082	0.69146	2.10823
-0.08448	-0.97352	0.21241	-9.73523
0.00000	0.00000	0.00000	1.00000

boidNo = 12
boid Wall No = 1
position = = (-5.3, 8.4, -1.0)
Boid Radius= 10
Boid Frame=
 -0.37728	-0.52548	0.76259	-5.25477
-0.12404	0.84469	0.52069	8.44690
0.91776	-0.10185	0.38386	-1.01852
0.00000	0.00000	0.00000	1.00000

boidNo = 13
boid Wall No = 1
position = = (-2.6, 7.8, 5.7)
Boid Radius= 10
Boid Frame=
 0.73237	-0.26472	0.62735	-2.64718
-0.22022	0.77974	0.58610	7.79736
0.64432	0.56739	-0.51276	5.67395
0.00000	0.00000	0.00000	1.00000

boidNo = 14
boid Wall No = 0
position = = (7.0, -6.6, -2.8)
Boid Radius= 10
Boid Frame=
 -0.57885	0.70277	0.41358	7.02769
-0.30042	-0.65531	0.69305	-6.55309
-0.75808	-0.27692	-0.59045	-2.76923
0.00000	0.00000	0.00000	1.00000

boidNo = 15
boid Wall No = 1
position = = (3.8, 8.9, 2.6)
Boid Radius= 10
Boid Frame=
 0.63772	0.38265	-0.66850	3.82653
-0.05245	0.88744	0.45794	8.87436
-0.76848	0.25697	-0.58600	2.56972
0.00000	0.00000	0.00000	1.00000

boidNo = 16
boid Wall No = 0
position = = (1.7, -3.4, -9.3)
Boid Radius= 10
Boid Frame=
 -0.63207	0.16558	-0.75701	1.65584
-0.75771	-0.33672	0.55901	-3.36718
0.16234	-0.92693	-0.33830	-9.26932
0.00000	0.00000	0.00000	1.00000

boidNo = 17
boid Wall No = 1
position = = (-1.5, 9.9, -0.4)
Boid Radius= 10
Boid Frame=
 0.13640	-0.14763	0.97959	-1.47632
0.06518	0.98803	0.13983	9.88028
0.98851	-0.04478	-0.14439	-0.44776
0.00000	0.00000	0.00000	1.00000

boidNo = 18
boid Wall No = 1
position = = (-9.0, 2.9, 3.2)
Boid Radius= 10
Boid Frame=
 0.09391	-0.90154	0.42237	-9.01543
-0.58159	0.29466	0.75824	2.94655
0.80804	0.31686	0.49665	3.16857
0.00000	0.00000	0.00000	1.00000

boidNo = 19
boid Wall No = 1
position = = (-8.6, 3.9, -3.2)
Boid Radius= 10
Boid Frame=
 -0.49939	-0.86471	0.05380	-8.64706
-0.59986	0.38991	0.69867	3.89905
0.62512	-0.31664	0.71342	-3.16635
0.00000	0.00000	0.00000	1.00000

boidNo = 20
boid Wall No = 0
position = = (1.6, -9.9, -0.2)
Boid Radius= 10
Boid Frame=
 0.51805	0.16168	0.83993	1.61679
0.10184	-0.98665	0.12711	-9.86647
-0.84927	-0.01969	0.52760	-0.19688
0.00000	0.00000	0.00000	1.00000

boidNo = 21
boid Wall No = 0
position = = (1.4, -9.9, 0.4)
Boid Radius= 10
Boid Frame=
 0.52723	0.14151	0.83785	1.41511
0.04392	-0.98926	0.13945	-9.89255
-0.84858	0.03673	0.52778	0.36726
0.00000	0.00000	0.00000	1.00000

boidNo = 22
boid Wall No = 1
position = = (-4.5, 8.9, 0.6)
Boid Radius= 10
Boid Frame=
 0.03927	-0.45280	0.89075	-4.52803
-0.04458	0.88975	0.45426	8.89752
0.99823	0.05755	-0.01476	0.57547
0.00000	0.00000	0.00000	1.00000

boidNo = 23
boid Wall No = 0
position = = (7.6, -5.4, 3.6)
Boid Radius= 10
Boid Frame=
 0.14968	0.75712	0.63589	7.57125
-0.39975	-0.54189	0.73929	-5.41888
-0.90432	0.36486	-0.22155	3.64855
0.00000	0.00000	0.00000	1.00000

boidNo = 24
boid Wall No = 0
position = = (7.7, -6.1, -1.6)
Boid Radius= 9.999999
Boid Frame=
 -0.41119	0.77364	0.48207	7.73644
-0.29417	-0.61318	0.73313	-6.13179
-0.86278	-0.15965	-0.47972	-1.59646
0.00000	0.00000	0.00000	1.00000

boidNo = 25
boid Wall No = 0
position = = (-0.2, -9.6, 2.7)
Boid Radius= 10
Boid Frame=
 0.78789	-0.02010	-0.61549	-0.20099
0.15242	-0.96200	0.22653	-9.62005
0.59665	0.27229	0.75489	2.72292
0.00000	0.00000	0.00000	1.00000

boidNo = 26
boid Wall No = 0
position = = (-2.3, -7.7, 5.9)
Boid Radius= 10
Boid Frame=
 0.95921	-0.22739	-0.16795	-2.27391
-0.07284	-0.77286	0.63038	-7.72859
0.27314	0.59244	0.75790	5.92438
0.00000	0.00000	0.00000	1.00000

boidNo = 27
boid Wall No = 1
position = = (-9.2, 3.2, -2.2)
Boid Radius= 10
Boid Frame=
 -0.38097	-0.92192	0.07024	-9.21916
-0.63606	0.31647	0.70376	3.16465
0.67103	-0.22343	0.70696	-2.23431
0.00000	0.00000	0.00000	1.00000

boidNo = 28
boid Wall No = 1
position = = (-8.7, 4.1, 2.7)
Boid Radius= 10
Boid Frame=
 -0.06180	-0.86997	0.48921	-8.69972
-0.63374	0.41287	0.65415	4.12870
0.77107	0.26961	0.57686	2.69608
0.00000	0.00000	0.00000	1.00000

boidNo = 29
boid Wall No = 1
position = = (6.1, 7.2, -3.3)
Boid Radius= 9.999999
Boid Frame=
 -0.13335	0.60937	-0.78160	6.09366
-0.31152	0.72289	0.61675	7.22894
-0.94084	-0.32572	-0.09344	-3.25725
0.00000	0.00000	0.00000	1.00000

boidNo = 30
boid Wall No = 0
position = = (-2.5, -6.4, -7.3)
Boid Radius= 10
Boid Frame=
 -0.66946	-0.24761	-0.70037	-2.47609
-0.43125	-0.63813	0.63782	-6.38133
0.60486	-0.72902	-0.32042	-7.29024
0.00000	0.00000	0.00000	1.00000

boidNo = 31
boid Wall No = 0
position = = (-6.7, -5.1, 5.4)
Boid Radius= 10
Boid Frame=
 0.74120	-0.67012	-0.03957	-6.70118
-0.41931	-0.50821	0.75226	-5.08210
0.52421	0.54099	0.65767	5.40985
0.00000	0.00000	0.00000	1.00000

boidNo = 32
boid Wall No = 1
position = = (-2.3, 9.3, 3.0)
Boid Radius= 10
Boid Frame=
 0.80444	-0.23368	0.54614	-2.33679
0.01160	0.92538	0.37886	9.25380
0.59392	0.29844	-0.74713	2.98438
0.00000	0.00000	0.00000	1.00000

boidNo = 33
boid Wall No = 0
position = = (-4.1, -2.2, 8.9)
Boid Radius= 9.999999
Boid Frame=
 0.73140	-0.40610	0.54785	-4.06100
-0.65934	-0.21591	0.72018	-2.15913
0.17418	0.88795	0.42567	8.87955
0.00000	0.00000	0.00000	1.00000

boidNo = 34
boid Wall No = 0
position = = (6.8, -4.7, 5.6)
Boid Radius= 10
Boid Frame=
 0.33159	0.67793	0.65610	6.77928
-0.48507	-0.47396	0.73489	-4.73961
-0.80917	0.56194	-0.17168	5.61939
0.00000	0.00000	0.00000	1.00000

