Iteration Num of Simuation:0
m_SimulationDeltaT of action plan:0
boidNo = 0
boid Wall No = 0
position = = (2.7, -9.6, 0.9)
Boid Radius= 10
Boid Frame=
 0.73453	0.27154	0.62188	2.71545
0.14820	-0.95851	0.24349	-9.58514
-0.66220	0.08668	0.74430	0.86683
0.00000	0.00000	0.00000	1.00000

boidNo = 1
boid Wall No = 1
position = = (-1.3, 8.8, 4.6)
Boid Radius= 10
Boid Frame=
 0.92047	-0.12752	0.36942	-1.27515
-0.06881	0.87763	0.47438	8.77626
0.38470	0.46208	-0.79906	4.62075
0.00000	0.00000	0.00000	1.00000

boidNo = 2
boid Wall No = 0
position = = (-1.0, -9.9, -1.4)
Boid Radius= 10
Boid Frame=
 -0.75608	-0.10204	-0.64647	-1.02038
-0.01172	-0.98550	0.16925	-9.85503
0.65437	-0.13555	-0.74393	-1.35545
0.00000	0.00000	0.00000	1.00000

boidNo = 3
boid Wall No = 0
position = = (4.6, -8.6, 2.2)
Boid Radius= 10
Boid Frame=
 0.58309	0.45942	0.67002	4.59425
0.10294	-0.85987	0.50002	-8.59874
-0.80586	0.22259	0.54868	2.22589
0.00000	0.00000	0.00000	1.00000

boidNo = 4
boid Wall No = 1
position = = (-0.2, 7.3, -6.9)
Boid Radius= 10
Boid Frame=
 -0.91487	-0.01509	-0.40346	-0.15087
-0.28692	0.72735	0.62341	7.27354
-0.28405	-0.68610	0.66976	-6.86097
0.00000	0.00000	0.00000	1.00000

boidNo = 5
boid Wall No = 0
position = = (-0.9, -9.9, -1.2)
Boid Radius= 10
Boid Frame=
 -0.96895	-0.08926	-0.23056	-0.89263
0.05740	-0.98829	0.14141	-9.88286
0.24049	-0.12379	-0.96273	-1.23787
0.00000	0.00000	0.00000	1.00000

boidNo = 6
boid Wall No = 1
position = = (5.9, 4.2, -7.0)
Boid Radius= 10
Boid Frame=
 -0.41297	0.58537	-0.69771	5.85368
-0.58523	0.41643	0.69577	4.16427
-0.69783	-0.69565	-0.17061	-6.95653
0.00000	0.00000	0.00000	1.00000

boidNo = 7
boid Wall No = 0
position = = (2.4, -9.5, -1.9)
Boid Radius= 10
Boid Frame=
 0.05872	0.24285	0.96829	2.42851
0.21033	-0.95119	0.22581	-9.51194
-0.97586	-0.19040	0.10693	-1.90404
0.00000	0.00000	0.00000	1.00000

boidNo = 8
boid Wall No = 0
position = = (-4.4, -3.3, -8.4)
Boid Radius= 10
Boid Frame=
 -0.64143	-0.43801	-0.62985	-4.38011
-0.53920	-0.32662	0.77626	-3.26622
0.54573	-0.83754	0.02667	-8.37535
0.00000	0.00000	0.00000	1.00000

boidNo = 9
boid Wall No = 0
position = = (5.7, -6.6, -4.9)
Boid Radius= 10
Boid Frame=
 -0.76875	0.56788	0.29416	5.67882
-0.21666	-0.66400	0.71565	-6.64005
-0.60173	-0.48642	-0.63350	-4.86423
0.00000	0.00000	0.00000	1.00000

boidNo = 10
boid Wall No = 0
position = = (1.4, -9.4, -3.0)
Boid Radius= 10
Boid Frame=
 -0.76792	0.14166	0.62469	1.41662
0.08557	-0.94381	0.31922	-9.43809
-0.63481	-0.29859	-0.71265	-2.98590
0.00000	0.00000	0.00000	1.00000

boidNo = 11
boid Wall No = 0
position = = (-7.7, -1.6, -6.2)
Boid Radius= 10
Boid Frame=
 -0.36269	-0.77065	-0.52398	-7.70648
-0.68647	-0.15932	0.70949	-1.59316
0.63024	-0.61703	0.47125	-6.17025
0.00000	0.00000	0.00000	1.00000

boidNo = 12
boid Wall No = 0
position = = (2.0, -9.5, 2.2)
Boid Radius= 10
Boid Frame=
 0.95928	0.20091	0.19856	2.00907
0.14647	-0.95484	0.25851	-9.54840
-0.24153	0.21890	0.94538	2.18901
0.00000	0.00000	0.00000	1.00000

boidNo = 13
boid Wall No = 1
position = = (-0.5, 9.3, 3.7)
Boid Radius= 10
Boid Frame=
 0.99432	-0.05223	0.09278	-0.52228
0.01341	0.92590	0.37753	9.25900
0.10562	0.37414	-0.92134	3.74140
0.00000	0.00000	0.00000	1.00000

boidNo = 14
boid Wall No = 0
position = = (-9.6, -2.8, 0.2)
Boid Radius= 10
Boid Frame=
 0.21292	-0.96031	-0.18019	-9.60311
-0.68425	-0.27820	0.67410	-2.78197
0.69748	0.02023	0.71632	0.20235
0.00000	0.00000	0.00000	1.00000

