Iteration Num of Simuation:0
m_SimulationDeltaT of action plan:0
boidNo = 0
boid Wall No = 1
position = = (5.0, 1.8, -8.5)
Boid Radius= 10
Boid Frame=
 -0.55518	0.49888	-0.66550	4.98875
-0.68701	0.17596	0.70502	1.75956
-0.46882	-0.84862	-0.24504	-8.48624
0.00000	0.00000	0.00000	1.00000

boidNo = 1
boid Wall No = 0
position = = (-0.3, -10.0, -0.7)
Boid Radius= 10
Boid Frame=
 -0.52608	-0.03340	0.84978	-0.33402
0.07414	-0.99723	0.00670	-9.97225
-0.84720	-0.06653	-0.52710	-0.66529
0.00000	0.00000	0.00000	1.00000

boidNo = 2
boid Wall No = 0
position = = (4.8, -7.3, -4.8)
Boid Radius= 10
Boid Frame=
 -0.79197	0.48280	0.37376	4.82795
-0.13213	-0.73318	0.66708	-7.33177
-0.59610	-0.47892	-0.64444	-4.78916
0.00000	0.00000	0.00000	1.00000

boidNo = 3
boid Wall No = 0
position = = (2.7, -3.2, -9.1)
Boid Radius= 10
Boid Frame=
 -0.79995	0.26717	-0.53730	2.67167
-0.59957	-0.31969	0.73370	-3.19693
-0.02425	-0.90908	-0.41593	-9.09075
0.00000	0.00000	0.00000	1.00000

boidNo = 4
boid Wall No = 0
position = = (-2.5, -9.0, 3.5)
Boid Radius= 10
Boid Frame=
 0.54596	-0.25373	-0.79847	-2.53733
0.16667	-0.90110	0.40031	-9.01097
0.82107	0.35163	0.44967	3.51630
0.00000	0.00000	0.00000	1.00000

boidNo = 5
boid Wall No = 0
position = = (-6.0, -8.0, 0.0)
Boid Radius= 10
Boid Frame=
 -0.00310	-0.59574	-0.80317	-5.95735
0.00757	-0.80317	0.59570	-8.03170
0.99997	0.00424	-0.00700	0.04236
0.00000	0.00000	0.00000	1.00000

boidNo = 6
boid Wall No = 1
position = = (6.4, 6.0, 4.8)
Boid Radius= 10
Boid Frame=
 0.76947	0.63506	-0.06801	6.35056
-0.44008	0.60435	0.66414	6.04352
-0.46287	0.48111	-0.74451	4.81106
0.00000	0.00000	0.00000	1.00000

boidNo = 7
boid Wall No = 0
position = = (7.9, -0.7, 6.0)
Boid Radius= 10
Boid Frame=
 0.38897	0.79328	0.46841	7.93283
-0.70274	-0.07328	0.70766	-0.73285
-0.59570	0.60443	-0.52897	6.04427
0.00000	0.00000	0.00000	1.00000

boidNo = 8
boid Wall No = 0
position = = (5.9, -7.9, -1.4)
Boid Radius= 10
Boid Frame=
 -0.24697	0.58973	0.76891	5.89734
-0.00982	-0.79497	0.60657	-7.94971
-0.96897	-0.14225	-0.20212	-1.42250
0.00000	0.00000	0.00000	1.00000

boidNo = 9
boid Wall No = 1
position = = (-1.0, 9.2, 3.7)
Boid Radius= 10
Boid Frame=
 0.96981	-0.10103	0.22195	-1.01031
0.00727	0.92172	0.38779	9.21720
0.24376	0.37447	-0.89463	3.74466
0.00000	0.00000	0.00000	1.00000

boidNo = 10
boid Wall No = 0
position = = (-1.8, -9.2, 3.4)
Boid Radius= 10
Boid Frame=
 0.50814	-0.18303	-0.84160	-1.83027
0.20963	-0.92149	0.32697	-9.21490
0.83537	0.34258	0.42988	3.42575
0.00000	0.00000	0.00000	1.00000

boidNo = 11
boid Wall No = 0
position = = (-1.1, -9.9, 0.2)
Boid Radius= 9.999999
Boid Frame=
 -0.65765	-0.11390	-0.74467	-1.13904
0.09090	-0.99328	0.07165	-9.93279
0.74782	0.02057	-0.66358	0.20570
0.00000	0.00000	0.00000	1.00000

boidNo = 12
boid Wall No = 1
position = = (-2.8, 9.6, 0.7)
Boid Radius= 10
Boid Frame=
 0.37446	-0.27642	0.88508	-2.76421
0.03824	0.95832	0.28312	9.58323
0.92645	0.07218	-0.36942	0.72176
0.00000	0.00000	0.00000	1.00000

boidNo = 13
boid Wall No = 0
position = = (-9.9, -0.1, -1.5)
Boid Radius= 10
Boid Frame=
 -0.10359	-0.98812	-0.11351	-9.88122
-0.70707	-0.00710	0.70711	-0.07104
0.69952	-0.15351	0.69793	-1.53507
0.00000	0.00000	0.00000	1.00000

boidNo = 14
boid Wall No = 0
position = = (4.9, -4.1, 7.7)
Boid Radius= 10
Boid Frame=
 0.53103	0.48887	0.69211	4.88867
-0.56156	-0.40864	0.71949	-4.08639
-0.63456	0.77073	-0.05753	7.70729
0.00000	0.00000	0.00000	1.00000

