Iteration Num of Simuation:0
m_SimulationDeltaT of action plan:0
boidNo = 0
boid Wall No = 0
position = = (5.6, -4.9, -6.7)
Boid Radius= 10
Boid Frame=
 -0.81123	0.55971	-0.16918	5.59712
-0.49063	-0.49417	0.71769	-4.94172
-0.31809	-0.66522	-0.67550	-6.65220
0.00000	0.00000	0.00000	1.00000

boidNo = 1
boid Wall No = 0
position = = (-5.9, -4.8, -6.4)
Boid Radius= 10
Boid Frame=
 -0.46722	-0.59277	-0.65600	-5.92767
-0.44557	-0.48299	0.75378	-4.82995
0.76366	-0.64447	0.03845	-6.44471
0.00000	0.00000	0.00000	1.00000

boidNo = 2
boid Wall No = 1
position = = (-1.0, 9.9, -1.4)
Boid Radius= 10
Boid Frame=
 -0.62214	-0.10453	0.77590	-1.04528
0.04212	0.98514	0.16649	9.85143
0.78177	-0.13626	0.60849	-1.36263
0.00000	0.00000	0.00000	1.00000

boidNo = 3
boid Wall No = 1
position = = (-4.2, 9.1, 0.1)
Boid Radius= 10
Boid Frame=
 0.00011	-0.41559	0.90955	-4.15594
-0.01306	0.90947	0.41556	9.09472
0.99991	0.01193	0.00533	0.11929
0.00000	0.00000	0.00000	1.00000

boidNo = 4
boid Wall No = 0
position = = (3.0, -3.2, -9.0)
Boid Radius= 10
Boid Frame=
 -0.82336	0.30057	-0.48140	3.00568
-0.56290	-0.32439	0.76021	-3.24391
-0.07233	-0.89690	-0.43628	-8.96900
0.00000	0.00000	0.00000	1.00000

boidNo = 5
boid Wall No = 0
position = = (1.5, -9.5, 2.7)
Boid Radius= 10
Boid Frame=
 0.97067	0.15364	0.18490	1.53642
0.09515	-0.95185	0.29143	-9.51848
-0.22077	0.26529	0.93855	2.65293
0.00000	0.00000	0.00000	1.00000

boidNo = 6
boid Wall No = 0
position = = (-5.3, -8.0, -2.9)
Boid Radius= 10
Boid Frame=
 -0.45374	-0.52941	-0.71683	-5.29412
-0.02055	-0.79797	0.60234	-7.97972
0.89090	-0.28803	-0.35119	-2.88034
0.00000	0.00000	0.00000	1.00000

boidNo = 7
boid Wall No = 1
position = = (5.9, 8.1, -0.5)
Boid Radius= 10
Boid Frame=
 0.16180	0.59088	-0.79037	5.90879
-0.18269	0.80501	0.56443	8.05013
-0.96977	-0.05307	-0.23819	-0.53066
0.00000	0.00000	0.00000	1.00000

boidNo = 8
boid Wall No = 0
position = = (1.1, -7.0, 7.1)
Boid Radius= 10
Boid Frame=
 0.89153	0.11276	0.43871	1.12762
-0.24317	-0.69798	0.67357	-6.97978
-0.38216	0.70719	0.59484	7.07186
0.00000	0.00000	0.00000	1.00000

boidNo = 9
boid Wall No = 1
position = = (1.0, 9.8, -1.5)
Boid Radius= 9.999999
Boid Frame=
 -0.98326	0.09505	-0.15546	0.95053
0.06968	0.98446	0.16119	9.84460
-0.16836	-0.14766	0.97460	-1.47657
0.00000	0.00000	0.00000	1.00000

boidNo = 10
boid Wall No = 0
position = = (1.3, -9.5, -3.0)
Boid Radius= 10
Boid Frame=
 -0.72413	0.12505	0.67823	1.25052
0.11693	-0.94692	0.29944	-9.46925
-0.67968	-0.29613	-0.67108	-2.96134
0.00000	0.00000	0.00000	1.00000

boidNo = 11
boid Wall No = 1
position = = (-7.0, 1.5, 7.0)
Boid Radius= 10
Boid Frame=
 0.40752	-0.69995	0.58652	-6.99945
-0.72002	0.14876	0.67782	1.48762
0.56169	0.69853	0.44335	6.98532
0.00000	0.00000	0.00000	1.00000

boidNo = 12
boid Wall No = 0
position = = (-5.1, -8.6, 1.0)
Boid Radius= 10
Boid Frame=
 0.01576	-0.50725	-0.86165	-5.07251
0.10889	-0.85577	0.50578	-8.55765
0.99393	0.10180	-0.04175	1.01798
0.00000	0.00000	0.00000	1.00000

boidNo = 13
boid Wall No = 1
position = = (-6.2, 6.0, 5.1)
Boid Radius= 10
Boid Frame=
 0.25009	-0.61652	0.74657	-6.16517
-0.46287	0.60112	0.65146	6.01121
0.85041	0.50849	0.13504	5.08488
0.00000	0.00000	0.00000	1.00000

boidNo = 14
boid Wall No = 0
position = = (-0.4, -9.8, -1.7)
Boid Radius= 10
Boid Frame=
 -0.99493	-0.03862	0.09290	-0.38620
0.05407	-0.98395	0.17006	-9.83949
-0.08484	-0.17422	-0.98105	-1.74223
0.00000	0.00000	0.00000	1.00000

