Iteration Num of Simuation:0
m_SimulationDeltaT of action plan:0
boidNo = 0
boid Wall No = 0
position = = (-7.6, -0.4, 6.5)
Boid Radius= 9.999999
Boid Frame=
 0.46665	-0.75860	0.45471	-7.58604
-0.73295	-0.04396	0.67886	-0.43956
0.49500	0.65007	0.57653	6.50067
0.00000	0.00000	0.00000	1.00000

boidNo = 1
boid Wall No = 1
position = = (-4.4, 9.0, -0.3)
Boid Radius= 10
Boid Frame=
 -0.71565	-0.44498	0.53836	-4.44985
-0.33501	0.89502	0.29446	8.95023
0.61287	-0.03038	0.78960	-0.30378
0.00000	0.00000	0.00000	1.00000

boidNo = 2
boid Wall No = 1
position = = (-0.7, 1.9, 9.8)
Boid Radius= 10
Boid Frame=
 0.64888	-0.06649	0.75798	-0.66494
-0.73662	0.19469	0.64768	1.94692
0.19064	0.97861	-0.07735	9.78608
0.00000	0.00000	0.00000	1.00000

boidNo = 3
boid Wall No = 1
position = = (5.7, 1.9, 8.0)
Boid Radius= 10
Boid Frame=
 0.63685	0.56839	0.52092	5.68387
-0.71807	0.19128	0.66917	1.91276
-0.28071	0.80022	-0.52996	8.00219
0.00000	0.00000	0.00000	1.00000

boidNo = 4
boid Wall No = 0
position = = (2.9, -9.5, 1.5)
Boid Radius= 9.999999
Boid Frame=
 0.72329	0.28934	0.62701	2.89338
0.11278	-0.94529	0.30611	-9.45291
-0.68128	0.15069	0.71635	1.50690
0.00000	0.00000	0.00000	1.00000

boidNo = 5
boid Wall No = 0
position = = (-1.6, -9.3, 3.3)
Boid Radius= 9.999999
Boid Frame=
 0.93721	-0.15877	-0.31052	-1.58768
-0.03835	-0.93189	0.36072	-9.31885
0.34664	0.32616	0.87946	3.26164
0.00000	0.00000	0.00000	1.00000

boidNo = 6
boid Wall No = 0
position = = (-0.4, -9.6, -2.7)
Boid Radius= 10
Boid Frame=
 -0.93688	-0.03826	-0.34754	-0.38258
-0.05917	-0.96231	0.26543	-9.62314
0.34460	-0.26924	-0.89931	-2.69237
0.00000	0.00000	0.00000	1.00000

boidNo = 7
boid Wall No = 1
position = = (-4.7, 1.4, -8.7)
Boid Radius= 9.999999
Boid Frame=
 -0.71857	-0.47179	-0.51094	-4.71794
-0.63341	0.14065	0.76093	1.40654
0.28713	-0.87042	0.39991	-8.70418
0.00000	0.00000	0.00000	1.00000

boidNo = 8
boid Wall No = 1
position = = (-1.8, 9.8, 0.7)
Boid Radius= 10
Boid Frame=
 0.39872	-0.17504	0.90021	-1.75041
0.00242	0.98181	0.18984	9.81813
0.91707	0.07352	-0.39189	0.73516
0.00000	0.00000	0.00000	1.00000

boidNo = 9
boid Wall No = 1
position = = (-1.5, 2.3, 9.6)
Boid Radius= 10
Boid Frame=
 0.56192	-0.14581	0.81424	-1.45806
-0.78020	0.23364	0.58026	2.33639
0.27484	0.96133	-0.01753	9.61329
0.00000	0.00000	0.00000	1.00000

boidNo = 10
boid Wall No = 0
position = = (0.9, -9.9, -0.7)
Boid Radius= 10
Boid Frame=
 -0.61271	0.08662	0.78555	0.86615
-0.00081	-0.99404	0.10897	-9.94045
-0.79031	-0.06613	-0.60913	-0.66130
0.00000	0.00000	0.00000	1.00000

boidNo = 11
boid Wall No = 1
position = = (-0.4, 7.1, 7.1)
Boid Radius= 10
Boid Frame=
 0.62864	-0.03623	0.77685	-0.36232
-0.53477	0.70513	0.46563	7.05132
0.56465	0.70815	-0.42390	7.08150
0.00000	0.00000	0.00000	1.00000

boidNo = 12
boid Wall No = 0
position = = (-8.9, -1.8, 4.1)
Boid Radius= 10
Boid Frame=
 0.07290	-0.89308	0.44395	-8.93083
-0.96133	-0.18144	-0.20716	-1.81443
-0.26556	0.41168	0.87178	4.11680
0.00000	0.00000	0.00000	1.00000

boidNo = 13
boid Wall No = 0
position = = (9.1, -4.2, -0.1)
Boid Radius= 10
Boid Frame=
 -0.20940	0.90608	0.36765	9.06083
-0.43772	-0.42307	0.79336	-4.23069
-0.87439	-0.00520	-0.48520	-0.05199
0.00000	0.00000	0.00000	1.00000

boidNo = 14
boid Wall No = 0
position = = (-2.0, -6.2, -7.6)
Boid Radius= 10
Boid Frame=
 -0.83147	-0.20065	-0.51806	-2.00654
-0.29973	-0.62313	0.72241	-6.23125
0.46777	-0.75595	-0.45797	-7.55945
0.00000	0.00000	0.00000	1.00000

boidNo = 15
boid Wall No = 0
position = = (1.7, -8.6, -4.8)
Boid Radius= 10
Boid Frame=
 -0.91306	0.16808	0.37159	1.68082
0.04842	-0.86001	0.50798	-8.60006
-0.40495	-0.48181	-0.77709	-4.81807
0.00000	0.00000	0.00000	1.00000

boidNo = 16
boid Wall No = 0
position = = (1.5, -9.9, -0.1)
Boid Radius= 10
Boid Frame=
 -0.01906	0.15491	0.98774	1.54910
0.00696	-0.98788	0.15507	-9.87880
-0.99979	-0.00983	-0.01775	-0.09829
0.00000	0.00000	0.00000	1.00000

boidNo = 17
boid Wall No = 1
position = = (-6.5, 7.5, 0.8)
Boid Radius= 10
Boid Frame=
 -0.19010	-0.65329	0.73285	-6.53294
-0.26851	0.75260	0.60125	7.52598
0.94433	0.08248	0.31848	0.82480
0.00000	0.00000	0.00000	1.00000

boidNo = 18
boid Wall No = 0
position = = (-5.2, -5.1, 6.9)
Boid Radius= 10
Boid Frame=
 0.84953	-0.52073	0.08445	-5.20730
-0.38681	-0.50604	0.77091	-5.06035
0.35870	0.68758	0.63132	6.87582
0.00000	0.00000	0.00000	1.00000

boidNo = 19
boid Wall No = 1
position = = (4.4, 9.0, 0.3)
Boid Radius= 10
Boid Frame=
 0.13747	0.43568	-0.88954	4.35680
-0.03285	0.89958	0.43552	8.99580
-0.98996	0.03065	-0.13798	0.30648
0.00000	0.00000	0.00000	1.00000

