Iteration Num of Simuation:0
m_SimulationDeltaT of action plan:0
boidNo = 0
boid Wall No = 0
position = = (1.9, -9.8, -1.0)
Boid Radius= 10
Boid Frame=
 -0.58154	0.18665	0.79181	1.86654
-0.02698	-0.97721	0.21054	-9.77213
-0.81307	-0.10107	-0.57333	-1.01073
0.00000	0.00000	0.00000	1.00000

boidNo = 1
boid Wall No = 1
position = = (4.2, 8.0, 4.3)
Boid Radius= 10
Boid Frame=
 0.84748	0.42256	-0.32129	4.22557
-0.17897	0.79727	0.57648	7.97270
-0.49975	0.43105	-0.75129	4.31052
0.00000	0.00000	0.00000	1.00000

boidNo = 2
boid Wall No = 1
position = = (-2.0, 8.9, -4.2)
Boid Radius= 10
Boid Frame=
 -0.93350	-0.20250	0.29591	-2.02504
-0.04670	0.88689	0.45962	8.86888
0.35552	-0.41524	0.83737	-4.15238
0.00000	0.00000	0.00000	1.00000

boidNo = 3
boid Wall No = 0
position = = (0.9, -4.6, -8.8)
Boid Radius= 10
Boid Frame=
 -0.02000	0.09357	-0.99541	0.93571
-0.88629	-0.46243	-0.02566	-4.62427
0.46271	-0.88171	-0.09218	-8.81706
0.00000	0.00000	0.00000	1.00000

boidNo = 4
boid Wall No = 0
position = = (-2.1, -9.5, 2.4)
Boid Radius= 10
Boid Frame=
 0.97686	-0.20775	-0.05088	-2.07755
-0.18794	-0.94725	0.25963	-9.47246
0.10213	0.24406	0.96437	2.44057
0.00000	0.00000	0.00000	1.00000

boidNo = 5
boid Wall No = 1
position = = (9.1, 4.1, 0.1)
Boid Radius= 10
Boid Frame=
 0.29802	0.90989	-0.28857	9.09894
-0.62954	0.41460	0.65710	4.14598
-0.71754	0.01416	-0.69638	0.14161
0.00000	0.00000	0.00000	1.00000

boidNo = 6
boid Wall No = 0
position = = (-2.1, -2.2, -9.5)
Boid Radius= 10
Boid Frame=
 -0.44073	-0.21313	-0.87197	-2.13135
-0.84919	-0.21581	0.48197	-2.15807
0.29090	-0.95289	0.08588	-9.52891
0.00000	0.00000	0.00000	1.00000

boidNo = 7
boid Wall No = 1
position = = (0.0, 8.3, -5.5)
Boid Radius= 10
Boid Frame=
 -0.94181	-0.00317	-0.33614	-0.03174
-0.18864	0.83265	0.52068	8.32652
-0.27824	-0.55379	0.78480	-5.53787
0.00000	0.00000	0.00000	1.00000

boidNo = 8
boid Wall No = 1
position = = (2.0, 8.9, -4.0)
Boid Radius= 10
Boid Frame=
 -0.84384	0.20454	-0.49609	2.04543
-0.04715	0.89266	0.44826	8.92658
-0.53453	-0.40165	0.74361	-4.01652
0.00000	0.00000	0.00000	1.00000

boidNo = 9
boid Wall No = 1
position = = (-6.4, 3.0, 7.1)
Boid Radius= 10
Boid Frame=
 0.39687	-0.63778	0.66010	-6.37778
-0.65847	0.30319	0.68883	3.03188
0.63946	0.70804	0.29963	7.08037
0.00000	0.00000	0.00000	1.00000

boidNo = 10
boid Wall No = 1
position = = (2.9, 9.1, -2.9)
Boid Radius= 10
Boid Frame=
 -0.47628	0.29171	-0.82950	2.91705
-0.12689	0.91069	0.39312	9.10691
-0.87009	-0.29249	0.39673	-2.92491
0.00000	0.00000	0.00000	1.00000

boidNo = 11
boid Wall No = 1
position = = (-7.4, 0.2, -6.7)
Boid Radius= 10
Boid Frame=
 -0.51666	-0.74458	-0.42269	-7.44583
-0.64763	0.01694	0.76177	0.16936
0.56004	-0.66731	0.49096	-6.67315
0.00000	0.00000	0.00000	1.00000

boidNo = 12
boid Wall No = 0
position = = (2.0, -4.9, -8.5)
Boid Radius= 9.999999
Boid Frame=
 -0.87502	0.20287	-0.43953	2.02871
-0.47956	-0.48715	0.72987	-4.87151
0.06605	-0.84943	-0.52356	-8.49428
0.00000	0.00000	0.00000	1.00000

boidNo = 13
boid Wall No = 0
position = = (-9.8, -0.1, -2.1)
Boid Radius= 10
Boid Frame=
 -0.09454	-0.97739	-0.18911	-9.77394
-0.87595	-0.00859	0.48232	-0.08590
0.47304	-0.21125	0.85534	-2.11251
0.00000	0.00000	0.00000	1.00000

boidNo = 14
boid Wall No = 1
position = = (1.7, 9.7, -1.7)
Boid Radius= 10
Boid Frame=
 0.11303	0.17436	-0.97817	1.74360
-0.18864	0.97034	0.15117	9.70343
-0.97552	-0.16743	-0.14257	-1.67432
0.00000	0.00000	0.00000	1.00000

boidNo = 15
boid Wall No = 1
position = = (0.9, 4.7, 8.8)
Boid Radius= 10
Boid Frame=
 0.72045	0.08512	0.68826	0.85121
-0.63774	0.47122	0.60929	4.71218
0.27246	0.87790	-0.39378	8.77900
0.00000	0.00000	0.00000	1.00000

boidNo = 16
boid Wall No = 0
position = = (4.8, -4.8, -7.4)
Boid Radius= 10
Boid Frame=
 -0.85266	0.48070	-0.20470	4.80696
-0.44947	-0.47514	0.75645	-4.75145
-0.26636	-0.73700	-0.62119	-7.37000
0.00000	0.00000	0.00000	1.00000

boidNo = 17
boid Wall No = 1
position = = (1.1, 1.9, -9.8)
Boid Radius= 10
Boid Frame=
 -0.72805	0.10784	-0.67699	1.07839
-0.65392	0.18715	0.73305	1.87153
-0.20575	-0.97639	0.06574	-9.76394
0.00000	0.00000	0.00000	1.00000

boidNo = 18
boid Wall No = 0
position = = (-4.5, -7.5, 4.9)
Boid Radius= 10
Boid Frame=
 0.80075	-0.45265	-0.39232	-4.52651
-0.09989	-0.74668	0.65764	-7.46683
0.59062	0.48741	0.64312	4.87414
0.00000	0.00000	0.00000	1.00000

boidNo = 19
boid Wall No = 1
position = = (1.8, 2.8, -9.4)
Boid Radius= 10
Boid Frame=
 -0.74863	0.17600	-0.63920	1.76001
-0.58395	0.28150	0.76142	2.81496
-0.31394	-0.94328	0.10796	-9.43284
0.00000	0.00000	0.00000	1.00000

