Iteration Num of Simuation:0
m_SimulationDeltaT of action plan:0
boidNo = 0
boid Wall No = 0
position = = (5.7, -8.0, 1.8)
Boid Radius= 10
Boid Frame=
 0.28865	0.57304	0.76701	5.73042
-0.00371	-0.80043	0.59941	-8.00434
-0.95743	0.17586	0.22892	1.75863
0.00000	0.00000	0.00000	1.00000

boidNo = 1
boid Wall No = 1
position = = (-0.9, 6.2, 7.8)
Boid Radius= 10
Boid Frame=
 0.78193	-0.08689	0.61729	-0.86887
-0.44300	0.61922	0.64831	6.19224
0.43857	0.78039	-0.44570	7.80393
0.00000	0.00000	0.00000	1.00000

boidNo = 2
boid Wall No = 0
position = = (2.8, -9.3, 2.5)
Boid Radius= 10
Boid Frame=
 0.80459	0.28121	0.52302	2.81209
0.08791	-0.92746	0.36343	-9.27464
-0.58728	0.24644	0.77095	2.46439
0.00000	0.00000	0.00000	1.00000

boidNo = 3
boid Wall No = 0
position = = (-3.1, -3.2, -8.9)
Boid Radius= 10
Boid Frame=
 -0.03447	-0.31351	-0.94896	-3.13514
-0.93654	-0.32132	0.14017	-3.21322
0.34887	-0.89357	0.28254	-8.93567
0.00000	0.00000	0.00000	1.00000

boidNo = 4
boid Wall No = 1
position = = (-2.9, 4.8, -8.3)
Boid Radius= 10
Boid Frame=
 -0.86833	-0.28578	-0.40539	-2.85781
-0.49590	0.48425	0.72082	4.84255
0.00969	-0.82694	0.56221	-8.26938
0.00000	0.00000	0.00000	1.00000

boidNo = 5
boid Wall No = 1
position = = (3.9, 1.4, 9.1)
Boid Radius= 10
Boid Frame=
 0.24336	0.38760	0.88913	3.87600
-0.96891	0.13940	0.20442	1.39401
0.04471	0.91123	-0.40947	9.11226
0.00000	0.00000	0.00000	1.00000

boidNo = 6
boid Wall No = 1
position = = (3.2, 8.8, 3.4)
Boid Radius= 10
Boid Frame=
 0.86602	0.32337	-0.38137	3.23369
-0.13015	0.88221	0.45250	8.82214
-0.48277	0.34224	-0.80610	3.42243
0.00000	0.00000	0.00000	1.00000

boidNo = 7
boid Wall No = 1
position = = (8.7, 4.3, 2.3)
Boid Radius= 10
Boid Frame=
 0.45850	0.87098	-0.17656	8.70977
-0.54495	0.43249	0.71832	4.32492
-0.70200	0.23313	-0.67294	2.33132
0.00000	0.00000	0.00000	1.00000

boidNo = 8
boid Wall No = 1
position = = (-0.3, 10.0, 0.7)
Boid Radius= 10
Boid Frame=
 0.34540	-0.02616	0.93809	-0.26162
-0.05220	0.99753	0.04704	9.97528
0.93700	0.06522	-0.34318	0.65216
0.00000	0.00000	0.00000	1.00000

boidNo = 9
boid Wall No = 1
position = = (-7.3, 6.8, 0.3)
Boid Radius= 10
Boid Frame=
 -0.30945	-0.73378	0.60482	-7.33782
-0.37491	0.67866	0.63156	6.78663
0.87389	0.03132	0.48511	0.31317
0.00000	0.00000	0.00000	1.00000

boidNo = 10
boid Wall No = 1
position = = (-4.0, 8.4, -3.6)
Boid Radius= 10
Boid Frame=
 -0.81322	-0.40247	0.42035	-4.02468
-0.14673	0.84076	0.52114	8.40764
0.56315	-0.36213	0.74278	-3.62127
0.00000	0.00000	0.00000	1.00000

boidNo = 11
boid Wall No = 1
position = = (2.9, 9.6, 0.6)
Boid Radius= 10
Boid Frame=
 0.34593	0.28524	-0.89385	2.85236
-0.04034	0.95631	0.28956	9.56311
-0.93739	0.06411	-0.34232	0.64110
0.00000	0.00000	0.00000	1.00000

boidNo = 12
boid Wall No = 1
position = = (0.2, 8.6, -5.1)
Boid Radius= 10
Boid Frame=
 -0.97415	0.02430	-0.22458	0.24302
-0.09418	0.85998	0.50157	8.59976
-0.20532	-0.50975	0.83546	-5.09755
0.00000	0.00000	0.00000	1.00000

boidNo = 13
boid Wall No = 1
position = = (0.9, 7.7, -6.4)
Boid Radius= 10
Boid Frame=
 -0.79690	0.08553	-0.59802	0.85535
-0.33046	0.76696	0.55006	7.66959
-0.50571	-0.63597	0.58292	-6.35969
0.00000	0.00000	0.00000	1.00000

boidNo = 14
boid Wall No = 1
position = = (6.6, 6.5, 3.7)
Boid Radius= 10
Boid Frame=
 0.71549	0.66263	-0.22136	6.62628
-0.40319	0.65041	0.64374	6.50408
-0.57054	0.37134	-0.73252	3.71340
0.00000	0.00000	0.00000	1.00000

boidNo = 15
boid Wall No = 1
position = = (2.6, 6.6, -7.1)
Boid Radius= 9.999999
Boid Frame=
 -0.70545	0.26415	-0.65770	2.64153
-0.36771	0.65689	0.65824	6.56894
-0.60591	-0.70620	0.36627	-7.06197
0.00000	0.00000	0.00000	1.00000

boidNo = 16
boid Wall No = 1
position = = (-3.4, 1.6, -9.3)
Boid Radius= 10
Boid Frame=
 -0.74815	-0.33724	-0.57144	-3.37244
-0.64288	0.15523	0.75007	1.55232
0.16425	-0.92853	0.33294	-9.28531
0.00000	0.00000	0.00000	1.00000

boidNo = 17
boid Wall No = 1
position = = (-2.6, 2.1, -9.4)
Boid Radius= 10
Boid Frame=
 -0.79239	-0.26003	-0.55182	-2.60032
-0.60385	0.20609	0.76999	2.06091
0.08650	-0.94335	0.32033	-9.43350
0.00000	0.00000	0.00000	1.00000

boidNo = 18
boid Wall No = 1
position = = (2.4, 2.3, 9.4)
Boid Radius= 10
Boid Frame=
 0.66331	0.23740	0.70969	2.37402
-0.74824	0.22641	0.62360	2.26412
0.01264	0.94466	-0.32781	9.44658
0.00000	0.00000	0.00000	1.00000

boidNo = 19
boid Wall No = 0
position = = (-6.7, -6.9, 2.6)
Boid Radius= 10
Boid Frame=
 0.50644	-0.67243	-0.53978	-6.72427
-0.17783	-0.69398	0.69768	-6.93984
0.84374	0.25735	0.47104	2.57349
0.00000	0.00000	0.00000	1.00000

