Iteration Num of Simuation:0
m_SimulationDeltaT of action plan:0
boidNo = 0
boid Wall No = 1
position = = (6.2, 7.8, 0.0)
Boid Radius= 9.999999
Boid Frame=
 0.30469	0.62155	-0.72169	6.21546
-0.24349	0.78338	0.57187	7.83377
-0.92080	-0.00148	-0.39003	-0.01482
0.00000	0.00000	0.00000	1.00000

boidNo = 1
boid Wall No = 1
position = = (3.1, 8.3, -4.6)
Boid Radius= 10
Boid Frame=
 -0.61566	0.30945	-0.72471	3.09451
-0.18912	0.83477	0.51710	8.34769
-0.76498	-0.45541	0.45541	-4.55413
0.00000	0.00000	0.00000	1.00000

boidNo = 2
boid Wall No = 0
position = = (0.4, -9.9, -1.4)
Boid Radius= 9.999999
Boid Frame=
 -0.97364	0.04214	0.22415	0.42136
-0.00861	-0.98888	0.14848	-9.88878
-0.22792	-0.14263	-0.96318	-1.42632
0.00000	0.00000	0.00000	1.00000

boidNo = 3
boid Wall No = 0
position = = (-3.4, -9.4, -0.8)
Boid Radius= 10
Boid Frame=
 -0.43719	-0.33636	-0.83410	-3.36364
0.07816	-0.93813	0.33735	-9.38130
0.89597	-0.08229	-0.43643	-0.82287
0.00000	0.00000	0.00000	1.00000

boidNo = 4
boid Wall No = 0
position = = (3.9, -8.4, 3.9)
Boid Radius= 10
Boid Frame=
 0.61583	0.38813	0.68565	3.88127
-0.07855	-0.83566	0.54360	-8.35663
-0.78395	0.38862	0.48414	3.88618
0.00000	0.00000	0.00000	1.00000

boidNo = 5
boid Wall No = 0
position = = (1.6, -9.3, 3.4)
Boid Radius= 10
Boid Frame=
 0.98464	0.16116	0.06714	1.61160
0.12727	-0.92583	0.35587	-9.25828
-0.11951	0.34186	0.93212	3.41863
0.00000	0.00000	0.00000	1.00000

boidNo = 6
boid Wall No = 0
position = = (3.8, -8.9, -2.4)
Boid Radius= 10
Boid Frame=
 -0.67809	0.37742	0.63067	3.77418
-0.08700	-0.89327	0.44102	-8.93271
-0.72981	-0.24418	-0.63856	-2.44180
0.00000	0.00000	0.00000	1.00000

boidNo = 7
boid Wall No = 1
position = = (-8.4, 3.1, -4.5)
Boid Radius= 10
Boid Frame=
 -0.52079	-0.83927	-0.15620	-8.39272
-0.69265	0.30847	0.65198	3.08468
0.49901	-0.44774	0.74197	-4.47740
0.00000	0.00000	0.00000	1.00000

boidNo = 8
boid Wall No = 0
position = = (1.6, -9.9, 0.5)
Boid Radius= 10
Boid Frame=
 0.30894	0.16458	0.93673	1.64582
0.00645	-0.98525	0.17098	-9.85253
-0.95106	0.04678	0.30544	0.46781
0.00000	0.00000	0.00000	1.00000

boidNo = 9
boid Wall No = 0
position = = (-3.1, -0.6, -9.5)
Boid Radius= 10
Boid Frame=
 -0.47592	-0.31390	-0.82156	-3.13895
-0.85308	-0.06245	0.51804	-0.62448
0.21391	-0.94740	0.23806	-9.47402
0.00000	0.00000	0.00000	1.00000

boidNo = 10
boid Wall No = 0
position = = (-1.6, -4.6, -8.8)
Boid Radius= 10
Boid Frame=
 -0.82458	-0.15516	-0.54405	-1.55163
-0.42809	-0.45758	0.77933	-4.57582
0.36987	-0.87552	-0.31089	-8.75525
0.00000	0.00000	0.00000	1.00000

boidNo = 11
boid Wall No = 1
position = = (-1.6, 9.7, -1.7)
Boid Radius= 10
Boid Frame=
 -0.94965	-0.15570	0.27188	-1.55698
-0.09860	0.97220	0.21237	9.72203
0.29738	-0.17487	0.93861	-1.74872
0.00000	0.00000	0.00000	1.00000

boidNo = 12
boid Wall No = 1
position = = (1.5, 9.5, 2.9)
Boid Radius= 10
Boid Frame=
 0.83964	0.15254	0.52128	1.52536
-0.27786	0.94529	0.17095	9.45288
0.46669	0.28838	-0.83609	2.88380
0.00000	0.00000	0.00000	1.00000

boidNo = 13
boid Wall No = 0
position = = (-1.0, -9.8, -1.5)
Boid Radius= 10
Boid Frame=
 -0.69998	-0.10263	-0.70675	-1.02628
-0.03520	-0.98346	0.17767	-9.83461
0.71330	-0.14924	-0.68479	-1.49242
0.00000	0.00000	0.00000	1.00000

boidNo = 14
boid Wall No = 0
position = = (5.3, -3.1, 7.9)
Boid Radius= 10
Boid Frame=
 0.26936	0.53132	0.80321	5.31321
-0.81986	-0.31105	0.48070	-3.11049
-0.50524	0.78800	-0.35183	7.88002
0.00000	0.00000	0.00000	1.00000

boidNo = 15
boid Wall No = 1
position = = (0.5, 9.2, 3.8)
Boid Radius= 10
Boid Frame=
 0.91628	0.04655	0.39783	0.46545
-0.19130	0.92347	0.33256	9.23474
0.35191	0.38083	-0.85506	3.80828
0.00000	0.00000	0.00000	1.00000

boidNo = 16
boid Wall No = 0
position = = (9.3, -1.4, 3.3)
Boid Radius= 9.999999
Boid Frame=
 0.15547	0.93160	0.32855	9.31603
-0.67248	-0.14381	0.72601	-1.43813
-0.72360	0.33382	-0.60413	3.33817
0.00000	0.00000	0.00000	1.00000

boidNo = 17
boid Wall No = 1
position = = (4.9, 8.5, 2.1)
Boid Radius= 10
Boid Frame=
 0.81320	0.48547	-0.32096	4.85474
-0.35069	0.84889	0.39548	8.48891
-0.46445	0.20905	-0.86057	2.09045
0.00000	0.00000	0.00000	1.00000

boidNo = 18
boid Wall No = 1
position = = (8.2, 5.3, -2.3)
Boid Radius= 9.999999
Boid Frame=
 0.12112	0.81712	-0.56360	8.17118
-0.54228	0.53004	0.65192	5.30036
-0.83142	-0.22667	-0.50730	-2.26674
0.00000	0.00000	0.00000	1.00000

boidNo = 19
boid Wall No = 1
position = = (1.8, 9.8, -0.3)
Boid Radius= 10
Boid Frame=
 0.14402	0.18489	-0.97215	1.84895
-0.05943	0.98223	0.17801	9.82233
-0.98779	-0.03214	-0.15245	-0.32138
0.00000	0.00000	0.00000	1.00000

