Iteration Num of Simuation:0
m_SimulationDeltaT of action plan:0
boidNo = 0
boid Wall No = 1
position = = (7.4, 3.4, 5.8)
Boid Radius= 10
Boid Frame=
 0.65012	0.74105	0.16788	7.41051
-0.57882	0.33987	0.74125	3.39874
-0.49225	0.57908	-0.64989	5.79077
0.00000	0.00000	0.00000	1.00000

boidNo = 1
boid Wall No = 0
position = = (7.0, -0.9, -7.0)
Boid Radius= 10
Boid Frame=
 -0.56972	0.70448	-0.42323	7.04481
-0.66534	-0.09307	0.74072	-0.93066
-0.48243	-0.70359	-0.52174	-7.03595
0.00000	0.00000	0.00000	1.00000

boidNo = 2
boid Wall No = 0
position = = (-8.9, -4.4, 0.9)
Boid Radius= 10
Boid Frame=
 0.30088	-0.89095	-0.34011	-8.90952
-0.42863	-0.44492	0.78633	-4.44924
0.85190	0.09081	0.51576	0.90811
0.00000	0.00000	0.00000	1.00000

boidNo = 3
boid Wall No = 1
position = = (5.2, 0.9, 8.5)
Boid Radius= 10
Boid Frame=
 0.68269	0.51600	0.51737	5.16000
-0.64524	0.09341	0.75825	0.93412
-0.34293	0.85148	-0.39671	8.51480
0.00000	0.00000	0.00000	1.00000

boidNo = 4
boid Wall No = 0
position = = (3.8, -2.6, 8.9)
Boid Radius= 10
Boid Frame=
 0.71833	0.38246	0.58115	3.82456
-0.51962	-0.26049	0.81372	-2.60490
-0.46259	0.88649	-0.01162	8.86494
0.00000	0.00000	0.00000	1.00000

boidNo = 5
boid Wall No = 1
position = = (-2.7, 9.1, -3.2)
Boid Radius= 10
Boid Frame=
 -0.81127	-0.26680	0.52025	-2.66802
-0.02998	0.90762	0.41871	9.07625
0.58391	-0.32409	0.74432	-3.24090
0.00000	0.00000	0.00000	1.00000

boidNo = 6
boid Wall No = 0
position = = (-8.1, -3.9, 4.4)
Boid Radius= 10
Boid Frame=
 0.55306	-0.81085	0.19145	-8.10846
-0.75523	-0.39090	0.52614	-3.90898
0.35178	0.43558	0.82857	4.35577
0.00000	0.00000	0.00000	1.00000

boidNo = 7
boid Wall No = 0
position = = (2.9, -9.5, -1.2)
Boid Radius= 10
Boid Frame=
 -0.36374	0.29010	0.88518	2.90096
0.00446	-0.94972	0.31308	-9.49716
-0.93149	-0.11783	-0.34416	-1.17826
0.00000	0.00000	0.00000	1.00000

boidNo = 8
boid Wall No = 0
position = = (-8.0, -6.0, 0.3)
Boid Radius= 10
Boid Frame=
 0.29714	-0.79770	-0.52477	-7.97698
-0.34793	-0.60227	0.71849	-6.02265
0.88919	0.03091	0.45650	0.30908
0.00000	0.00000	0.00000	1.00000

boidNo = 9
boid Wall No = 0
position = = (-1.2, -9.1, -3.9)
Boid Radius= 10
Boid Frame=
 -0.89861	-0.11541	-0.42330	-1.15407
-0.07182	-0.91308	0.40141	-9.13080
0.43283	-0.39111	-0.81221	-3.91110
0.00000	0.00000	0.00000	1.00000

boidNo = 10
boid Wall No = 0
position = = (-5.5, -6.8, -4.8)
Boid Radius= 10
Boid Frame=
 0.37717	-0.54786	-0.74672	-5.47856
-0.71605	-0.68385	0.14005	-6.83854
0.58738	-0.48187	0.65022	-4.81868
0.00000	0.00000	0.00000	1.00000

boidNo = 11
boid Wall No = 0
position = = (6.5, -3.0, 7.0)
Boid Radius= 10
Boid Frame=
 0.51628	0.64639	0.56181	6.46388
-0.50716	-0.29785	0.80875	-2.97855
-0.69010	0.70247	-0.17404	7.02471
0.00000	0.00000	0.00000	1.00000

boidNo = 12
boid Wall No = 0
position = = (-7.4, -6.0, 3.0)
Boid Radius= 10
Boid Frame=
 0.57093	-0.73609	-0.36360	-7.36095
-0.31263	-0.60443	0.73276	-6.04428
0.75914	0.30468	0.57521	3.04683
0.00000	0.00000	0.00000	1.00000

boidNo = 13
boid Wall No = 0
position = = (9.5, -1.1, -2.8)
Boid Radius= 10
Boid Frame=
 -0.20714	0.95230	-0.22408	9.52305
-0.92026	-0.11194	0.37496	-1.11940
-0.33200	-0.28388	-0.89955	-2.83876
0.00000	0.00000	0.00000	1.00000

boidNo = 14
boid Wall No = 0
position = = (3.2, -9.4, 1.1)
Boid Radius= 9.999999
Boid Frame=
 0.44489	0.32125	0.83599	3.21247
0.05079	-0.94100	0.33457	-9.41001
-0.89414	0.10639	0.43496	1.06386
0.00000	0.00000	0.00000	1.00000

boidNo = 15
boid Wall No = 1
position = = (-5.4, 7.1, -4.5)
Boid Radius= 10
Boid Frame=
 -0.84078	-0.53575	-0.07785	-5.35755
-0.50011	0.71354	0.49067	7.13538
0.20732	-0.45148	0.86786	-4.51476
0.00000	0.00000	0.00000	1.00000

boidNo = 16
boid Wall No = 1
position = = (-5.7, 2.5, 7.8)
Boid Radius= 10
Boid Frame=
 0.53734	-0.57013	0.62146	-5.70135
-0.60614	0.25127	0.75462	2.51273
0.58639	0.78218	0.21056	7.82182
0.00000	0.00000	0.00000	1.00000

boidNo = 17
boid Wall No = 0
position = = (3.5, -9.4, 0.4)
Boid Radius= 10
Boid Frame=
 0.02234	0.34753	0.93740	3.47531
-0.03382	-0.93684	0.34813	-9.36837
-0.99918	0.03948	0.00918	0.39480
0.00000	0.00000	0.00000	1.00000

boidNo = 18
boid Wall No = 0
position = = (1.6, -9.4, -3.1)
Boid Radius= 10
Boid Frame=
 -0.67296	0.16481	0.72108	1.64805
0.12024	-0.93752	0.32649	-9.37521
-0.72984	-0.30642	-0.61110	-3.06419
0.00000	0.00000	0.00000	1.00000

boidNo = 19
boid Wall No = 1
position = = (6.6, 7.1, 2.7)
Boid Radius= 10
Boid Frame=
 0.62705	0.65663	-0.41910	6.56629
-0.31526	0.70590	0.63429	7.05899
-0.71233	0.26560	-0.64964	2.65604
0.00000	0.00000	0.00000	1.00000

