Iteration Num of Simuation:0
m_SimulationDeltaT of action plan:0
boidNo = 0
boid Wall No = 0
position = = (0.9, -5.6, 8.2)
Boid Radius= 10
Boid Frame=
 0.88998	0.08707	0.44760	0.87073
-0.32644	-0.56370	0.75873	-5.63705
-0.31838	0.82137	0.47326	8.21374
0.00000	0.00000	0.00000	1.00000

boidNo = 1
boid Wall No = 0
position = = (-2.3, -2.1, 9.5)
Boid Radius= 10
Boid Frame=
 0.84018	-0.22820	0.49196	-2.28205
-0.53622	-0.21406	0.81648	-2.14058
0.08102	0.94979	0.30222	9.49791
0.00000	0.00000	0.00000	1.00000

boidNo = 2
boid Wall No = 0
position = = (-2.2, -9.6, 1.4)
Boid Radius= 10
Boid Frame=
 0.46043	-0.22211	-0.85946	-2.22110
0.02713	-0.96422	0.26372	-9.64218
0.88728	0.14474	0.43793	1.44742
0.00000	0.00000	0.00000	1.00000

boidNo = 3
boid Wall No = 1
position = = (-9.0, 3.9, -1.9)
Boid Radius= 10
Boid Frame=
 -0.39528	-0.90082	0.17967	-9.00816
-0.56353	0.39228	0.72701	3.92284
0.72538	-0.18613	0.66270	-1.86128
0.00000	0.00000	0.00000	1.00000

boidNo = 4
boid Wall No = 1
position = = (1.2, 8.5, -5.2)
Boid Radius= 10
Boid Frame=
 -0.91221	0.12264	-0.39094	1.22644
-0.10884	0.84734	0.51978	8.47338
-0.39501	-0.51670	0.75960	-5.16698
0.00000	0.00000	0.00000	1.00000

boidNo = 5
boid Wall No = 0
position = = (-6.7, -7.4, -0.7)
Boid Radius= 10
Boid Frame=
 0.02398	-0.67301	-0.73924	-6.73014
-0.12282	-0.73584	0.66593	-7.35836
0.99214	-0.07482	0.10031	-0.74822
0.00000	0.00000	0.00000	1.00000

boidNo = 6
boid Wall No = 0
position = = (-2.4, -9.6, 1.7)
Boid Radius= 10
Boid Frame=
 0.50058	-0.24102	-0.83146	-2.41025
0.02494	-0.95605	0.29215	-9.56046
0.86533	0.16698	0.47257	1.66981
0.00000	0.00000	0.00000	1.00000

boidNo = 7
boid Wall No = 1
position = = (3.6, 4.7, 8.0)
Boid Radius= 10
Boid Frame=
 0.78487	0.36113	0.50356	3.61131
-0.61954	0.47340	0.62614	4.73402
0.01226	0.80341	-0.59529	8.03415
0.00000	0.00000	0.00000	1.00000

boidNo = 8
boid Wall No = 1
position = = (1.5, 7.6, 6.3)
Boid Radius= 10
Boid Frame=
 0.96635	0.14771	0.21061	1.47707
-0.24696	0.76182	0.59887	7.61817
0.07199	0.63073	-0.77266	6.30728
0.00000	0.00000	0.00000	1.00000

boidNo = 9
boid Wall No = 1
position = = (8.9, 4.2, -1.6)
Boid Radius= 9.999999
Boid Frame=
 0.11806	0.89492	-0.43034	8.94915
-0.55995	0.41789	0.71542	4.17892
-0.82007	-0.15650	-0.55044	-1.56502
0.00000	0.00000	0.00000	1.00000

boidNo = 10
boid Wall No = 1
position = = (-0.3, 7.7, 6.3)
Boid Radius= 9.999999
Boid Frame=
 0.93027	-0.02632	0.36592	-0.26320
-0.21284	0.77369	0.59674	7.73693
0.29882	0.63301	-0.71414	6.33014
0.00000	0.00000	0.00000	1.00000

boidNo = 11
boid Wall No = 1
position = = (9.4, 0.1, -3.5)
Boid Radius= 10
Boid Frame=
 -0.23175	0.93754	-0.25943	9.37545
-0.72085	0.01357	0.69296	0.13567
-0.65320	-0.34760	-0.67268	-3.47600
0.00000	0.00000	0.00000	1.00000

boidNo = 12
boid Wall No = 1
position = = (7.1, 3.4, -6.2)
Boid Radius= 10
Boid Frame=
 -0.34183	0.70759	-0.61844	7.07590
-0.60296	0.33963	0.72187	3.39629
-0.72082	-0.61965	-0.31055	-6.19653
0.00000	0.00000	0.00000	1.00000

boidNo = 13
boid Wall No = 0
position = = (-1.8, -9.7, 1.7)
Boid Radius= 10
Boid Frame=
 0.80567	-0.18371	-0.56315	-1.83714
-0.05064	-0.96857	0.24352	-9.68572
0.59019	0.16768	0.78965	1.67681
0.00000	0.00000	0.00000	1.00000

boidNo = 14
boid Wall No = 1
position = = (-8.2, 1.3, -5.6)
Boid Radius= 10
Boid Frame=
 -0.50240	-0.81940	-0.27599	-8.19405
-0.63504	0.13307	0.76093	1.33068
0.58679	-0.55756	0.58721	-5.57556
0.00000	0.00000	0.00000	1.00000

boidNo = 15
boid Wall No = 0
position = = (0.2, -9.3, -3.6)
Boid Radius= 10
Boid Frame=
 -0.96575	0.01990	0.25871	0.19898
0.07514	-0.93289	0.35224	-9.32890
-0.24836	-0.35961	-0.89944	-3.59611
0.00000	0.00000	0.00000	1.00000

boidNo = 16
boid Wall No = 1
position = = (8.1, 0.5, -5.8)
Boid Radius= 10
Boid Frame=
 -0.37941	0.81269	-0.44225	8.12686
-0.70572	0.05491	0.70636	0.54914
-0.59833	-0.58011	-0.55269	-5.80109
0.00000	0.00000	0.00000	1.00000

boidNo = 17
boid Wall No = 1
position = = (-0.4, 9.7, 2.4)
Boid Radius= 10
Boid Frame=
 0.97520	-0.04203	0.21731	-0.42030
-0.01312	0.96910	0.24631	9.69103
0.22095	0.24305	-0.94452	2.43049
0.00000	0.00000	0.00000	1.00000

boidNo = 18
boid Wall No = 0
position = = (0.2, -10.0, -0.5)
Boid Radius= 10
Boid Frame=
 -0.96361	0.02136	0.26646	0.21360
-0.00690	-0.99846	0.05510	-9.98457
-0.26723	-0.05125	-0.96227	-0.51255
0.00000	0.00000	0.00000	1.00000

boidNo = 19
boid Wall No = 0
position = = (0.5, -9.9, -1.3)
Boid Radius= 10
Boid Frame=
 -0.96509	0.04988	0.25713	0.49880
-0.01462	-0.99043	0.13725	-9.90428
-0.26152	-0.12870	-0.95658	-1.28702
0.00000	0.00000	0.00000	1.00000

