Iteration Num of Simuation:0
m_SimulationDeltaT of action plan:0
boidNo = 0
boid Wall No = 0
position = = (-2.3, -6.8, -7.0)
Boid Radius= 10
Boid Frame=
 -0.52446	-0.23241	-0.81910	-2.32406
-0.51452	-0.68000	0.52238	-6.79998
0.67839	-0.69541	-0.23705	-6.95407
0.00000	0.00000	0.00000	1.00000

boidNo = 1
boid Wall No = 0
position = = (7.9, -0.1, 6.2)
Boid Radius= 10
Boid Frame=
 0.39286	0.78588	0.47755	7.85879
-0.76742	-0.00596	0.64112	-0.05956
-0.50669	0.61835	-0.60076	6.18352
0.00000	0.00000	0.00000	1.00000

boidNo = 2
boid Wall No = 1
position = = (-2.1, 9.5, 2.4)
Boid Radius= 10
Boid Frame=
 0.82441	-0.20773	0.52650	-2.07733
0.03957	0.94909	0.31250	9.49092
0.56461	0.23680	-0.79066	2.36795
0.00000	0.00000	0.00000	1.00000

boidNo = 3
boid Wall No = 0
position = = (0.0, -10.0, -0.1)
Boid Radius= 10
Boid Frame=
 -0.71409	-0.00468	-0.70003	-0.04682
-0.00437	-0.99993	0.01115	-9.99928
0.70004	-0.01102	-0.71402	-0.11021
0.00000	0.00000	0.00000	1.00000

boidNo = 4
boid Wall No = 1
position = = (0.0, 9.2, -4.0)
Boid Radius= 10
Boid Frame=
 -0.99994	-0.00073	-0.01129	-0.00730
-0.00514	0.91828	0.39589	9.18282
-0.01008	-0.39593	0.91823	-3.95927
0.00000	0.00000	0.00000	1.00000

boidNo = 5
boid Wall No = 0
position = = (1.2, -9.8, 1.3)
Boid Radius= 10
Boid Frame=
 0.98649	0.11746	0.11422	1.17463
0.10080	-0.98471	0.14211	-9.84706
-0.12916	0.12867	0.98324	1.28674
0.00000	0.00000	0.00000	1.00000

boidNo = 6
boid Wall No = 1
position = = (-0.8, 2.0, -9.8)
Boid Radius= 10
Boid Frame=
 -0.76273	-0.08148	-0.64157	-0.81479
-0.64319	0.19906	0.73938	1.99060
-0.06747	-0.97659	0.20424	-9.76594
0.00000	0.00000	0.00000	1.00000

boidNo = 7
boid Wall No = 1
position = = (-3.0, 9.3, 2.0)
Boid Radius= 10
Boid Frame=
 0.55562	-0.30454	0.77366	-3.04537
0.00695	0.93217	0.36194	9.32174
0.83141	0.19572	-0.52005	1.95725
0.00000	0.00000	0.00000	1.00000

boidNo = 8
boid Wall No = 1
position = = (-4.7, 7.4, 4.8)
Boid Radius= 10
Boid Frame=
 0.44496	-0.47031	0.76211	-4.70314
-0.27283	0.73936	0.61556	7.39357
0.85298	0.48183	-0.20067	4.81826
0.00000	0.00000	0.00000	1.00000

boidNo = 9
boid Wall No = 0
position = = (2.2, -7.5, 6.3)
Boid Radius= 10
Boid Frame=
 0.89950	0.21770	0.37882	2.17702
-0.09656	-0.74653	0.65830	-7.46534
-0.42612	0.62872	0.65048	6.28723
0.00000	0.00000	0.00000	1.00000

boidNo = 10
boid Wall No = 1
position = = (-2.6, 9.5, -1.6)
Boid Radius= 10
Boid Frame=
 -0.36860	-0.25818	0.89302	-2.58178
0.05145	0.95352	0.29691	9.53520
0.92816	-0.15538	0.33819	-1.55383
0.00000	0.00000	0.00000	1.00000

boidNo = 11
boid Wall No = 1
position = = (4.7, 3.4, 8.1)
Boid Radius= 10
Boid Frame=
 0.73800	0.46808	0.48607	4.68078
-0.65865	0.34300	0.66972	3.42999
-0.14676	0.81440	-0.56143	8.14404
0.00000	0.00000	0.00000	1.00000

boidNo = 12
boid Wall No = 0
position = = (1.9, -2.9, 9.4)
Boid Radius= 10
Boid Frame=
 0.53475	0.19404	0.82243	1.94039
-0.77016	-0.28855	0.56885	-2.88552
-0.34769	0.93760	0.00486	9.37596
0.00000	0.00000	0.00000	1.00000

boidNo = 13
boid Wall No = 1
position = = (-1.4, 0.9, 9.9)
Boid Radius= 10
Boid Frame=
 0.64165	-0.14007	0.75410	-1.40067
-0.75001	0.09118	0.65511	0.91180
0.16052	0.98593	0.04655	9.85935
0.00000	0.00000	0.00000	1.00000

boidNo = 14
boid Wall No = 0
position = = (-7.5, -5.7, -3.3)
Boid Radius= 10
Boid Frame=
 -0.07828	-0.75229	-0.65417	-7.52289
-0.42325	-0.56903	0.70503	-5.69031
0.90263	-0.33206	0.27386	-3.32062
0.00000	0.00000	0.00000	1.00000

