Iteration Num of Simuation:0
m_SimulationDeltaT of action plan:0
boidNo = 0
boid Wall No = 1
position = = (-3.3, 9.2, 2.1)
Boid Radius= 10
Boid Frame=
 0.54335	-0.33329	0.77051	-3.33285
0.00225	0.91839	0.39566	9.18393
0.83950	0.21325	-0.49976	2.13251
0.00000	0.00000	0.00000	1.00000

boidNo = 1
boid Wall No = 0
position = = (2.9, -9.5, 0.9)
Boid Radius= 10
Boid Frame=
 0.53876	0.28690	0.79210	2.86902
0.07867	-0.95325	0.29176	-9.53251
-0.83878	0.09487	0.53615	0.94871
0.00000	0.00000	0.00000	1.00000

boidNo = 2
boid Wall No = 0
position = = (-9.8, -1.7, -1.2)
Boid Radius= 10
Boid Frame=
 0.01859	-0.97856	-0.20514	-9.78557
-0.66120	-0.16594	0.73163	-1.65936
0.74998	-0.12203	0.65011	-1.22034
0.00000	0.00000	0.00000	1.00000

boidNo = 3
boid Wall No = 1
position = = (7.0, 3.5, 6.2)
Boid Radius= 10
Boid Frame=
 0.66152	0.70103	0.26636	7.01027
-0.64565	0.35172	0.67781	3.51724
-0.38148	0.62036	-0.68529	6.20363
0.00000	0.00000	0.00000	1.00000

boidNo = 4
boid Wall No = 0
position = = (8.7, -2.4, 4.3)
Boid Radius= 10
Boid Frame=
 0.17855	0.87059	0.45846	8.70593
-0.65828	-0.24062	0.71328	-2.40615
-0.73129	0.42915	-0.53013	4.29154
0.00000	0.00000	0.00000	1.00000

boidNo = 5
boid Wall No = 0
position = = (2.3, -6.3, 7.5)
Boid Radius= 10
Boid Frame=
 0.81750	0.22682	0.52938	2.26818
-0.29406	-0.62595	0.72230	-6.25950
-0.49519	0.74615	0.44502	7.46150
0.00000	0.00000	0.00000	1.00000

boidNo = 6
boid Wall No = 1
position = = (0.9, 9.9, 1.0)
Boid Radius= 10
Boid Frame=
 0.33767	0.09024	-0.93693	0.90243
0.06256	0.99104	0.11800	9.91041
-0.93918	0.09846	-0.32900	0.98457
0.00000	0.00000	0.00000	1.00000

boidNo = 7
boid Wall No = 0
position = = (-0.7, -9.9, -0.8)
Boid Radius= 10
Boid Frame=
 -0.99041	-0.06819	-0.12019	-0.68186
0.05772	-0.99440	0.08855	-9.94399
0.12556	-0.08076	-0.98879	-0.80759
0.00000	0.00000	0.00000	1.00000

boidNo = 8
boid Wall No = 1
position = = (1.7, 9.2, -3.6)
Boid Radius= 10
Boid Frame=
 -0.86396	0.17233	-0.47316	1.72328
-0.03456	0.91711	0.39713	9.17112
-0.50238	-0.35946	0.78639	-3.59457
0.00000	0.00000	0.00000	1.00000

boidNo = 9
boid Wall No = 1
position = = (0.6, 6.4, -7.7)
Boid Radius= 10
Boid Frame=
 -0.83552	0.05926	-0.54626	0.59255
-0.38983	0.63670	0.66532	6.36697
-0.38723	-0.76883	0.50887	-7.68834
0.00000	0.00000	0.00000	1.00000

boidNo = 10
boid Wall No = 1
position = = (-1.5, 4.0, -9.0)
Boid Radius= 10
Boid Frame=
 -0.79063	-0.14539	-0.59479	-1.45389
-0.59628	0.40359	0.69395	4.03586
-0.13915	-0.90332	0.40578	-9.03316
0.00000	0.00000	0.00000	1.00000

boidNo = 11
boid Wall No = 1
position = = (-7.8, 4.8, 4.0)
Boid Radius= 10
Boid Frame=
 0.06307	-0.78017	0.62237	-7.80175
-0.57414	0.48172	0.66205	4.81724
0.81632	0.39909	0.41755	3.99086
0.00000	0.00000	0.00000	1.00000

boidNo = 12
boid Wall No = 1
position = = (7.7, 5.9, -2.6)
Boid Radius= 10
Boid Frame=
 0.07513	0.76544	-0.63911	7.65439
-0.48661	0.58757	0.64651	5.87570
-0.87039	-0.26242	-0.41661	-2.62422
0.00000	0.00000	0.00000	1.00000

boidNo = 13
boid Wall No = 0
position = = (-3.5, -3.5, -8.7)
Boid Radius= 10
Boid Frame=
 -0.60782	-0.34646	-0.71451	-3.46465
-0.62341	-0.34913	0.69962	-3.49128
0.49185	-0.87067	0.00379	-8.70674
0.00000	0.00000	0.00000	1.00000

boidNo = 14
boid Wall No = 1
position = = (-2.3, 4.9, -8.4)
Boid Radius= 10
Boid Frame=
 -0.84803	-0.22828	-0.47825	-2.28279
-0.52494	0.48557	0.69904	4.85575
-0.07265	-0.84386	0.53162	-8.43864
0.00000	0.00000	0.00000	1.00000

