Iteration Num of Simuation:0
m_SimulationDeltaT of action plan:0
boidNo = 0
boid Wall No = 0
position = = (2.5, -9.6, -1.1)
Boid Radius= 10
Boid Frame=
 0.15705	0.25408	0.95435	2.54084
0.15798	-0.96036	0.22969	-9.60357
-0.97487	-0.11470	0.19096	-1.14696
0.00000	0.00000	0.00000	1.00000

boidNo = 1
boid Wall No = 0
position = = (-3.5, -1.0, 9.3)
Boid Radius= 10
Boid Frame=
 0.74556	-0.35441	0.56439	-3.54407
-0.62944	-0.09622	0.77107	-0.96222
0.21897	0.93013	0.29482	9.30127
0.00000	0.00000	0.00000	1.00000

boidNo = 2
boid Wall No = 0
position = = (-9.1, -3.6, -2.0)
Boid Radius= 10
Boid Frame=
 0.06858	-0.91149	-0.40557	-9.11489
-0.60706	-0.36073	0.70807	-3.60727
0.79169	-0.19764	0.57806	-1.97645
0.00000	0.00000	0.00000	1.00000

boidNo = 3
boid Wall No = 0
position = = (8.9, -2.1, -4.0)
Boid Radius= 10
Boid Frame=
 -0.44000	0.89247	-0.09947	8.92471
-0.60007	-0.20981	0.77194	-2.09809
-0.66807	-0.39935	-0.62786	-3.99345
0.00000	0.00000	0.00000	1.00000

boidNo = 4
boid Wall No = 1
position = = (-3.6, 1.8, 9.1)
Boid Radius= 10
Boid Frame=
 0.64471	-0.36326	0.67260	-3.63260
-0.65869	0.18249	0.72995	1.82491
0.38790	0.91364	0.12162	9.13641
0.00000	0.00000	0.00000	1.00000

boidNo = 5
boid Wall No = 0
position = = (0.6, -10.0, -0.8)
Boid Radius= 10
Boid Frame=
 -0.84586	0.05578	0.53049	0.55784
-0.00657	-0.99553	0.09421	-9.95531
-0.53337	-0.07620	-0.84244	-0.76203
0.00000	0.00000	0.00000	1.00000

boidNo = 6
boid Wall No = 1
position = = (-0.6, 4.1, -9.1)
Boid Radius= 9.999999
Boid Frame=
 -0.75890	-0.06413	-0.64804	-0.64131
-0.61229	0.40913	0.67654	4.09134
-0.22175	-0.91022	0.34976	-9.10218
0.00000	0.00000	0.00000	1.00000

boidNo = 7
boid Wall No = 0
position = = (3.1, -6.3, 7.1)
Boid Radius= 10
Boid Frame=
 0.76885	0.30681	0.56102	3.06806
-0.27740	-0.63048	0.72495	-6.30475
-0.57613	0.71300	0.39963	7.13002
0.00000	0.00000	0.00000	1.00000

boidNo = 8
boid Wall No = 0
position = = (-3.7, -1.9, -9.1)
Boid Radius= 10
Boid Frame=
 -0.58583	-0.37246	-0.71977	-3.72461
-0.70943	-0.19370	0.67764	-1.93698
0.39181	-0.90761	0.15076	-9.07609
0.00000	0.00000	0.00000	1.00000

boidNo = 9
boid Wall No = 0
position = = (4.2, -1.9, -8.9)
Boid Radius= 10
Boid Frame=
 -0.74092	0.42165	-0.52274	4.21652
-0.63535	-0.18780	0.74904	-1.87805
-0.21766	-0.88710	-0.40704	-8.87096
0.00000	0.00000	0.00000	1.00000

boidNo = 10
boid Wall No = 0
position = = (0.1, -9.9, -1.7)
Boid Radius= 10
Boid Frame=
 -0.14305	0.01097	0.98965	0.10968
0.16645	-0.98543	0.03498	-9.85429
-0.97562	-0.16974	-0.13914	-1.69735
0.00000	0.00000	0.00000	1.00000

boidNo = 11
boid Wall No = 0
position = = (-2.5, -0.9, 9.6)
Boid Radius= 10
Boid Frame=
 0.76053	-0.24778	0.60017	-2.47777
-0.63464	-0.08836	0.76774	-0.88359
0.13720	0.96478	0.22445	9.64779
0.00000	0.00000	0.00000	1.00000

boidNo = 12
boid Wall No = 0
position = = (2.9, -8.6, -4.2)
Boid Radius= 10
Boid Frame=
 -0.69972	0.29284	0.65164	2.92841
0.10533	-0.85988	0.49952	-8.59876
-0.70661	-0.41816	-0.57083	-4.18161
0.00000	0.00000	0.00000	1.00000

boidNo = 13
boid Wall No = 0
position = = (-8.2, -3.6, 4.5)
Boid Radius= 10
Boid Frame=
 0.57002	-0.82126	0.02469	-8.21259
-0.54514	-0.35554	0.75922	-3.55541
0.61474	0.44623	0.65036	4.46234
0.00000	0.00000	0.00000	1.00000

boidNo = 14
boid Wall No = 0
position = = (8.4, -2.8, -4.6)
Boid Radius= 10
Boid Frame=
 -0.50674	0.84174	-0.18626	8.41736
-0.70928	-0.28426	0.64508	-2.84257
-0.49004	-0.45900	-0.74107	-4.58997
0.00000	0.00000	0.00000	1.00000

