Iteration Num of Simuation:0
m_SimulationDeltaT of action plan:0
boidNo = 0
boid Wall No = 0
position = = (0.2, -0.3, -10.0)
Boid Radius= 10
Boid Frame=
 -0.75021	0.01957	-0.66091	0.19568
-0.66116	-0.03202	0.74956	-0.32018
0.00649	-0.99930	-0.03696	-9.99296
0.00000	0.00000	0.00000	1.00000

boidNo = 1
boid Wall No = 1
position = = (3.0, 9.5, 0.2)
Boid Radius= 10
Boid Frame=
 0.17663	0.29955	-0.93759	2.99551
-0.03032	0.95377	0.29901	9.53768
-0.98381	0.02439	-0.17755	0.24389
0.00000	0.00000	0.00000	1.00000

boidNo = 2
boid Wall No = 1
position = = (-0.3, 4.0, 9.2)
Boid Radius= 10
Boid Frame=
 0.79204	-0.02637	0.60990	-0.26370
-0.55013	0.40223	0.73182	4.02234
0.26462	0.91516	-0.30408	9.15157
0.00000	0.00000	0.00000	1.00000

boidNo = 3
boid Wall No = 0
position = = (-7.9, -0.3, -6.2)
Boid Radius= 10
Boid Frame=
 -0.49528	-0.78686	-0.36817	-7.86858
-0.56441	-0.03072	0.82492	-0.30721
0.66041	-0.61637	0.42890	-6.16369
0.00000	0.00000	0.00000	1.00000

boidNo = 4
boid Wall No = 1
position = = (0.7, 10.0, -0.1)
Boid Radius= 10
Boid Frame=
 -0.58846	0.06869	-0.80561	0.68687
0.03235	0.99759	0.06143	9.97587
-0.80788	-0.01009	0.58926	-0.10089
0.00000	0.00000	0.00000	1.00000

boidNo = 5
boid Wall No = 0
position = = (5.5, -8.1, -2.1)
Boid Radius= 10
Boid Frame=
 -0.36132	0.54720	0.75500	5.47196
-0.00141	-0.81002	0.58640	-8.10020
-0.93244	-0.21082	-0.29345	-2.10817
0.00000	0.00000	0.00000	1.00000

boidNo = 6
boid Wall No = 1
position = = (6.1, 4.7, 6.3)
Boid Radius= 10
Boid Frame=
 0.77986	0.61284	0.12747	6.12838
-0.49045	0.47171	0.73277	4.71709
-0.38894	0.63397	-0.66843	6.33972
0.00000	0.00000	0.00000	1.00000

boidNo = 7
boid Wall No = 1
position = = (0.6, 10.0, -0.3)
Boid Radius= 9.999999
Boid Frame=
 -0.44002	0.05925	-0.89603	0.59254
-0.00431	0.99767	0.06809	9.97670
-0.89798	-0.03382	0.43874	-0.33823
0.00000	0.00000	0.00000	1.00000

boidNo = 8
boid Wall No = 1
position = = (4.7, 2.2, 8.6)
Boid Radius= 10
Boid Frame=
 0.75704	0.46718	0.45676	4.67182
-0.60025	0.22120	0.76862	2.21204
-0.25805	0.85604	-0.44789	8.56043
0.00000	0.00000	0.00000	1.00000

boidNo = 9
boid Wall No = 1
position = = (1.6, 4.2, 9.0)
Boid Radius= 10
Boid Frame=
 0.77879	0.15541	0.60773	1.55411
-0.60957	0.41618	0.67471	4.16176
0.14807	0.89590	-0.41885	8.95904
0.00000	0.00000	0.00000	1.00000

boidNo = 10
boid Wall No = 1
position = = (9.0, 1.7, -4.0)
Boid Radius= 10
Boid Frame=
 -0.21294	0.89898	-0.38275	8.98977
-0.63072	0.17271	0.75655	1.72708
-0.74622	-0.40251	-0.53022	-4.02508
0.00000	0.00000	0.00000	1.00000

boidNo = 11
boid Wall No = 1
position = = (-6.6, 5.3, 5.3)
Boid Radius= 9.999999
Boid Frame=
 0.19178	-0.65719	0.72892	-6.57193
-0.56427	0.53384	0.62977	5.33839
0.80301	0.53208	0.26845	5.32084
0.00000	0.00000	0.00000	1.00000

boidNo = 12
boid Wall No = 0
position = = (-6.2, -4.6, -6.4)
Boid Radius= 10
Boid Frame=
 -0.29155	-0.61800	-0.73012	-6.18002
-0.62203	-0.45737	0.63553	-4.57369
0.72669	-0.63944	0.25107	-6.39443
0.00000	0.00000	0.00000	1.00000

boidNo = 13
boid Wall No = 0
position = = (5.2, -8.5, -0.9)
Boid Radius= 10
Boid Frame=
 -0.13741	0.52324	0.84103	5.23241
0.01571	-0.84783	0.53004	-8.47830
-0.99039	-0.08604	-0.10828	-0.86045
0.00000	0.00000	0.00000	1.00000

boidNo = 14
boid Wall No = 1
position = = (2.2, 9.7, -1.4)
Boid Radius= 10
Boid Frame=
 -0.52210	0.21903	-0.82428	2.19028
-0.00568	0.96555	0.26016	9.65548
-0.85287	-0.14052	0.50286	-1.40516
0.00000	0.00000	0.00000	1.00000

boidNo = 15
boid Wall No = 0
position = = (4.3, -5.1, 7.5)
Boid Radius= 10
Boid Frame=
 0.46839	0.42937	0.77217	4.29374
-0.58119	-0.50852	0.63531	-5.08523
-0.66545	0.74635	-0.01136	7.46352
0.00000	0.00000	0.00000	1.00000

boidNo = 16
boid Wall No = 0
position = = (-5.1, -8.6, -0.3)
Boid Radius= 10
Boid Frame=
 -0.08837	-0.51239	-0.85419	-5.12393
0.01580	-0.85816	0.51314	-8.58160
0.99596	-0.03185	-0.08393	-0.31850
0.00000	0.00000	0.00000	1.00000

boidNo = 17
boid Wall No = 0
position = = (2.0, -9.8, 0.7)
Boid Radius= 10
Boid Frame=
 0.14882	0.19903	0.96863	1.99030
-0.03801	-0.97766	0.20673	-9.77661
-0.98813	0.06758	0.13793	0.67579
0.00000	0.00000	0.00000	1.00000

boidNo = 18
boid Wall No = 0
position = = (4.6, -7.8, -4.2)
Boid Radius= 10
Boid Frame=
 -0.80222	0.46378	0.37596	4.63777
-0.16607	-0.77822	0.60563	-7.78224
-0.57346	-0.42341	-0.70133	-4.23413
0.00000	0.00000	0.00000	1.00000

boidNo = 19
boid Wall No = 1
position = = (0.0, 6.5, 7.6)
Boid Radius= 10
Boid Frame=
 0.79376	-0.00204	0.60823	-0.02043
-0.46258	0.64727	0.60586	6.47273
0.39493	0.76226	-0.51284	7.62255
0.00000	0.00000	0.00000	1.00000

