Iteration Num of Simuation:0
m_SimulationDeltaT of action plan:0
boidNo = 0
boid Wall No = 1
position = = (7.3, 0.2, 6.8)
Boid Radius= 10
Boid Frame=
 0.48677	0.72963	0.48031	7.29630
-0.71386	0.01536	0.70012	0.15359
-0.50345	0.68367	-0.52833	6.83670
0.00000	0.00000	0.00000	1.00000

boidNo = 1
boid Wall No = 0
position = = (3.0, -9.3, -2.3)
Boid Radius= 10
Boid Frame=
 -0.69947	0.30471	0.64645	3.04709
-0.05642	-0.92527	0.37509	-9.25271
-0.71243	-0.22589	-0.66439	-2.25892
0.00000	0.00000	0.00000	1.00000

boidNo = 2
boid Wall No = 1
position = = (4.7, 0.1, -8.8)
Boid Radius= 10
Boid Frame=
 -0.49727	0.47326	-0.72715	4.73257
-0.82184	0.01164	0.56960	0.11643
-0.27803	-0.88085	-0.38315	-8.80848
0.00000	0.00000	0.00000	1.00000

boidNo = 3
boid Wall No = 0
position = = (-2.9, -9.5, 1.2)
Boid Radius= 10
Boid Frame=
 0.51482	-0.29305	-0.80566	-2.93045
-0.05387	-0.94896	0.31075	-9.48964
0.85561	0.11658	0.50433	1.16581
0.00000	0.00000	0.00000	1.00000

boidNo = 4
boid Wall No = 1
position = = (-0.6, 6.8, 7.3)
Boid Radius= 10
Boid Frame=
 0.81182	-0.06304	0.58049	-0.63036
-0.39092	0.67980	0.62053	6.79800
0.43373	0.73068	-0.52724	7.30684
0.00000	0.00000	0.00000	1.00000

boidNo = 5
boid Wall No = 1
position = = (-6.2, 2.2, 7.6)
Boid Radius= 10
Boid Frame=
 0.46574	-0.61809	0.63329	-6.18086
-0.67243	0.21803	0.70732	2.18028
0.57526	0.75527	0.31408	7.55271
0.00000	0.00000	0.00000	1.00000

boidNo = 6
boid Wall No = 0
position = = (-1.0, -6.2, 7.8)
Boid Radius= 10
Boid Frame=
 0.76758	-0.10309	0.63261	-1.03090
-0.54660	-0.62072	0.56207	-6.20724
-0.33473	0.77722	0.53280	7.77222
0.00000	0.00000	0.00000	1.00000

boidNo = 7
boid Wall No = 1
position = = (-1.3, 9.5, 2.6)
Boid Radius= 10
Boid Frame=
 0.40478	-0.13484	0.90442	-1.34841
-0.19061	0.95490	0.22768	9.54898
0.89433	0.26455	-0.36082	2.64554
0.00000	0.00000	0.00000	1.00000

boidNo = 8
boid Wall No = 0
position = = (-0.9, -9.9, 0.5)
Boid Radius= 10
Boid Frame=
 0.49995	-0.09197	-0.86116	-0.91967
-0.00480	-0.99462	0.10344	-9.94625
0.86604	0.04758	0.49771	0.47580
0.00000	0.00000	0.00000	1.00000

boidNo = 9
boid Wall No = 1
position = = (0.8, 9.4, -3.4)
Boid Radius= 10
Boid Frame=
 -0.98393	0.08131	-0.15898	0.81312
0.02070	0.93624	0.35076	9.36238
-0.17736	-0.34183	0.92287	-3.41829
0.00000	0.00000	0.00000	1.00000

boidNo = 10
boid Wall No = 1
position = = (0.6, 8.9, 4.5)
Boid Radius= 10
Boid Frame=
 0.99820	0.05999	0.00077	0.59986
-0.05402	0.89324	0.44633	8.93236
-0.02609	0.44557	-0.89487	4.45568
0.00000	0.00000	0.00000	1.00000

boidNo = 11
boid Wall No = 0
position = = (3.3, -9.2, -2.3)
Boid Radius= 10
Boid Frame=
 -0.59169	0.33222	0.73453	3.32216
-0.01452	-0.91539	0.40232	-9.15386
-0.80604	-0.22738	-0.54644	-2.27380
0.00000	0.00000	0.00000	1.00000

boidNo = 12
boid Wall No = 1
position = = (-7.3, 0.1, 6.8)
Boid Radius= 10
Boid Frame=
 0.50257	-0.73092	0.46172	-7.30915
-0.66986	0.00842	0.74244	0.08420
0.54655	0.68242	0.48538	6.82416
0.00000	0.00000	0.00000	1.00000

boidNo = 13
boid Wall No = 0
position = = (-0.7, -9.8, -2.1)
Boid Radius= 10
Boid Frame=
 -0.98329	-0.06855	-0.16862	-0.68545
0.03056	-0.97541	0.21828	-9.75407
0.17944	-0.20948	-0.96121	-2.09481
0.00000	0.00000	0.00000	1.00000

boidNo = 14
boid Wall No = 0
position = = (0.5, -8.4, -5.3)
Boid Radius= 10
Boid Frame=
 -0.96439	0.05356	0.25899	0.53563
0.09463	-0.84457	0.52702	-8.44566
-0.24696	-0.53277	-0.80943	-5.32765
0.00000	0.00000	0.00000	1.00000

boidNo = 15
boid Wall No = 0
position = = (-2.1, -9.1, 3.4)
Boid Radius= 10
Boid Frame=
 0.65798	-0.21252	-0.72243	-2.12520
0.12687	-0.91435	0.38453	-9.14352
0.74227	0.34467	0.57466	3.44669
0.00000	0.00000	0.00000	1.00000

boidNo = 16
boid Wall No = 1
position = = (8.7, 1.4, 4.8)
Boid Radius= 10
Boid Frame=
 0.45171	0.86700	0.21040	8.67001
-0.62786	0.14138	0.76538	1.41381
-0.63384	0.47783	-0.60821	4.77830
0.00000	0.00000	0.00000	1.00000

boidNo = 17
boid Wall No = 0
position = = (2.1, -9.8, 0.4)
Boid Radius= 10
Boid Frame=
 -0.14334	0.20973	0.96720	2.09727
-0.07183	-0.97692	0.20119	-9.76915
-0.98706	0.04064	-0.15510	0.40638
0.00000	0.00000	0.00000	1.00000

boidNo = 18
boid Wall No = 1
position = = (2.1, 9.8, 0.5)
Boid Radius= 10
Boid Frame=
 0.16648	0.20593	-0.96430	2.05929
0.01931	0.97708	0.21199	9.77080
-0.98586	0.05392	-0.15869	0.53918
0.00000	0.00000	0.00000	1.00000

boidNo = 19
boid Wall No = 1
position = = (3.0, 8.8, -3.7)
Boid Radius= 9.999999
Boid Frame=
 -0.68210	0.29889	-0.66739	2.98887
-0.07650	0.87848	0.47161	8.78481
-0.72725	-0.37274	0.57634	-3.72743
0.00000	0.00000	0.00000	1.00000

