Iteration Num of Simuation:0
m_SimulationDeltaT of action plan:0
boidNo = 0
boid Wall No = 0
position = = (1.2, -9.7, 2.1)
Boid Radius= 10
Boid Frame=
 0.86482	0.12352	0.48666	1.23518
0.00300	-0.97052	0.24100	-9.70520
-0.50208	0.20696	0.83969	2.06962
0.00000	0.00000	0.00000	1.00000

boidNo = 1
boid Wall No = 0
position = = (3.1, -7.0, -6.4)
Boid Radius= 10
Boid Frame=
 -0.94485	0.31485	0.09015	3.14847
-0.16895	-0.70442	0.68938	-7.04422
-0.28055	-0.63613	-0.71877	-6.36130
0.00000	0.00000	0.00000	1.00000

boidNo = 2
boid Wall No = 1
position = = (5.2, 8.5, -0.6)
Boid Radius= 10
Boid Frame=
 0.06706	0.51562	-0.85419	5.15620
-0.10861	0.85480	0.50746	8.54802
-0.99182	-0.05874	-0.11332	-0.58739
0.00000	0.00000	0.00000	1.00000

boidNo = 3
boid Wall No = 1
position = = (5.1, 2.1, 8.3)
Boid Radius= 10
Boid Frame=
 0.56564	0.51216	0.64634	5.12156
-0.81197	0.20897	0.54501	2.08973
-0.14406	0.83308	-0.53406	8.33083
0.00000	0.00000	0.00000	1.00000

boidNo = 4
boid Wall No = 0
position = = (-2.2, -8.4, -4.9)
Boid Radius= 10
Boid Frame=
 -0.94655	-0.21969	-0.23618	-2.19688
0.06299	-0.84401	0.53262	-8.44010
0.31635	-0.48927	-0.81274	-4.89269
0.00000	0.00000	0.00000	1.00000

boidNo = 5
boid Wall No = 1
position = = (3.1, 1.5, 9.4)
Boid Radius= 10
Boid Frame=
 0.74039	0.31269	0.59502	3.12688
-0.65725	0.15128	0.73833	1.51283
-0.14085	0.93773	-0.31752	9.37731
0.00000	0.00000	0.00000	1.00000

boidNo = 6
boid Wall No = 0
position = = (-3.0, -9.0, -3.3)
Boid Radius= 10
Boid Frame=
 -0.93041	-0.29710	-0.21463	-2.97105
0.19371	-0.89572	0.40020	-8.95721
0.31115	-0.33078	-0.89094	-3.30775
0.00000	0.00000	0.00000	1.00000

boidNo = 7
boid Wall No = 1
position = = (0.0, 9.4, 3.4)
Boid Radius= 10
Boid Frame=
 0.99634	-0.00043	-0.08553	-0.00427
0.02975	0.93927	0.34189	9.39267
-0.08019	0.34319	-0.93584	3.43186
0.00000	0.00000	0.00000	1.00000

boidNo = 8
boid Wall No = 0
position = = (-2.4, -8.2, 5.2)
Boid Radius= 10
Boid Frame=
 0.94963	-0.23624	-0.20590	-2.36236
-0.08229	-0.82198	0.56354	-8.21980
0.30237	0.51821	0.80002	5.18211
0.00000	0.00000	0.00000	1.00000

boidNo = 9
boid Wall No = 0
position = = (-9.3, -3.5, -1.3)
Boid Radius= 10
Boid Frame=
 0.07592	-0.92742	-0.36624	-9.27417
-0.52720	-0.34910	0.77472	-3.49101
0.84634	-0.13426	0.51544	-1.34263
0.00000	0.00000	0.00000	1.00000

boidNo = 10
boid Wall No = 0
position = = (-2.8, -5.6, 7.8)
Boid Radius= 10
Boid Frame=
 0.91360	-0.28039	0.29447	-2.80394
-0.40488	-0.56072	0.72226	-5.60716
0.03741	0.77909	0.62580	7.79087
0.00000	0.00000	0.00000	1.00000

boidNo = 11
boid Wall No = 1
position = = (0.1, 10.0, -0.7)
Boid Radius= 10
Boid Frame=
 -0.92819	0.01061	0.37196	0.10608
0.03710	0.99725	0.06413	9.97252
0.37026	-0.07333	0.92603	-0.73326
0.00000	0.00000	0.00000	1.00000

boidNo = 12
boid Wall No = 0
position = = (1.8, -7.5, -6.4)
Boid Radius= 10
Boid Frame=
 -0.98164	0.18113	0.05987	1.81126
-0.09740	-0.74571	0.65911	-7.45710
-0.16403	-0.64118	-0.74966	-6.41179
0.00000	0.00000	0.00000	1.00000

boidNo = 13
boid Wall No = 1
position = = (-1.8, 9.3, 3.2)
Boid Radius= 10
Boid Frame=
 0.66657	-0.18447	0.72226	-1.84465
-0.12335	0.92825	0.35092	9.28247
0.73517	0.32300	-0.59598	3.23002
0.00000	0.00000	0.00000	1.00000

boidNo = 14
boid Wall No = 1
position = = (2.8, 3.4, 9.0)
Boid Radius= 10
Boid Frame=
 0.77984	0.28163	0.55905	2.81628
-0.62595	0.34146	0.70114	3.41455
-0.00657	0.89671	-0.44256	8.96713
0.00000	0.00000	0.00000	1.00000

boidNo = 15
boid Wall No = 1
position = = (-1.5, 9.9, 0.8)
Boid Radius= 10
Boid Frame=
 0.37839	-0.14913	0.91355	-1.49125
-0.02070	0.98533	0.16941	9.85328
0.92541	0.08301	-0.36976	0.83012
0.00000	0.00000	0.00000	1.00000

boidNo = 16
boid Wall No = 1
position = = (3.0, 3.7, -8.8)
Boid Radius= 9.999999
Boid Frame=
 -0.60111	0.30070	-0.74043	3.00700
-0.64259	0.36897	0.67152	3.68969
-0.47512	-0.87946	0.02856	-8.79455
0.00000	0.00000	0.00000	1.00000

boidNo = 17
boid Wall No = 0
position = = (5.7, -3.3, 7.5)
Boid Radius= 10
Boid Frame=
 0.55908	0.56725	0.60469	5.67252
-0.51650	-0.33223	0.78921	-3.32233
-0.64858	0.75356	-0.10724	7.53556
0.00000	0.00000	0.00000	1.00000

boidNo = 18
boid Wall No = 0
position = = (-3.9, -9.2, 0.1)
Boid Radius= 10
Boid Frame=
 -0.00238	-0.39030	-0.92068	-3.90301
0.01313	-0.92062	0.39024	-9.20620
0.99991	0.01115	-0.00732	0.11155
0.00000	0.00000	0.00000	1.00000

boidNo = 19
boid Wall No = 1
position = = (-9.2, 1.2, -3.7)
Boid Radius= 10
Boid Frame=
 -0.35415	-0.91992	-0.16829	-9.19920
-0.66903	0.12349	0.73290	1.23490
0.65343	-0.37215	0.65919	-3.72152
0.00000	0.00000	0.00000	1.00000

