Iteration Num of Simuation:0
m_SimulationDeltaT of action plan:0
boidNo = 0
boid Wall No = 1
position = = (5.6, 8.0, 2.4)
Boid Radius= 10
Boid Frame=
 0.64537	0.55620	-0.52358	5.56198
-0.23179	0.79571	0.55957	7.95710
-0.72785	0.23977	-0.64245	2.39770
0.00000	0.00000	0.00000	1.00000

boidNo = 1
boid Wall No = 0
position = = (-9.9, -0.8, 1.1)
Boid Radius= 10
Boid Frame=
 0.13097	-0.99130	0.01276	-9.91304
-0.66543	-0.07836	0.74234	-0.78364
0.73488	0.10571	0.66991	1.05712
0.00000	0.00000	0.00000	1.00000

boidNo = 2
boid Wall No = 0
position = = (7.3, -5.7, 3.8)
Boid Radius= 10
Boid Frame=
 0.11701	0.72807	0.67544	7.28073
-0.44985	-0.56749	0.68963	-5.67486
-0.88541	0.38454	-0.26112	3.84538
0.00000	0.00000	0.00000	1.00000

boidNo = 3
boid Wall No = 1
position = = (2.4, 9.7, 1.0)
Boid Radius= 10
Boid Frame=
 0.72046	0.23736	-0.65162	2.37358
-0.10432	0.96601	0.23653	9.66007
-0.68561	0.10243	-0.72073	1.02432
0.00000	0.00000	0.00000	1.00000

boidNo = 4
boid Wall No = 1
position = = (-0.1, 10.0, 0.9)
Boid Radius= 10
Boid Frame=
 0.92572	-0.00826	0.37811	-0.08257
-0.02541	0.99614	0.08398	9.96144
0.37735	0.08735	-0.92194	0.87347
0.00000	0.00000	0.00000	1.00000

boidNo = 5
boid Wall No = 1
position = = (-2.2, 9.6, 1.9)
Boid Radius= 10
Boid Frame=
 -0.17330	-0.21909	0.96019	-2.19090
-0.22531	0.95791	0.17790	9.57907
0.95875	0.18551	0.21537	1.85508
0.00000	0.00000	0.00000	1.00000

boidNo = 6
boid Wall No = 0
position = = (-8.6, -0.3, 5.1)
Boid Radius= 10
Boid Frame=
 0.20121	-0.86085	0.46738	-8.60854
-0.93667	-0.02945	0.34899	-0.29451
0.28666	0.50800	0.81226	5.07999
0.00000	0.00000	0.00000	1.00000

boidNo = 7
boid Wall No = 1
position = = (-3.9, 2.1, -8.9)
Boid Radius= 10
Boid Frame=
 -0.64510	-0.39486	-0.65416	-3.94858
-0.75625	0.20757	0.62048	2.07574
0.10922	-0.89499	0.43252	-8.94986
0.00000	0.00000	0.00000	1.00000

boidNo = 8
boid Wall No = 1
position = = (6.5, 7.6, -0.6)
Boid Radius= 10
Boid Frame=
 0.23282	0.65167	-0.72188	6.51674
-0.27723	0.75596	0.59302	7.55957
-0.93217	-0.06206	-0.35666	-0.62059
0.00000	0.00000	0.00000	1.00000

boidNo = 9
boid Wall No = 1
position = = (1.0, 9.8, -2.0)
Boid Radius= 10
Boid Frame=
 -0.98220	0.09699	-0.16084	0.96994
0.06157	0.97530	0.21214	9.75297
-0.17744	-0.19846	0.96391	-1.98464
0.00000	0.00000	0.00000	1.00000

boidNo = 10
boid Wall No = 0
position = = (6.2, -3.2, -7.2)
Boid Radius= 10
Boid Frame=
 -0.48251	0.61897	-0.61973	6.18966
-0.87531	-0.31513	0.36677	-3.15125
-0.03173	-0.71943	-0.69384	-7.19428
0.00000	0.00000	0.00000	1.00000

boidNo = 11
boid Wall No = 0
position = = (6.1, -7.6, 2.3)
Boid Radius= 10
Boid Frame=
 0.24323	0.60582	0.75751	6.05816
-0.09195	-0.76305	0.63977	-7.63050
-0.96560	0.22526	0.12989	2.25261
0.00000	0.00000	0.00000	1.00000

boidNo = 12
boid Wall No = 1
position = = (-8.0, 6.0, 0.9)
Boid Radius= 10
Boid Frame=
 -0.29877	-0.79820	0.52309	-7.98197
-0.51468	0.59634	0.61602	5.96343
0.80364	0.08518	0.58899	0.85179
0.00000	0.00000	0.00000	1.00000

boidNo = 13
boid Wall No = 0
position = = (1.0, -9.9, 1.1)
Boid Radius= 10
Boid Frame=
 0.63316	0.09907	0.76765	0.99075
-0.02316	-0.98891	0.14673	-9.88905
-0.77367	0.11068	0.62384	1.10684
0.00000	0.00000	0.00000	1.00000

boidNo = 14
boid Wall No = 1
position = = (8.6, 4.2, 2.9)
Boid Radius= 10
Boid Frame=
 0.51185	0.85622	-0.06992	8.56224
-0.62055	0.42479	0.65915	4.24791
-0.59408	0.29400	-0.74876	2.93995
0.00000	0.00000	0.00000	1.00000

boidNo = 15
boid Wall No = 0
position = = (6.7, -3.0, 6.7)
Boid Radius= 10
Boid Frame=
 0.47817	0.67427	0.56277	6.74275
-0.51432	-0.30443	0.80175	-3.04426
-0.71192	0.67281	-0.20123	6.72814
0.00000	0.00000	0.00000	1.00000

boidNo = 16
boid Wall No = 1
position = = (-8.3, 3.4, -4.5)
Boid Radius= 9.999999
Boid Frame=
 -0.53748	-0.82507	-0.17427	-8.25071
-0.71892	0.34032	0.60609	3.40316
0.44076	-0.45105	0.77607	-4.51045
0.00000	0.00000	0.00000	1.00000

boidNo = 17
boid Wall No = 1
position = = (-9.2, 4.0, -0.6)
Boid Radius= 10
Boid Frame=
 -0.39990	-0.91574	0.03873	-9.15739
-0.88549	0.39691	0.24160	3.96912
0.23662	-0.06232	0.96960	-0.62319
0.00000	0.00000	0.00000	1.00000

boidNo = 18
boid Wall No = 1
position = = (3.1, 1.0, 9.4)
Boid Radius= 10
Boid Frame=
 0.67663	0.31482	0.66563	3.14822
-0.72023	0.09501	0.68720	0.95005
-0.15311	0.94438	-0.29103	9.44384
0.00000	0.00000	0.00000	1.00000

boidNo = 19
boid Wall No = 0
position = = (4.9, -7.9, 3.6)
Boid Radius= 10
Boid Frame=
 -0.60339	0.49361	0.62631	4.93612
-0.61144	-0.79056	0.03400	-7.90561
-0.51192	0.36244	-0.77883	3.62436
0.00000	0.00000	0.00000	1.00000

