Iteration Num of Simuation:0
m_SimulationDeltaT of action plan:0
boidNo = 0
boid Wall No = 0
position = = (-4.2, -9.1, 0.6)
Boid Radius= 10
Boid Frame=
 -0.02389	-0.41509	-0.90947	-4.15086
0.07366	-0.90799	0.41247	-9.07986
0.99700	0.05714	-0.05227	0.57137
0.00000	0.00000	0.00000	1.00000

boidNo = 1
boid Wall No = 0
position = = (-0.8, -4.4, 9.0)
Boid Radius= 10
Boid Frame=
 0.85700	-0.07517	0.50980	-0.75168
-0.48808	-0.43573	0.75625	-4.35733
-0.16529	0.89693	0.41011	8.96932
0.00000	0.00000	0.00000	1.00000

boidNo = 2
boid Wall No = 1
position = = (-4.8, 8.7, 1.2)
Boid Radius= 10
Boid Frame=
 -0.33244	-0.47918	0.81232	-4.79181
-0.30224	0.87001	0.38952	8.70014
0.89339	0.11602	0.43405	1.16022
0.00000	0.00000	0.00000	1.00000

boidNo = 3
boid Wall No = 0
position = = (-1.9, -1.8, -9.7)
Boid Radius= 10
Boid Frame=
 -0.79341	-0.18705	-0.57924	-1.87052
-0.55203	-0.17980	0.81421	-1.79804
0.25645	-0.96575	-0.03940	-9.65755
0.00000	0.00000	0.00000	1.00000

boidNo = 4
boid Wall No = 0
position = = (7.8, -0.2, -6.2)
Boid Radius= 9.999999
Boid Frame=
 -0.18158	0.78433	-0.59317	7.84332
-0.96228	-0.01744	0.27150	-0.17440
-0.20260	-0.62010	-0.75791	-6.20096
0.00000	0.00000	0.00000	1.00000

boidNo = 5
boid Wall No = 1
position = = (-1.1, 8.3, -5.5)
Boid Radius= 10
Boid Frame=
 -0.99089	-0.10611	-0.08288	-1.06115
-0.13418	0.82934	0.54240	8.29336
-0.01118	-0.54858	0.83602	-5.48582
0.00000	0.00000	0.00000	1.00000

boidNo = 6
boid Wall No = 0
position = = (0.7, -10.0, 0.3)
Boid Radius= 10
Boid Frame=
 0.47131	0.06750	0.87938	0.67502
0.00405	-0.99722	0.07438	-9.97222
-0.88196	0.03149	0.47028	0.31490
0.00000	0.00000	0.00000	1.00000

boidNo = 7
boid Wall No = 1
position = = (5.6, 6.8, -4.7)
Boid Radius= 10
Boid Frame=
 -0.22906	0.56416	-0.79326	5.64157
-0.41344	0.68138	0.60397	6.81382
-0.88125	-0.46631	-0.07717	-4.66310
0.00000	0.00000	0.00000	1.00000

boidNo = 8
boid Wall No = 0
position = = (5.7, -8.0, -1.8)
Boid Radius= 10
Boid Frame=
 -0.69572	0.57012	-0.43696	5.70123
-0.58906	-0.80095	-0.10715	-8.00954
0.41107	-0.18285	-0.89308	-1.82847
0.00000	0.00000	0.00000	1.00000

boidNo = 9
boid Wall No = 1
position = = (5.7, 6.5, -5.0)
Boid Radius= 10
Boid Frame=
 -0.34701	0.56541	-0.74826	5.65415
-0.36414	0.65402	0.66308	6.54015
-0.86428	-0.50256	0.02106	-5.02564
0.00000	0.00000	0.00000	1.00000

boidNo = 10
boid Wall No = 1
position = = (9.8, 1.9, -0.1)
Boid Radius= 10
Boid Frame=
 0.13153	0.98243	-0.13238	9.82434
-0.71600	0.18651	0.67272	1.86507
-0.68559	-0.00631	-0.72796	-0.06306
0.00000	0.00000	0.00000	1.00000

boidNo = 11
boid Wall No = 0
position = = (-2.1, -5.4, 8.1)
Boid Radius= 10
Boid Frame=
 0.76574	-0.21378	0.60658	-2.13781
-0.60897	-0.54438	0.57689	-5.44380
-0.20688	0.81114	0.54704	8.11140
0.00000	0.00000	0.00000	1.00000

boidNo = 12
boid Wall No = 0
position = = (1.6, -3.5, -9.2)
Boid Radius= 9.999999
Boid Frame=
 -0.67296	0.16436	-0.72119	1.64362
-0.72265	-0.35408	0.59363	-3.54080
0.15779	-0.92066	-0.35706	-9.20659
0.00000	0.00000	0.00000	1.00000

boidNo = 13
boid Wall No = 0
position = = (0.1, -7.7, 6.3)
Boid Radius= 10
Boid Frame=
 0.98204	0.00534	0.18862	0.05337
-0.11549	-0.77351	0.62317	-7.73510
-0.14922	0.63376	0.75900	6.33762
0.00000	0.00000	0.00000	1.00000

boidNo = 14
boid Wall No = 1
position = = (5.7, 1.8, 8.0)
Boid Radius= 10
Boid Frame=
 0.67140	0.56663	0.47766	5.66627
-0.66659	0.18008	0.72334	1.80082
-0.32385	0.80405	-0.49862	8.04055
0.00000	0.00000	0.00000	1.00000

boidNo = 15
boid Wall No = 0
position = = (-6.2, -7.7, -1.5)
Boid Radius= 10
Boid Frame=
 -0.00550	-0.62465	-0.78088	-6.24653
-0.18263	-0.76713	0.61494	-7.67134
0.98317	-0.14600	0.10986	-1.45997
0.00000	0.00000	0.00000	1.00000

boidNo = 16
boid Wall No = 0
position = = (4.1, -7.6, 5.1)
Boid Radius= 10
Boid Frame=
 0.69094	0.41099	0.59471	4.10988
-0.10720	-0.75532	0.64652	-7.55325
-0.71492	0.51046	0.47783	5.10464
0.00000	0.00000	0.00000	1.00000

boidNo = 17
boid Wall No = 0
position = = (-3.0, -9.4, 1.7)
Boid Radius= 10
Boid Frame=
 0.76725	-0.30040	-0.56665	-3.00397
-0.13407	-0.93913	0.31632	-9.39129
0.62718	0.16673	0.76082	1.66728
0.00000	0.00000	0.00000	1.00000

boidNo = 18
boid Wall No = 0
position = = (7.0, -6.6, -2.9)
Boid Radius= 10
Boid Frame=
 -0.60194	0.69722	0.38931	6.97219
-0.32101	-0.65766	0.68150	-6.57662
-0.73118	-0.28525	-0.61968	-2.85247
0.00000	0.00000	0.00000	1.00000

boidNo = 19
boid Wall No = 1
position = = (-2.9, 0.2, -9.6)
Boid Radius= 10
Boid Frame=
 -0.61868	-0.28661	-0.73150	-2.86612
-0.76768	0.02256	0.64044	0.22564
0.16705	-0.95778	0.23399	-9.57781
0.00000	0.00000	0.00000	1.00000

