Iteration Num of Simuation:0
m_SimulationDeltaT of action plan:0
boidNo = 0
boid Wall No = 0
position = = (1.0, -9.9, 0.2)
Boid Radius= 10
Boid Frame=
 0.50071	0.10220	0.85956	1.02197
0.03496	-0.99458	0.09788	-9.94584
-0.86491	0.01896	0.50157	0.18959
0.00000	0.00000	0.00000	1.00000

boidNo = 1
boid Wall No = 0
position = = (-5.1, -1.7, -8.4)
Boid Radius= 10
Boid Frame=
 -0.52078	-0.51033	-0.68437	-5.10325
-0.72156	-0.16529	0.67233	-1.65292
0.45623	-0.84395	0.28215	-8.43947
0.00000	0.00000	0.00000	1.00000

boidNo = 2
boid Wall No = 1
position = = (7.3, 6.1, 3.2)
Boid Radius= 10
Boid Frame=
 0.64379	0.72802	-0.23563	7.28016
-0.44252	0.60544	0.66153	6.05440
-0.62426	0.32161	-0.71194	3.21614
0.00000	0.00000	0.00000	1.00000

boidNo = 3
boid Wall No = 1
position = = (1.3, 9.6, 2.6)
Boid Radius= 10
Boid Frame=
 0.81894	0.12705	-0.55963	1.27053
0.04473	0.95808	0.28297	9.58084
-0.57213	0.25677	-0.77893	2.56774
0.00000	0.00000	0.00000	1.00000

boidNo = 4
boid Wall No = 1
position = = (3.9, 3.9, 8.4)
Boid Radius= 10
Boid Frame=
 0.79288	0.38613	0.47143	3.86126
-0.60354	0.39082	0.69498	3.90817
-0.08411	0.83557	-0.54292	8.35565
0.00000	0.00000	0.00000	1.00000

boidNo = 5
boid Wall No = 0
position = = (1.4, -2.6, 9.5)
Boid Radius= 10
Boid Frame=
 0.71588	0.14209	0.68362	1.42093
-0.63872	-0.26223	0.72337	-2.62233
-0.28205	0.95449	0.09697	9.54486
0.00000	0.00000	0.00000	1.00000

boidNo = 6
boid Wall No = 0
position = = (-1.7, -9.9, 0.1)
Boid Radius= 10
Boid Frame=
 -0.63457	-0.17049	-0.75383	-1.70486
0.11502	-0.98534	0.12602	-9.85337
0.76426	0.00674	-0.64487	0.06742
0.00000	0.00000	0.00000	1.00000

boidNo = 7
boid Wall No = 1
position = = (2.2, 9.4, -2.6)
Boid Radius= 10
Boid Frame=
 -0.81414	0.22314	-0.53609	2.23137
0.03005	0.93817	0.34486	9.38173
-0.57989	-0.26465	0.77051	-2.64654
0.00000	0.00000	0.00000	1.00000

boidNo = 8
boid Wall No = 0
position = = (-2.9, -9.6, -0.1)
Boid Radius= 10
Boid Frame=
 -0.33002	-0.28931	-0.89855	-2.89308
0.09466	-0.95722	0.27343	-9.57222
0.93921	-0.00518	-0.34329	-0.05182
0.00000	0.00000	0.00000	1.00000

boidNo = 9
boid Wall No = 1
position = = (2.0, 1.4, -9.7)
Boid Radius= 10
Boid Frame=
 -0.66667	0.20252	-0.71731	2.02517
-0.70476	0.14200	0.69509	1.41995
-0.24262	-0.96893	-0.04806	-9.68930
0.00000	0.00000	0.00000	1.00000

boidNo = 10
boid Wall No = 0
position = = (-3.1, -4.5, -8.4)
Boid Radius= 10
Boid Frame=
 -0.72858	-0.30873	-0.61144	-3.08735
-0.45263	-0.45299	0.76807	-4.52993
0.51411	-0.83635	-0.19030	-8.36349
0.00000	0.00000	0.00000	1.00000

boidNo = 11
boid Wall No = 1
position = = (-3.5, 8.9, 2.9)
Boid Radius= 10
Boid Frame=
 0.57204	-0.34897	0.74229	-3.48968
-0.04388	0.89066	0.45254	8.90665
0.81905	0.29144	-0.49418	2.91441
0.00000	0.00000	0.00000	1.00000

boidNo = 12
boid Wall No = 0
position = = (7.9, -4.6, 4.0)
Boid Radius= 10
Boid Frame=
 0.16443	0.79016	0.59043	7.90162
-0.47613	-0.46064	0.74907	-4.60642
-0.86386	0.40429	-0.30048	4.04293
0.00000	0.00000	0.00000	1.00000

boidNo = 13
boid Wall No = 0
position = = (-0.1, -10.0, -0.3)
Boid Radius= 10
Boid Frame=
 -0.94260	-0.01311	-0.33366	-0.13111
0.00291	-0.99951	0.03104	-9.99514
0.33390	-0.02829	-0.94218	-0.28291
0.00000	0.00000	0.00000	1.00000

boidNo = 14
boid Wall No = 0
position = = (-0.5, -2.2, 9.7)
Boid Radius= 10
Boid Frame=
 0.65825	-0.04652	0.75136	-0.46516
-0.74058	-0.21908	0.63525	-2.19076
-0.13506	0.97460	0.17866	9.74598
0.00000	0.00000	0.00000	1.00000

