Iteration Num of Simuation:0
m_SimulationDeltaT of action plan:0
boidNo = 0
boid Wall No = 0
position = = (-0.3, -9.5, 3.0)
Boid Radius= 10
Boid Frame=
 0.99357	-0.03144	-0.10877	-0.31440
0.00271	-0.95379	0.30046	-9.53790
0.11319	0.29883	0.94757	2.98826
0.00000	0.00000	0.00000	1.00000

boidNo = 1
boid Wall No = 1
position = = (8.7, 3.0, -3.9)
Boid Radius= 10
Boid Frame=
 0.04400	0.87026	-0.49061	8.70265
-0.83877	0.29896	0.45507	2.98962
-0.54271	-0.39149	-0.74310	-3.91486
0.00000	0.00000	0.00000	1.00000

boidNo = 2
boid Wall No = 0
position = = (0.3, -10.0, -0.8)
Boid Radius= 10
Boid Frame=
 -0.99713	0.03421	0.06756	0.34211
-0.02855	-0.99613	0.08307	-9.96135
-0.07014	-0.08090	-0.99425	-0.80903
0.00000	0.00000	0.00000	1.00000

boidNo = 3
boid Wall No = 0
position = = (2.1, -3.3, -9.2)
Boid Radius= 10
Boid Frame=
 -0.86182	0.20732	-0.46290	2.07319
-0.50699	-0.32547	0.79814	-3.25470
-0.01481	-0.92254	-0.38561	-9.22544
0.00000	0.00000	0.00000	1.00000

boidNo = 4
boid Wall No = 1
position = = (8.1, 3.9, 4.5)
Boid Radius= 10
Boid Frame=
 0.58678	0.80762	0.05858	8.07625
-0.60012	0.38516	0.70108	3.85160
-0.54365	0.44654	-0.71067	4.46535
0.00000	0.00000	0.00000	1.00000

boidNo = 5
boid Wall No = 0
position = = (-8.5, -3.1, -4.2)
Boid Radius= 10
Boid Frame=
 -0.22554	-0.85196	-0.47253	-8.51963
-0.51398	-0.30798	0.80061	-3.07982
0.82762	-0.42344	0.36843	-4.23445
0.00000	0.00000	0.00000	1.00000

boidNo = 6
boid Wall No = 1
position = = (-3.2, 9.4, -1.2)
Boid Radius= 10
Boid Frame=
 -0.77302	-0.31978	0.54790	-3.19779
-0.18532	0.93982	0.28705	9.39817
0.60671	-0.12036	0.78576	-1.20358
0.00000	0.00000	0.00000	1.00000

boidNo = 7
boid Wall No = 0
position = = (5.6, -2.9, 7.8)
Boid Radius= 10
Boid Frame=
 0.51318	0.55713	0.65288	5.57129
-0.61538	-0.29141	0.73238	-2.91412
-0.59829	0.77762	-0.19330	7.77616
0.00000	0.00000	0.00000	1.00000

boidNo = 8
boid Wall No = 1
position = = (-10.0, 0.6, -0.4)
Boid Radius= 10
Boid Frame=
 -0.07148	-0.99717	0.02311	-9.97175
-0.62845	0.06301	0.77530	0.63014
0.77456	-0.04089	0.63117	-0.40892
0.00000	0.00000	0.00000	1.00000

boidNo = 9
boid Wall No = 1
position = = (-0.9, 9.9, -0.8)
Boid Radius= 10
Boid Frame=
 -0.32070	-0.08660	0.94321	-0.86599
0.05257	0.99265	0.10901	9.92649
0.94572	-0.08455	0.31379	-0.84547
0.00000	0.00000	0.00000	1.00000

boidNo = 10
boid Wall No = 1
position = = (-9.0, 4.3, -0.7)
Boid Radius= 10
Boid Frame=
 -0.31474	-0.89999	0.30159	-8.99992
-0.53286	0.43048	0.72853	4.30475
0.78550	-0.06859	0.61505	-0.68594
0.00000	0.00000	0.00000	1.00000

boidNo = 11
boid Wall No = 1
position = = (7.0, 3.4, -6.3)
Boid Radius= 10
Boid Frame=
 -0.35379	0.70149	-0.61867	7.01489
-0.59402	0.34241	0.72794	3.42409
-0.72248	-0.62504	-0.29555	-6.25036
0.00000	0.00000	0.00000	1.00000

boidNo = 12
boid Wall No = 0
position = = (-5.5, -0.2, -8.4)
Boid Radius= 10
Boid Frame=
 -0.59974	-0.54702	-0.58402	-5.47016
-0.68928	-0.01756	0.72428	-0.17560
0.40645	-0.83694	0.36652	-8.36938
0.00000	0.00000	0.00000	1.00000

boidNo = 13
boid Wall No = 0
position = = (4.8, -7.0, 5.3)
Boid Radius= 10
Boid Frame=
 -0.51516	0.48349	0.70771	4.83487
-0.71494	-0.69782	-0.04369	-6.97822
-0.47273	0.52847	-0.70515	5.28474
0.00000	0.00000	0.00000	1.00000

boidNo = 14
boid Wall No = 1
position = = (-6.4, 4.4, -6.3)
Boid Radius= 10
Boid Frame=
 -0.74718	-0.64214	-0.17138	-6.42143
-0.54198	0.43945	0.71634	4.39451
0.38468	-0.62812	0.67638	-6.28120
0.00000	0.00000	0.00000	1.00000

boidNo = 15
boid Wall No = 1
position = = (-1.0, 3.7, 9.2)
Boid Radius= 10
Boid Frame=
 0.74874	-0.09879	0.65546	-0.98793
-0.58332	0.37146	0.72233	3.71457
0.31483	0.92318	-0.22050	9.23179
0.00000	0.00000	0.00000	1.00000

boidNo = 16
boid Wall No = 1
position = = (-1.5, 9.9, -0.1)
Boid Radius= 10
Boid Frame=
 -0.54164	-0.15381	0.82642	-1.53810
-0.07170	0.98799	0.13689	9.87988
0.83755	-0.01488	0.54616	-0.14885
0.00000	0.00000	0.00000	1.00000

boidNo = 17
boid Wall No = 1
position = = (-4.1, 8.7, 2.9)
Boid Radius= 10
Boid Frame=
 0.41405	-0.40810	0.81365	-4.08100
-0.10432	0.86670	0.48780	8.66700
0.90426	0.28685	-0.31628	2.86854
0.00000	0.00000	0.00000	1.00000

boidNo = 18
boid Wall No = 0
position = = (0.2, -9.5, -3.2)
Boid Radius= 10
Boid Frame=
 -0.90335	0.02456	0.42820	0.24562
0.11816	-0.94548	0.30351	-9.45475
-0.41230	-0.32477	-0.85119	-3.24767
0.00000	0.00000	0.00000	1.00000

boidNo = 19
boid Wall No = 0
position = = (7.5, -2.8, 6.0)
Boid Radius= 10
Boid Frame=
 0.23024	0.75434	0.61478	7.54342
-0.73711	-0.27727	0.61627	-2.77269
-0.63534	0.59506	-0.49219	5.95055
0.00000	0.00000	0.00000	1.00000

