Iteration Num of Simuation:0
m_SimulationDeltaT of action plan:0
boidNo = 0
boid Wall No = 1
position = = (-2.3, 4.4, 8.7)
Boid Radius= 10
Boid Frame=
 0.73155	-0.22889	0.64222	-2.28886
-0.51018	0.44109	0.73834	4.41089
0.45227	0.86779	-0.20590	8.67786
0.00000	0.00000	0.00000	1.00000

boidNo = 1
boid Wall No = 1
position = = (1.4, 5.2, 8.4)
Boid Radius= 10
Boid Frame=
 0.87297	0.14262	0.46645	1.42617
-0.46625	0.52491	0.71210	5.24906
0.14329	0.83913	-0.52472	8.39127
0.00000	0.00000	0.00000	1.00000

boidNo = 2
boid Wall No = 1
position = = (4.7, 8.5, -2.5)
Boid Radius= 10
Boid Frame=
 0.18423	0.46670	-0.86501	4.66704
-0.37223	0.84765	0.37806	8.47653
-0.90967	-0.25233	-0.32988	-2.52334
0.00000	0.00000	0.00000	1.00000

boidNo = 3
boid Wall No = 1
position = = (-1.2, 8.0, 5.9)
Boid Radius= 10
Boid Frame=
 0.76326	-0.11726	0.63536	-1.17263
-0.30625	0.80023	0.51559	8.00233
0.56890	0.58811	-0.57487	5.88113
0.00000	0.00000	0.00000	1.00000

boidNo = 4
boid Wall No = 0
position = = (0.8, -9.1, -4.1)
Boid Radius= 10
Boid Frame=
 -0.91832	0.07893	0.38789	0.78930
0.09549	-0.90681	0.41059	-9.06809
-0.38415	-0.41409	-0.82520	-4.14087
0.00000	0.00000	0.00000	1.00000

boidNo = 5
boid Wall No = 1
position = = (5.2, 6.4, -5.6)
Boid Radius= 10
Boid Frame=
 -0.44824	0.51806	-0.72849	5.18061
-0.35489	0.64483	0.67694	6.44833
-0.82045	-0.56196	0.10519	-5.61964
0.00000	0.00000	0.00000	1.00000

boidNo = 6
boid Wall No = 0
position = = (9.9, -0.8, -0.6)
Boid Radius= 10
Boid Frame=
 -0.09700	0.99496	0.02529	9.94963
-0.57189	-0.07651	0.81675	-0.76514
-0.81458	-0.06476	-0.57643	-0.64759
0.00000	0.00000	0.00000	1.00000

boidNo = 7
boid Wall No = 0
position = = (0.9, -9.9, -1.3)
Boid Radius= 10
Boid Frame=
 -0.76813	0.08767	0.63426	0.87673
0.01363	-0.98812	0.15309	-9.88118
-0.64015	-0.12624	-0.75781	-1.26237
0.00000	0.00000	0.00000	1.00000

boidNo = 8
boid Wall No = 1
position = = (-2.3, 9.0, -3.7)
Boid Radius= 10
Boid Frame=
 -0.95246	-0.23479	0.19415	-2.34792
-0.13715	0.89947	0.41490	8.99468
0.27205	-0.36855	0.88891	-3.68551
0.00000	0.00000	0.00000	1.00000

boidNo = 9
boid Wall No = 0
position = = (-6.9, -7.0, -1.9)
Boid Radius= 10
Boid Frame=
 -0.09002	-0.69410	-0.71423	-6.94103
-0.17388	-0.69517	0.69750	-6.95170
0.98064	-0.18698	0.05812	-1.86977
0.00000	0.00000	0.00000	1.00000

boidNo = 10
boid Wall No = 0
position = = (1.2, -9.3, -3.4)
Boid Radius= 10
Boid Frame=
 -0.88009	0.12401	0.45833	1.24015
0.05579	-0.93159	0.35920	-9.31593
-0.47152	-0.34169	-0.81297	-3.41695
0.00000	0.00000	0.00000	1.00000

boidNo = 11
boid Wall No = 1
position = = (-4.9, 1.9, 8.5)
Boid Radius= 10
Boid Frame=
 0.52086	-0.48981	0.69914	-4.89809
-0.71924	0.18932	0.66847	1.89316
0.45978	0.85103	0.25368	8.51027
0.00000	0.00000	0.00000	1.00000

boidNo = 12
boid Wall No = 1
position = = (2.8, 9.5, -1.1)
Boid Radius= 10
Boid Frame=
 -0.35274	0.27779	-0.89354	2.77794
-0.00577	0.95425	0.29895	9.54252
-0.93570	-0.11060	0.33500	-1.10603
0.00000	0.00000	0.00000	1.00000

boidNo = 13
boid Wall No = 0
position = = (-0.9, -9.9, -1.2)
Boid Radius= 10
Boid Frame=
 -0.82010	-0.09317	-0.56458	-0.93167
0.00558	-0.98791	0.15492	-9.87912
0.57219	-0.12390	-0.81071	-1.23895
0.00000	0.00000	0.00000	1.00000

boidNo = 14
boid Wall No = 1
position = = (-9.1, 4.1, -0.2)
Boid Radius= 10
Boid Frame=
 -0.27683	-0.91182	0.30324	-9.11819
-0.58466	0.41026	0.69989	4.10263
0.76258	-0.01646	0.64668	-0.16457
0.00000	0.00000	0.00000	1.00000

boidNo = 15
boid Wall No = 0
position = = (-2.6, -8.7, 4.1)
Boid Radius= 10
Boid Frame=
 -0.07052	-0.25695	0.96385	-2.56954
-0.40885	-0.87392	-0.26289	-8.73915
-0.90987	0.41261	0.04343	4.12610
0.00000	0.00000	0.00000	1.00000

boidNo = 16
boid Wall No = 1
position = = (-3.2, 6.4, -7.0)
Boid Radius= 10
Boid Frame=
 -0.90906	-0.32147	-0.26508	-3.21470
-0.41494	0.64068	0.64602	6.40684
0.03785	-0.69727	0.71581	-6.97267
0.00000	0.00000	0.00000	1.00000

boidNo = 17
boid Wall No = 1
position = = (-9.3, 3.7, -0.4)
Boid Radius= 10
Boid Frame=
 -0.26491	-0.92917	0.25780	-9.29174
-0.58480	0.36738	0.72321	3.67381
0.76670	-0.04082	0.64071	-0.40823
0.00000	0.00000	0.00000	1.00000

boidNo = 18
boid Wall No = 1
position = = (-1.0, 2.8, -9.5)
Boid Radius= 9.999999
Boid Frame=
 -0.78048	-0.10288	-0.61666	-1.02881
-0.61756	0.28048	0.73481	2.80482
-0.09736	-0.95433	0.28244	-9.54330
0.00000	0.00000	0.00000	1.00000

boidNo = 19
boid Wall No = 1
position = = (-2.1, 8.8, -4.3)
Boid Radius= 10
Boid Frame=
 -0.94469	-0.21114	0.25097	-2.11139
-0.07015	0.87758	0.47426	8.77583
0.32038	-0.43043	0.84385	-4.30428
0.00000	0.00000	0.00000	1.00000

