Iteration Num of Simuation:0
m_SimulationDeltaT of action plan:0
boidNo = 0
boid Wall No = 0
position = = (-0.6, -9.8, -1.9)
Boid Radius= 9.999999
Boid Frame=
 -0.87896	-0.05772	0.47340	-0.57720
0.13867	-0.98069	0.13789	-9.80693
-0.45630	-0.18684	-0.86999	-1.86841
0.00000	0.00000	0.00000	1.00000

boidNo = 1
boid Wall No = 1
position = = (5.1, 0.5, -8.6)
Boid Radius= 10
Boid Frame=
 -0.59132	0.51041	-0.62436	5.10410
-0.70587	0.04681	0.70679	0.46813
-0.38998	-0.85866	-0.33260	-8.58656
0.00000	0.00000	0.00000	1.00000

boidNo = 2
boid Wall No = 1
position = = (9.3, 3.6, 0.9)
Boid Radius= 10
Boid Frame=
 0.31620	0.92778	-0.19811	9.27778
-0.62563	0.36090	0.69162	3.60904
-0.71317	0.09475	-0.69456	0.94746
0.00000	0.00000	0.00000	1.00000

boidNo = 3
boid Wall No = 1
position = = (-0.9, 9.9, -0.8)
Boid Radius= 10
Boid Frame=
 -0.25931	-0.09463	0.96115	-0.94629
0.05739	0.99192	0.11314	9.91920
0.96409	-0.08450	0.25178	-0.84500
0.00000	0.00000	0.00000	1.00000

boidNo = 4
boid Wall No = 0
position = = (-8.1, -4.8, 3.5)
Boid Radius= 9.999999
Boid Frame=
 0.57382	-0.80836	-0.13148	-8.08358
-0.50418	-0.47519	0.72111	-4.75185
0.64540	0.34750	0.68023	3.47499
0.00000	0.00000	0.00000	1.00000

boidNo = 5
boid Wall No = 0
position = = (-6.3, -2.0, -7.5)
Boid Radius= 10
Boid Frame=
 -0.46910	-0.62824	-0.62069	-6.28238
-0.67503	-0.19811	0.71069	-1.98111
0.56945	-0.75238	0.33115	-7.52376
0.00000	0.00000	0.00000	1.00000

boidNo = 6
boid Wall No = 1
position = = (-5.8, 7.6, 2.8)
Boid Radius= 10
Boid Frame=
 0.14137	-0.58073	0.80173	-5.80729
-0.24458	0.76427	0.59672	7.64267
0.95927	0.28045	0.03399	2.80446
0.00000	0.00000	0.00000	1.00000

boidNo = 7
boid Wall No = 1
position = = (4.3, 0.6, 9.0)
Boid Radius= 10
Boid Frame=
 0.65763	0.42648	0.62100	4.26476
-0.70500	0.05788	0.70684	0.57882
-0.26551	0.90264	-0.33873	9.02645
0.00000	0.00000	0.00000	1.00000

boidNo = 8
boid Wall No = 1
position = = (3.0, 9.5, -0.1)
Boid Radius= 10
Boid Frame=
 -0.19458	0.29678	-0.93491	2.96781
0.04997	0.95489	0.29272	9.54891
-0.97961	-0.01024	0.20064	-0.10237
0.00000	0.00000	0.00000	1.00000

boidNo = 9
boid Wall No = 1
position = = (5.8, 7.8, 2.3)
Boid Radius= 10
Boid Frame=
 0.59687	0.57710	-0.55740	5.77103
-0.21242	0.78360	0.58383	7.83596
-0.77371	0.23006	-0.59029	2.30064
0.00000	0.00000	0.00000	1.00000

boidNo = 10
boid Wall No = 0
position = = (-1.5, -9.7, 2.1)
Boid Radius= 9.999999
Boid Frame=
 0.24929	-0.14946	-0.95683	-1.49457
0.16632	-0.96673	0.19434	-9.66733
0.95404	0.20758	0.21614	2.07581
0.00000	0.00000	0.00000	1.00000

boidNo = 11
boid Wall No = 0
position = = (-5.6, -3.6, 7.5)
Boid Radius= 10
Boid Frame=
 0.75182	-0.56097	0.34652	-5.60972
-0.59772	-0.35796	0.71735	-3.57959
0.27837	0.74644	0.60443	7.46442
0.00000	0.00000	0.00000	1.00000

boidNo = 12
boid Wall No = 0
position = = (-4.1, -8.8, -2.5)
Boid Radius= 10
Boid Frame=
 -0.71872	-0.40837	-0.56274	-4.08372
0.13842	-0.87718	0.45978	-8.77181
0.68138	-0.25256	-0.68697	-2.52557
0.00000	0.00000	0.00000	1.00000

boidNo = 13
boid Wall No = 0
position = = (0.5, -10.0, 0.3)
Boid Radius= 10
Boid Frame=
 0.98852	0.05038	0.14241	0.50384
0.04556	-0.99828	0.03691	-9.98279
-0.14403	0.03000	0.98912	0.30000
0.00000	0.00000	0.00000	1.00000

boidNo = 14
boid Wall No = 1
position = = (-3.8, 2.8, -8.8)
Boid Radius= 10
Boid Frame=
 -0.74698	-0.37670	-0.54784	-3.76700
-0.65549	0.27948	0.70159	2.79481
0.11118	-0.88317	0.45569	-8.83169
0.00000	0.00000	0.00000	1.00000

