Iteration Num of Simuation:0
m_SimulationDeltaT of action plan:0
boidNo = 0
boid Wall No = 1
position = = (-0.5, 8.6, -5.1)
Boid Radius= 9.999999
Boid Frame=
 -0.99216	-0.05383	-0.11280	-0.53825
-0.10378	0.85771	0.50356	8.57706
-0.06965	-0.51131	0.85657	-5.11315
0.00000	0.00000	0.00000	1.00000

boidNo = 1
boid Wall No = 1
position = = (-7.3, 2.1, -6.5)
Boid Radius= 10
Boid Frame=
 -0.59717	-0.72742	-0.33799	-7.27421
-0.66325	0.21084	0.71808	2.10840
0.45109	-0.65300	0.60837	-6.52997
0.00000	0.00000	0.00000	1.00000

boidNo = 2
boid Wall No = 1
position = = (-1.1, 6.5, -7.5)
Boid Radius= 10
Boid Frame=
 -0.89206	-0.10786	-0.43885	-1.07859
-0.39735	0.64975	0.64802	6.49751
-0.21525	-0.75246	0.62248	-7.52456
0.00000	0.00000	0.00000	1.00000

boidNo = 3
boid Wall No = 0
position = = (2.6, -1.5, 9.5)
Boid Radius= 10
Boid Frame=
 0.66572	0.25607	0.70089	2.56073
-0.68871	-0.15070	0.70921	-1.50697
-0.28723	0.95484	-0.07604	9.54839
0.00000	0.00000	0.00000	1.00000

boidNo = 4
boid Wall No = 1
position = = (3.9, 9.2, -0.3)
Boid Radius= 10
Boid Frame=
 -0.05877	0.38939	-0.91919	3.89394
-0.00895	0.92054	0.39054	9.20543
-0.99823	-0.03118	0.05062	-0.31184
0.00000	0.00000	0.00000	1.00000

boidNo = 5
boid Wall No = 1
position = = (3.9, 6.5, -6.5)
Boid Radius= 9.999999
Boid Frame=
 -0.53670	0.39048	-0.74799	3.90480
-0.41714	0.64778	0.63748	6.47779
-0.73345	-0.65415	0.18478	-6.54147
0.00000	0.00000	0.00000	1.00000

boidNo = 6
boid Wall No = 0
position = = (3.6, -3.0, 8.9)
Boid Radius= 10
Boid Frame=
 0.60534	0.35844	0.71070	3.58439
-0.64851	-0.29562	0.70146	-2.95620
-0.46153	0.88551	-0.05350	8.85511
0.00000	0.00000	0.00000	1.00000

boidNo = 7
boid Wall No = 1
position = = (-3.3, 3.1, -8.9)
Boid Radius= 10
Boid Frame=
 -0.76846	-0.33361	-0.54605	-3.33609
-0.63623	0.30707	0.70776	3.07071
0.06844	-0.89130	0.44822	-8.91298
0.00000	0.00000	0.00000	1.00000

boidNo = 8
boid Wall No = 0
position = = (-1.4, -9.9, 0.9)
Boid Radius= 10
Boid Frame=
 -0.11428	-0.13521	-0.98421	-1.35207
0.10420	-0.98686	0.12347	-9.86862
0.98797	0.08844	-0.12686	0.88442
0.00000	0.00000	0.00000	1.00000

boidNo = 9
boid Wall No = 0
position = = (7.6, -0.2, -6.5)
Boid Radius= 10
Boid Frame=
 -0.44378	0.75785	-0.47824	7.57852
-0.74922	-0.02098	0.66199	-0.20977
-0.49166	-0.65209	-0.57711	-6.52089
0.00000	0.00000	0.00000	1.00000

boidNo = 10
boid Wall No = 1
position = = (3.3, 8.6, -3.9)
Boid Radius= 10
Boid Frame=
 -0.65003	0.33009	-0.68447	3.30089
-0.09162	0.86011	0.50181	8.60114
-0.75436	-0.38890	0.52886	-3.88902
0.00000	0.00000	0.00000	1.00000

boidNo = 11
boid Wall No = 0
position = = (3.0, -9.5, 1.1)
Boid Radius= 10
Boid Frame=
 0.66205	0.29911	0.68718	2.99115
0.12439	-0.94804	0.29282	-9.48042
-0.73906	0.10838	0.66486	1.08380
0.00000	0.00000	0.00000	1.00000

boidNo = 12
boid Wall No = 1
position = = (8.7, 3.5, 3.6)
Boid Radius= 10
Boid Frame=
 0.49940	0.86564	0.03554	8.65642
-0.65563	0.35079	0.66865	3.50789
-0.56634	0.35723	-0.74273	3.57227
0.00000	0.00000	0.00000	1.00000

boidNo = 13
boid Wall No = 0
position = = (-3.5, -8.6, -3.7)
Boid Radius= 9.999999
Boid Frame=
 -0.86049	-0.34793	-0.37216	-3.47926
0.13529	-0.86031	0.49148	-8.60314
0.49117	-0.37257	-0.78736	-3.72569
0.00000	0.00000	0.00000	1.00000

boidNo = 14
boid Wall No = 0
position = = (0.3, -10.0, 0.1)
Boid Radius= 10
Boid Frame=
 0.46298	0.02773	0.88594	0.27735
0.00073	-0.99952	0.03091	-9.99522
-0.88637	0.01366	0.46278	0.13664
0.00000	0.00000	0.00000	1.00000

