Iteration Num of Simuation:0
m_SimulationDeltaT of action plan:0
boidNo = 0
boid Wall No = 0
position = = (-6.9, -7.3, 0.4)
Boid Radius= 10
Boid Frame=
 0.18933	-0.68723	-0.70133	-6.87230
-0.12981	-0.72550	0.67587	-7.25501
0.97329	0.03693	0.22657	0.36927
0.00000	0.00000	0.00000	1.00000

boidNo = 1
boid Wall No = 1
position = = (9.3, 3.3, -1.4)
Boid Radius= 10
Boid Frame=
 0.09731	0.93460	-0.34214	9.34596
-0.61008	0.32763	0.72143	3.27626
-0.78634	-0.13854	-0.60206	-1.38536
0.00000	0.00000	0.00000	1.00000

boidNo = 2
boid Wall No = 0
position = = (-7.4, -5.2, -4.3)
Boid Radius= 10
Boid Frame=
 -0.26213	-0.73598	-0.62420	-7.35977
-0.36594	-0.52271	0.76998	-5.22708
0.89296	-0.43025	0.13231	-4.30249
0.00000	0.00000	0.00000	1.00000

boidNo = 3
boid Wall No = 0
position = = (1.1, -9.9, -0.6)
Boid Radius= 10
Boid Frame=
 -0.53857	0.11163	-0.83515	1.11626
-0.10709	-0.99222	-0.06356	-9.92216
0.83575	-0.05520	-0.54633	-0.55200
0.00000	0.00000	0.00000	1.00000

boidNo = 4
boid Wall No = 1
position = = (6.9, 5.1, 5.2)
Boid Radius= 10
Boid Frame=
 0.72714	0.68613	0.02202	6.86132
-0.49885	0.50610	0.70357	5.06099
-0.47160	0.52258	-0.71029	5.22578
0.00000	0.00000	0.00000	1.00000

boidNo = 5
boid Wall No = 0
position = = (9.5, -0.8, -2.9)
Boid Radius= 10
Boid Frame=
 -0.27184	0.95246	-0.13755	9.52462
-0.66720	-0.08354	0.74018	-0.83536
-0.69350	-0.29298	-0.65819	-2.92983
0.00000	0.00000	0.00000	1.00000

boidNo = 6
boid Wall No = 0
position = = (3.1, -6.5, 7.0)
Boid Radius= 10
Boid Frame=
 0.70220	0.30572	0.64299	3.05725
-0.34288	-0.64628	0.68174	-6.46276
-0.62397	0.69919	0.34899	6.99185
0.00000	0.00000	0.00000	1.00000

boidNo = 7
boid Wall No = 1
position = = (2.4, 3.0, 9.2)
Boid Radius= 10
Boid Frame=
 0.79260	0.24120	0.56001	2.41196
-0.60969	0.30181	0.73293	3.01811
-0.00776	0.92235	-0.38627	9.22353
0.00000	0.00000	0.00000	1.00000

boidNo = 8
boid Wall No = 1
position = = (8.4, 4.1, -3.4)
Boid Radius= 10
Boid Frame=
 -0.02857	0.84386	-0.53580	8.43861
-0.60524	0.41199	0.68114	4.11991
-0.79553	-0.34375	-0.49897	-3.43746
0.00000	0.00000	0.00000	1.00000

boidNo = 9
boid Wall No = 0
position = = (-6.6, -4.7, 5.8)
Boid Radius= 10
Boid Frame=
 0.74519	-0.66218	0.07874	-6.62183
-0.49421	-0.46914	0.73189	-4.69145
0.44770	0.58431	0.67686	5.84309
0.00000	0.00000	0.00000	1.00000

boidNo = 10
boid Wall No = 0
position = = (-0.8, -10.0, -0.4)
Boid Radius= 10
Boid Frame=
 -0.47058	-0.07622	-0.87906	-0.76223
-0.00208	-0.99616	0.08749	-9.96163
0.88236	-0.04300	-0.46862	-0.42997
0.00000	0.00000	0.00000	1.00000

boidNo = 11
boid Wall No = 0
position = = (1.7, -9.8, -0.6)
Boid Radius= 10
Boid Frame=
 -0.25635	0.16521	0.95236	1.65209
0.01746	-0.98433	0.17546	-9.84333
-0.96643	-0.06161	-0.24944	-0.61606
0.00000	0.00000	0.00000	1.00000

boidNo = 12
boid Wall No = 0
position = = (-7.8, -2.7, -5.7)
Boid Radius= 9.999999
Boid Frame=
 -0.30123	-0.77763	-0.55187	-7.77626
-0.62942	-0.27259	0.72768	-2.72595
0.71630	-0.56656	0.40734	-5.66560
0.00000	0.00000	0.00000	1.00000

boidNo = 13
boid Wall No = 1
position = = (7.8, 4.1, 4.8)
Boid Radius= 10
Boid Frame=
 0.62705	0.77749	0.04804	7.77494
-0.56560	0.41202	0.71438	4.12022
-0.53563	0.47512	-0.69811	4.75122
0.00000	0.00000	0.00000	1.00000

boidNo = 14
boid Wall No = 1
position = = (2.3, 4.4, -8.7)
Boid Radius= 10
Boid Frame=
 -0.69089	0.23023	-0.68532	2.30234
-0.55638	0.43597	0.70737	4.35974
-0.46164	-0.87001	0.17311	-8.70011
0.00000	0.00000	0.00000	1.00000

