Iteration Num of Simuation:0
m_SimulationDeltaT of action plan:0
boidNo = 0
boid Wall No = 0
position = = (-4.8, -8.6, 1.4)
Boid Radius= 10
Boid Frame=
 0.50468	-0.48304	-0.71552	-4.83040
-0.14032	-0.86369	0.48409	-8.63691
0.85182	0.14391	0.50367	1.43911
0.00000	0.00000	0.00000	1.00000

boidNo = 1
boid Wall No = 0
position = = (-4.1, -1.2, -9.0)
Boid Radius= 10
Boid Frame=
 -0.23591	-0.41126	-0.88046	-4.11262
-0.94429	-0.11696	0.30764	-1.16963
0.22950	-0.90398	0.36076	-9.03982
0.00000	0.00000	0.00000	1.00000

boidNo = 2
boid Wall No = 1
position = = (-9.1, 0.8, -4.1)
Boid Radius= 10
Boid Frame=
 -0.35323	-0.90847	-0.22341	-9.08467
-0.66728	0.07728	0.74079	0.77277
0.65572	-0.41075	0.63350	-4.10751
0.00000	0.00000	0.00000	1.00000

boidNo = 3
boid Wall No = 1
position = = (1.9, 7.1, 6.8)
Boid Radius= 10
Boid Frame=
 0.75748	0.19431	0.62327	1.94310
-0.54890	0.70642	0.44687	7.06416
0.35345	0.68060	-0.64176	6.80603
0.00000	0.00000	0.00000	1.00000

boidNo = 4
boid Wall No = 0
position = = (-9.6, 0.0, 2.7)
Boid Radius= 10
Boid Frame=
 0.21194	-0.96369	0.16245	-9.63687
-0.61013	-0.00063	0.79230	-0.00626
0.76343	0.26703	0.58811	2.67033
0.00000	0.00000	0.00000	1.00000

boidNo = 5
boid Wall No = 1
position = = (8.7, 4.2, 2.4)
Boid Radius= 10
Boid Frame=
 0.47412	0.87483	-0.09939	8.74834
-0.64258	0.42098	0.64021	4.20984
-0.60192	0.23966	-0.76175	2.39663
0.00000	0.00000	0.00000	1.00000

boidNo = 6
boid Wall No = 1
position = = (0.2, 10.0, -0.8)
Boid Radius= 10
Boid Frame=
 -0.97953	0.02484	0.19974	0.24838
0.04075	0.99628	0.07596	9.96278
0.19711	-0.08255	0.97690	-0.82545
0.00000	0.00000	0.00000	1.00000

boidNo = 7
boid Wall No = 1
position = = (7.0, 4.0, -6.0)
Boid Radius= 10
Boid Frame=
 -0.32013	0.69531	-0.64348	6.95312
-0.57745	0.39525	0.71437	3.95253
-0.75105	-0.60026	-0.27498	-6.00264
0.00000	0.00000	0.00000	1.00000

boidNo = 8
boid Wall No = 1
position = = (1.7, 4.4, -8.8)
Boid Radius= 10
Boid Frame=
 -0.64765	0.17332	-0.74196	1.73323
-0.62088	0.44438	0.64578	4.44383
-0.44164	-0.87891	0.18019	-8.78910
0.00000	0.00000	0.00000	1.00000

boidNo = 9
boid Wall No = 0
position = = (-4.2, -5.7, 7.0)
Boid Radius= 10
Boid Frame=
 0.90339	-0.42424	0.06255	-4.24242
-0.32046	-0.57094	0.75587	-5.70941
0.28496	0.70288	0.65173	7.02883
0.00000	0.00000	0.00000	1.00000

boidNo = 10
boid Wall No = 1
position = = (-0.4, 3.8, -9.2)
Boid Radius= 10
Boid Frame=
 -0.70874	-0.03625	-0.70454	-0.36253
-0.66131	0.38191	0.64561	3.81914
-0.24567	-0.92349	0.29465	-9.23487
0.00000	0.00000	0.00000	1.00000

boidNo = 11
boid Wall No = 0
position = = (3.7, -9.0, 2.3)
Boid Radius= 10
Boid Frame=
 0.12398	0.37437	0.91895	3.74371
-0.19481	-0.89889	0.39248	-8.98893
-0.97297	0.22768	0.03851	2.27679
0.00000	0.00000	0.00000	1.00000

boidNo = 12
boid Wall No = 1
position = = (-5.8, 0.4, -8.1)
Boid Radius= 9.999999
Boid Frame=
 -0.59719	-0.57922	-0.55487	-5.79215
-0.70168	0.04211	0.71124	0.42109
0.38860	-0.81409	0.43157	-8.14086
0.00000	0.00000	0.00000	1.00000

boidNo = 13
boid Wall No = 1
position = = (-1.1, 9.9, -0.8)
Boid Radius= 10
Boid Frame=
 -0.99287	-0.11420	0.03421	-1.14202
-0.11078	0.98984	0.08913	9.89840
0.04404	-0.08471	0.99543	-0.84707
0.00000	0.00000	0.00000	1.00000

boidNo = 14
boid Wall No = 0
position = = (6.4, -5.9, -4.9)
Boid Radius= 10
Boid Frame=
 -0.75059	0.64291	0.15259	6.42908
-0.35959	-0.59117	0.72195	-5.91169
-0.55436	-0.48702	-0.67491	-4.87020
0.00000	0.00000	0.00000	1.00000

boidNo = 15
boid Wall No = 1
position = = (-9.8, 0.2, 1.9)
Boid Radius= 10
Boid Frame=
 0.10848	-0.98121	0.15956	-9.81209
-0.76137	0.02120	0.64798	0.21196
0.63918	0.19178	0.74476	1.91782
0.00000	0.00000	0.00000	1.00000

boidNo = 16
boid Wall No = 0
position = = (2.4, -0.9, -9.7)
Boid Radius= 9.999999
Boid Frame=
 -0.75860	0.24004	-0.60573	2.40037
-0.63912	-0.09341	0.76341	-0.93412
-0.12666	-0.96626	-0.22428	-9.66259
0.00000	0.00000	0.00000	1.00000

boidNo = 17
boid Wall No = 0
position = = (1.5, -8.1, -5.6)
Boid Radius= 10
Boid Frame=
 -0.94749	0.14704	-0.28397	1.47039
-0.27925	-0.81314	0.51070	-8.13145
0.15581	-0.56318	-0.81151	-5.63183
0.00000	0.00000	0.00000	1.00000

boidNo = 18
boid Wall No = 1
position = = (1.8, 9.8, -1.3)
Boid Radius= 10
Boid Frame=
 0.36121	0.17679	-0.91557	1.76795
-0.18765	0.97556	0.11434	9.75557
-0.91341	-0.13051	-0.38556	-1.30509
0.00000	0.00000	0.00000	1.00000

boidNo = 19
boid Wall No = 0
position = = (0.0, -3.2, -9.5)
Boid Radius= 10
Boid Frame=
 -0.83378	-0.00116	-0.55209	-0.01156
-0.52318	-0.31771	0.79078	-3.17713
0.17632	-0.94819	-0.26430	-9.48186
0.00000	0.00000	0.00000	1.00000

