Iteration Num of Simuation:0
m_SimulationDeltaT of action plan:0
boidNo = 0
boid Wall No = 1
position = = (-3.1, 9.5, -0.2)
Boid Radius= 10
Boid Frame=
 0.02343	-0.31420	0.94907	-3.14197
0.02846	0.94915	0.31352	9.49154
0.99932	-0.01967	-0.03118	-0.19667
0.00000	0.00000	0.00000	1.00000

boidNo = 1
boid Wall No = 0
position = = (-0.1, -9.9, -1.6)
Boid Radius= 10
Boid Frame=
 -0.88499	-0.00513	0.46558	-0.05130
0.07967	-0.98686	0.14057	-9.86860
-0.45874	-0.16149	-0.87377	-1.61494
0.00000	0.00000	0.00000	1.00000

boidNo = 2
boid Wall No = 1
position = = (9.3, 3.6, -1.1)
Boid Radius= 10
Boid Frame=
 0.15997	0.92599	-0.34197	9.25993
-0.63987	0.36107	0.67837	3.61070
-0.75165	-0.11030	-0.65028	-1.10299
0.00000	0.00000	0.00000	1.00000

boidNo = 3
boid Wall No = 0
position = = (5.5, -0.4, -8.4)
Boid Radius= 10
Boid Frame=
 -0.48320	0.54667	-0.68386	5.46672
-0.83145	-0.04186	0.55402	-0.41860
-0.27424	-0.83630	-0.47476	-8.36300
0.00000	0.00000	0.00000	1.00000

boidNo = 4
boid Wall No = 1
position = = (8.2, 4.7, -3.4)
Boid Radius= 10
Boid Frame=
 -0.02922	0.81518	-0.57848	8.15176
-0.54543	0.47197	0.69264	4.71968
-0.83765	-0.33576	-0.43083	-3.35759
0.00000	0.00000	0.00000	1.00000

boidNo = 5
boid Wall No = 1
position = = (5.9, 8.0, 1.3)
Boid Radius= 10
Boid Frame=
 0.45082	0.58859	-0.67106	5.88591
-0.19585	0.79870	0.56897	7.98697
-0.87086	0.12508	-0.47535	1.25077
0.00000	0.00000	0.00000	1.00000

boidNo = 6
boid Wall No = 1
position = = (-8.7, 3.5, -3.5)
Boid Radius= 10
Boid Frame=
 -0.49887	-0.86642	-0.02127	-8.66417
-0.64156	0.35268	0.68119	3.52680
0.58269	-0.35347	0.73180	-3.53466
0.00000	0.00000	0.00000	1.00000

boidNo = 7
boid Wall No = 1
position = = (-1.6, 1.7, -9.7)
Boid Radius= 10
Boid Frame=
 -0.72737	-0.15976	-0.66739	-1.59759
-0.68625	0.17207	0.70672	1.72068
-0.00193	-0.97204	0.23479	-9.72044
0.00000	0.00000	0.00000	1.00000

boidNo = 8
boid Wall No = 0
position = = (3.0, -7.6, 5.8)
Boid Radius= 10
Boid Frame=
 0.84580	0.29653	0.44350	2.96534
-0.07118	-0.76115	0.64466	-7.61147
-0.52874	0.57682	0.62267	5.76822
0.00000	0.00000	0.00000	1.00000

boidNo = 9
boid Wall No = 0
position = = (-1.8, -9.3, -3.1)
Boid Radius= 10
Boid Frame=
 -0.98164	-0.18448	0.04841	-1.84484
0.19036	-0.93172	0.30930	-9.31719
0.01195	-0.31284	-0.94973	-3.12836
0.00000	0.00000	0.00000	1.00000

boidNo = 10
boid Wall No = 0
position = = (-0.3, -10.0, 0.6)
Boid Radius= 10
Boid Frame=
 0.76621	-0.03303	-0.64175	-0.33027
0.01161	-0.99780	0.06521	-9.97804
0.64249	0.05741	0.76414	0.57413
0.00000	0.00000	0.00000	1.00000

boidNo = 11
boid Wall No = 0
position = = (-3.9, -2.7, 8.8)
Boid Radius= 10
Boid Frame=
 0.78142	-0.38795	0.48875	-3.87951
-0.60320	-0.26903	0.75085	-2.69033
0.15980	0.88154	0.44424	8.81542
0.00000	0.00000	0.00000	1.00000

boidNo = 12
boid Wall No = 1
position = = (-2.7, 9.1, -3.2)
Boid Radius= 10
Boid Frame=
 -0.80107	-0.27239	0.53300	-2.72387
-0.02962	0.90741	0.41921	9.07405
0.59784	-0.32003	0.73496	-3.20034
0.00000	0.00000	0.00000	1.00000

boidNo = 13
boid Wall No = 1
position = = (4.7, 8.7, -1.3)
Boid Radius= 10
Boid Frame=
 -0.02301	0.46815	-0.88335	4.68146
-0.13176	0.87446	0.46686	8.74458
-0.99101	-0.12714	-0.04156	-1.27136
0.00000	0.00000	0.00000	1.00000

boidNo = 14
boid Wall No = 1
position = = (2.4, 6.7, -7.0)
Boid Radius= 10
Boid Frame=
 -0.74786	0.23541	-0.62072	2.35405
-0.33495	0.67347	0.65897	6.73472
-0.57316	-0.70073	0.42481	-7.00728
0.00000	0.00000	0.00000	1.00000

