Iteration Num of Simuation:0
m_SimulationDeltaT of action plan:0
boidNo = 0
boid Wall No = 1
position = = (1.1, 9.8, -1.3)
Boid Radius= 10
Boid Frame=
 -0.95193	0.11143	-0.28532	1.11427
0.06710	0.98472	0.16069	9.84721
-0.29886	-0.13382	0.94487	-1.33821
0.00000	0.00000	0.00000	1.00000

boidNo = 1
boid Wall No = 1
position = = (-7.6, 5.9, 2.7)
Boid Radius= 10
Boid Frame=
 -0.02631	-0.76093	0.64830	-7.60931
-0.44448	0.58979	0.67423	5.89794
0.89540	0.27042	0.35373	2.70420
0.00000	0.00000	0.00000	1.00000

boidNo = 2
boid Wall No = 0
position = = (-5.4, -8.2, -1.8)
Boid Radius= 10
Boid Frame=
 -0.37697	-0.54215	-0.75098	-5.42153
0.04350	-0.82026	0.57033	-8.20260
0.92520	-0.18233	-0.33280	-1.82329
0.00000	0.00000	0.00000	1.00000

boidNo = 3
boid Wall No = 0
position = = (-6.5, -7.4, -1.3)
Boid Radius= 10
Boid Frame=
 0.05294	-0.65498	-0.75379	-6.54984
-0.22241	-0.74362	0.63053	-7.43617
0.97351	-0.13427	0.18505	-1.34273
0.00000	0.00000	0.00000	1.00000

boidNo = 4
boid Wall No = 1
position = = (-3.6, 5.5, 7.6)
Boid Radius= 9.999999
Boid Frame=
 0.61522	-0.35535	0.70373	-3.55353
-0.47345	0.54722	0.69022	5.47218
0.63036	0.75781	-0.16842	7.57811
0.00000	0.00000	0.00000	1.00000

boidNo = 5
boid Wall No = 1
position = = (6.4, 7.3, -2.5)
Boid Radius= 9.999999
Boid Frame=
 -0.06349	0.63916	-0.76645	6.39156
-0.26758	0.72898	0.63007	7.28980
-0.96144	-0.24509	-0.12474	-2.45088
0.00000	0.00000	0.00000	1.00000

boidNo = 6
boid Wall No = 1
position = = (-4.6, 5.2, 7.2)
Boid Radius= 10
Boid Frame=
 0.49627	-0.46139	0.73542	-4.61388
-0.52212	0.51817	0.67742	5.18167
0.69362	0.72016	-0.01625	7.20155
0.00000	0.00000	0.00000	1.00000

boidNo = 7
boid Wall No = 0
position = = (4.1, -3.0, 8.6)
Boid Radius= 9.999999
Boid Frame=
 0.62582	0.41236	0.66205	4.12358
-0.59481	-0.29675	0.74709	-2.96748
-0.50453	0.86134	-0.05957	8.61337
0.00000	0.00000	0.00000	1.00000

boidNo = 8
boid Wall No = 0
position = = (1.0, -0.2, -10.0)
Boid Radius= 10
Boid Frame=
 -0.66804	0.09630	-0.73787	0.96297
-0.74231	-0.01696	0.66985	-0.16956
-0.05199	-0.99521	-0.08281	-9.95208
0.00000	0.00000	0.00000	1.00000

boidNo = 9
boid Wall No = 1
position = = (5.7, 2.5, -7.8)
Boid Radius= 10
Boid Frame=
 -0.42363	0.57487	-0.70004	5.74873
-0.72082	0.25410	0.64486	2.54097
-0.54859	-0.77779	-0.30674	-7.77789
0.00000	0.00000	0.00000	1.00000

boidNo = 10
boid Wall No = 0
position = = (-2.2, -9.2, -3.3)
Boid Radius= 10
Boid Frame=
 -0.95876	-0.22401	-0.17496	-2.24006
0.14581	-0.91599	0.37376	-9.15993
0.24398	-0.33283	-0.91088	-3.32832
0.00000	0.00000	0.00000	1.00000

boidNo = 11
boid Wall No = 0
position = = (4.1, -8.5, 3.2)
Boid Radius= 10
Boid Frame=
 0.70976	0.41456	0.56955	4.14561
0.08592	-0.85341	0.51411	-8.53411
-0.69919	0.31596	0.64133	3.15958
0.00000	0.00000	0.00000	1.00000

boidNo = 12
boid Wall No = 0
position = = (-1.1, -9.5, -3.0)
Boid Radius= 10
Boid Frame=
 -0.97725	-0.10516	0.18416	-1.05164
0.15403	-0.94887	0.27554	-9.48869
-0.14577	-0.29764	-0.94349	-2.97638
0.00000	0.00000	0.00000	1.00000

boidNo = 13
boid Wall No = 0
position = = (4.3, 0.0, 9.0)
Boid Radius= 10
Boid Frame=
 0.69131	0.42692	0.58295	4.26920
-0.64399	-0.00183	0.76503	-0.01828
-0.32767	0.90429	-0.27367	9.04287
0.00000	0.00000	0.00000	1.00000

boidNo = 14
boid Wall No = 1
position = = (-2.8, 9.6, -0.6)
Boid Radius= 10
Boid Frame=
 -0.01578	-0.27793	0.96047	-2.77926
0.05608	0.95883	0.27837	9.58835
0.99830	-0.05825	-0.00045	-0.58252
0.00000	0.00000	0.00000	1.00000

