Iteration Num of Simuation:0
m_SimulationDeltaT of action plan:0
boidNo = 0
boid Wall No = 0
position = = (-2.2, -9.8, -0.4)
Boid Radius= 10
Boid Frame=
 0.00982	-0.21811	-0.97588	-2.18106
-0.03846	-0.97528	0.21759	-9.75283
0.99921	-0.03540	0.01797	-0.35396
0.00000	0.00000	0.00000	1.00000

boidNo = 1
boid Wall No = 0
position = = (-0.6, -10.0, 0.5)
Boid Radius= 10
Boid Frame=
 0.62262	-0.06200	-0.78007	-0.61998
0.00233	-0.99671	0.08108	-9.96705
0.78252	0.05230	0.62042	0.52297
0.00000	0.00000	0.00000	1.00000

boidNo = 2
boid Wall No = 1
position = = (-4.5, 2.7, -8.5)
Boid Radius= 10
Boid Frame=
 -0.75141	-0.45481	-0.47805	-4.54809
-0.62699	0.26639	0.73207	2.66391
0.20560	-0.84981	0.48533	-8.49814
0.00000	0.00000	0.00000	1.00000

boidNo = 3
boid Wall No = 1
position = = (2.3, 9.3, -3.0)
Boid Radius= 10
Boid Frame=
 -0.75555	0.22607	-0.61485	2.26073
-0.02750	0.92680	0.37456	9.26795
-0.65452	-0.29990	0.69402	-2.99903
0.00000	0.00000	0.00000	1.00000

boidNo = 4
boid Wall No = 0
position = = (0.0, -10.0, 0.2)
Boid Radius= 10
Boid Frame=
 0.97881	0.00484	0.20473	0.04837
0.00059	-0.99978	0.02083	-9.99783
-0.20479	0.02026	0.97860	0.20265
0.00000	0.00000	0.00000	1.00000

boidNo = 5
boid Wall No = 0
position = = (-2.4, -3.3, -9.1)
Boid Radius= 9.999999
Boid Frame=
 -0.77068	-0.24459	-0.58841	-2.44585
-0.50405	-0.33094	0.79775	-3.30936
0.38985	-0.91141	-0.13176	-9.11405
0.00000	0.00000	0.00000	1.00000

boidNo = 6
boid Wall No = 0
position = = (-9.0, -4.3, -0.6)
Boid Radius= 10
Boid Frame=
 0.14691	-0.90052	-0.40924	-9.00522
-0.43813	-0.43017	0.78930	-4.30172
0.88683	-0.06334	0.45774	-0.63345
0.00000	0.00000	0.00000	1.00000

boidNo = 7
boid Wall No = 1
position = = (5.5, 0.9, -8.3)
Boid Radius= 10
Boid Frame=
 -0.59410	0.55357	-0.58361	5.53569
-0.65675	0.08512	0.74929	0.85123
-0.46446	-0.82844	-0.31298	-8.28441
0.00000	0.00000	0.00000	1.00000

boidNo = 8
boid Wall No = 1
position = = (-3.4, 6.3, -7.0)
Boid Radius= 10
Boid Frame=
 -0.82850	-0.34144	-0.44385	-3.41443
-0.55256	0.62716	0.54895	6.27160
-0.09093	-0.70006	0.70827	-7.00062
0.00000	0.00000	0.00000	1.00000

boidNo = 9
boid Wall No = 1
position = = (4.5, 8.9, 0.0)
Boid Radius= 10
Boid Frame=
 0.12597	0.45164	-0.88327	4.51635
-0.06768	0.89220	0.44655	8.92196
-0.98972	-0.00353	-0.14296	-0.03530
0.00000	0.00000	0.00000	1.00000

boidNo = 10
boid Wall No = 1
position = = (4.7, 7.4, 4.9)
Boid Radius= 10
Boid Frame=
 0.86949	0.46680	-0.16153	4.66802
-0.28033	0.73556	0.61674	7.35560
-0.40671	0.49097	-0.77042	4.90966
0.00000	0.00000	0.00000	1.00000

boidNo = 11
boid Wall No = 0
position = = (1.7, -9.0, 4.0)
Boid Radius= 9.999999
Boid Frame=
 0.96318	0.17378	0.20513	1.73779
0.07125	-0.90073	0.42850	-9.00727
-0.25923	0.39811	0.87995	3.98111
0.00000	0.00000	0.00000	1.00000

boidNo = 12
boid Wall No = 0
position = = (-9.0, -1.1, -4.2)
Boid Radius= 10
Boid Frame=
 -0.26239	-0.90210	-0.34258	-9.02101
-0.62928	-0.10918	0.76947	-1.09175
0.73154	-0.41749	0.53903	-4.17486
0.00000	0.00000	0.00000	1.00000

boidNo = 13
boid Wall No = 0
position = = (7.7, -4.3, 4.7)
Boid Radius= 10
Boid Frame=
 -0.45690	0.76869	0.44761	7.68690
-0.88690	-0.43227	-0.16296	-4.32266
-0.06822	0.47145	-0.87925	4.71447
0.00000	0.00000	0.00000	1.00000

boidNo = 14
boid Wall No = 1
position = = (-3.3, 1.1, -9.4)
Boid Radius= 10
Boid Frame=
 -0.68585	-0.33247	-0.64736	-3.32465
-0.71045	0.11311	0.69459	1.13113
0.15770	-0.93631	0.31378	-9.36308
0.00000	0.00000	0.00000	1.00000

