Iteration Num of Simuation:0
m_SimulationDeltaT of action plan:0
boidNo = 0
boid Wall No = 1
position = = (-6.4, 5.6, -5.3)
Boid Radius= 10
Boid Frame=
 -0.76414	-0.63898	-0.08830	-6.38976
-0.53806	0.55589	0.63362	5.55892
0.35578	-0.53169	0.76859	-5.31689
0.00000	0.00000	0.00000	1.00000

boidNo = 1
boid Wall No = 0
position = = (-8.6, -4.2, -3.1)
Boid Radius= 10
Boid Frame=
 -0.10211	-0.85627	-0.50634	-8.56265
-0.44400	-0.41626	0.79347	-4.16264
0.89019	-0.30583	0.33768	-3.05834
0.00000	0.00000	0.00000	1.00000

boidNo = 2
boid Wall No = 0
position = = (7.2, -6.7, 1.8)
Boid Radius= 10
Boid Frame=
 0.00720	0.71873	0.69525	7.18731
-0.24621	-0.67259	0.69786	-6.72590
-0.96919	0.17621	-0.17212	1.76207
0.00000	0.00000	0.00000	1.00000

boidNo = 3
boid Wall No = 0
position = = (-0.1, -9.8, -1.9)
Boid Radius= 10
Boid Frame=
 -0.99920	-0.01462	-0.03734	-0.14619
0.00732	-0.98203	0.18859	-9.82029
0.03943	-0.18816	-0.98135	-1.88163
0.00000	0.00000	0.00000	1.00000

boidNo = 4
boid Wall No = 0
position = = (-0.2, -5.9, -8.1)
Boid Radius= 9.999999
Boid Frame=
 -0.88499	-0.01794	-0.46526	-0.17944
-0.36682	-0.58856	0.72045	-5.88559
0.28676	-0.80826	-0.51429	-8.08255
0.00000	0.00000	0.00000	1.00000

boidNo = 5
boid Wall No = 0
position = = (-2.7, -7.9, -5.5)
Boid Radius= 10
Boid Frame=
 -0.77233	-0.27202	-0.57403	-2.72016
-0.15967	-0.79153	0.58991	-7.91527
0.61483	-0.54726	-0.56789	-5.47259
0.00000	0.00000	0.00000	1.00000

boidNo = 6
boid Wall No = 0
position = = (0.8, -8.9, -4.5)
Boid Radius= 10
Boid Frame=
 -0.97700	0.08495	0.19558	0.84955
0.01363	-0.89045	0.45487	-8.90454
-0.21280	-0.44707	-0.86882	-4.47074
0.00000	0.00000	0.00000	1.00000

boidNo = 7
boid Wall No = 0
position = = (0.0, -9.9, 1.4)
Boid Radius= 10
Boid Frame=
 0.99675	-0.00316	0.08051	-0.03163
-0.01462	-0.98974	0.14216	-9.89736
-0.07923	0.14287	0.98657	1.42870
0.00000	0.00000	0.00000	1.00000

boidNo = 8
boid Wall No = 1
position = = (-4.7, 8.7, -1.2)
Boid Radius= 10
Boid Frame=
 -0.64728	-0.47062	0.59962	-4.70618
-0.25225	0.87457	0.41411	8.74574
0.71930	-0.11679	0.68481	-1.16788
0.00000	0.00000	0.00000	1.00000

boidNo = 9
boid Wall No = 0
position = = (5.6, -7.7, -3.0)
Boid Radius= 10
Boid Frame=
 -0.81960	0.55954	-0.12317	5.59542
-0.56980	-0.77358	0.27732	-7.73578
-0.05988	-0.29747	-0.95285	-2.97473
0.00000	0.00000	0.00000	1.00000

boidNo = 10
boid Wall No = 0
position = = (1.4, -6.5, 7.4)
Boid Radius= 10
Boid Frame=
 0.89140	0.14284	0.43012	1.42840
-0.24126	-0.65385	0.71713	-6.53847
-0.38367	0.74302	0.54838	7.43022
0.00000	0.00000	0.00000	1.00000

boidNo = 11
boid Wall No = 1
position = = (0.3, 9.9, 1.2)
Boid Radius= 10
Boid Frame=
 0.81194	0.02705	-0.58311	0.27048
0.04540	0.99297	0.10927	9.92975
-0.58197	0.11519	-0.80501	1.15193
0.00000	0.00000	0.00000	1.00000

boidNo = 12
boid Wall No = 0
position = = (-8.2, -5.7, 0.9)
Boid Radius= 10
Boid Frame=
 0.40198	-0.81876	-0.40994	-8.18758
-0.45287	-0.56689	0.68815	-5.66886
0.79582	0.09097	0.59866	0.90972
0.00000	0.00000	0.00000	1.00000

boidNo = 13
boid Wall No = 0
position = = (4.2, -9.0, -1.0)
Boid Radius= 10
Boid Frame=
 -0.69865	0.42128	-0.57828	4.21276
-0.39348	-0.90130	-0.18120	-9.01297
0.59754	-0.10095	-0.79546	-1.00946
0.00000	0.00000	0.00000	1.00000

boidNo = 14
boid Wall No = 0
position = = (7.8, -1.9, -6.0)
Boid Radius= 10
Boid Frame=
 -0.09575	0.77756	-0.62148	7.77559
-0.97869	-0.18746	-0.08376	-1.87462
0.18163	-0.60022	-0.77894	-6.00217
0.00000	0.00000	0.00000	1.00000

boidNo = 15
boid Wall No = 0
position = = (1.7, -3.5, 9.2)
Boid Radius= 10
Boid Frame=
 0.80840	0.17120	0.56319	1.71197
-0.48534	-0.34754	0.80229	-3.47536
-0.33308	0.92191	0.19786	9.21906
0.00000	0.00000	0.00000	1.00000

boidNo = 16
boid Wall No = 0
position = = (-5.0, -8.4, -2.1)
Boid Radius= 10
Boid Frame=
 -0.49792	-0.49847	-0.70965	-4.98473
0.08330	-0.84201	0.53300	-8.42007
0.86321	-0.20628	-0.46078	-2.06276
0.00000	0.00000	0.00000	1.00000

boidNo = 17
boid Wall No = 0
position = = (-0.8, -9.8, -1.9)
Boid Radius= 10
Boid Frame=
 -0.98128	-0.08447	-0.17309	-0.84468
0.04765	-0.97723	0.20677	-9.77228
0.18662	-0.19465	-0.96296	-1.94654
0.00000	0.00000	0.00000	1.00000

boidNo = 18
boid Wall No = 0
position = = (1.4, -7.7, 6.2)
Boid Radius= 10
Boid Frame=
 0.93145	0.13855	0.33647	1.38548
-0.11184	-0.77091	0.62704	-7.70915
-0.34626	0.62169	0.70257	6.21688
0.00000	0.00000	0.00000	1.00000

boidNo = 19
boid Wall No = 0
position = = (2.7, -9.5, 1.3)
Boid Radius= 10
Boid Frame=
 0.59927	0.26794	0.75438	2.67944
0.05663	-0.95415	0.29392	-9.54152
-0.79854	0.13342	0.58697	1.33415
0.00000	0.00000	0.00000	1.00000

