Iteration Num of Simuation:0
m_SimulationDeltaT of action plan:0
boidNo = 0
boid Wall No = 0
position = = (0.6, -10.0, -0.7)
Boid Radius= 10
Boid Frame=
 -0.77179	0.06248	0.63280	0.62480
-0.00151	-0.99534	0.09643	-9.95339
-0.63588	-0.07346	-0.76829	-0.73464
0.00000	0.00000	0.00000	1.00000

boidNo = 1
boid Wall No = 1
position = = (-1.6, 9.0, 4.1)
Boid Radius= 10
Boid Frame=
 0.89591	-0.16109	0.41399	-1.61093
-0.04081	0.89814	0.43780	8.98144
0.44235	0.40913	-0.79809	4.09129
0.00000	0.00000	0.00000	1.00000

boidNo = 2
boid Wall No = 1
position = = (9.1, 3.9, -1.5)
Boid Radius= 10
Boid Frame=
 0.09324	0.90804	-0.40837	9.08044
-0.53682	0.39128	0.74748	3.91279
-0.83853	-0.14952	-0.52393	-1.49522
0.00000	0.00000	0.00000	1.00000

boidNo = 3
boid Wall No = 1
position = = (7.3, 3.9, -5.7)
Boid Radius= 10
Boid Frame=
 -0.01901	0.72516	-0.68832	7.25156
-0.81244	0.39004	0.43336	3.90044
-0.58273	-0.56746	-0.58173	-5.67462
0.00000	0.00000	0.00000	1.00000

boidNo = 4
boid Wall No = 0
position = = (-3.3, -6.7, -6.7)
Boid Radius= 10
Boid Frame=
 -0.77146	-0.33149	-0.54310	-3.31493
-0.21513	-0.66740	0.71295	-6.67403
0.59881	-0.66685	-0.44356	-6.66847
0.00000	0.00000	0.00000	1.00000

boidNo = 5
boid Wall No = 0
position = = (5.5, -5.3, 6.4)
Boid Radius= 10
Boid Frame=
 -0.14572	0.54884	0.82313	5.48841
-0.81965	-0.53290	0.21022	-5.32901
-0.55402	0.64404	-0.52751	6.44042
0.00000	0.00000	0.00000	1.00000

boidNo = 6
boid Wall No = 0
position = = (6.0, -7.2, 3.5)
Boid Radius= 10
Boid Frame=
 0.29389	0.60157	0.74279	6.01570
-0.20991	-0.71752	0.66415	-7.17522
-0.93251	0.35111	0.08460	3.51108
0.00000	0.00000	0.00000	1.00000

boidNo = 7
boid Wall No = 1
position = = (-3.4, 9.4, 0.3)
Boid Radius= 10
Boid Frame=
 -0.43165	-0.34408	0.83384	-3.44079
-0.18570	0.93849	0.29113	9.38487
0.88272	0.02918	0.46899	0.29180
0.00000	0.00000	0.00000	1.00000

boidNo = 8
boid Wall No = 0
position = = (1.6, -4.1, -9.0)
Boid Radius= 10
Boid Frame=
 0.06968	0.15941	-0.98475	1.59411
-0.90462	-0.40599	-0.12973	-4.05989
0.42048	-0.89987	-0.11592	-8.99867
0.00000	0.00000	0.00000	1.00000

boidNo = 9
boid Wall No = 1
position = = (1.8, 8.3, -5.3)
Boid Radius= 10
Boid Frame=
 -0.83469	0.17869	-0.52092	1.78691
-0.15509	0.83135	0.53368	8.31346
-0.52843	-0.52625	0.66620	-5.26245
0.00000	0.00000	0.00000	1.00000

boidNo = 10
boid Wall No = 0
position = = (-1.1, -9.9, 0.6)
Boid Radius= 10
Boid Frame=
 0.42705	-0.10604	-0.89799	-1.06043
0.00594	-0.99275	0.12006	-9.92749
0.90421	0.05660	0.42332	0.56602
0.00000	0.00000	0.00000	1.00000

boidNo = 11
boid Wall No = 1
position = = (6.4, 7.1, 3.1)
Boid Radius= 10
Boid Frame=
 0.73831	0.63565	-0.22549	6.35648
-0.43769	0.70592	0.55687	7.05924
-0.51315	0.31245	-0.79941	3.12449
0.00000	0.00000	0.00000	1.00000

boidNo = 12
boid Wall No = 1
position = = (0.8, 9.9, 1.2)
Boid Radius= 10
Boid Frame=
 0.99199	0.07805	0.09928	0.78046
-0.08938	0.98929	0.11541	9.89288
0.08921	0.12336	-0.98834	1.23361
0.00000	0.00000	0.00000	1.00000

boidNo = 13
boid Wall No = 1
position = = (-3.1, 9.5, -0.9)
Boid Radius= 10
Boid Frame=
 -0.39464	-0.31364	0.86365	-3.13636
-0.04709	0.94561	0.32188	9.45608
0.91763	-0.08636	0.38794	-0.86360
0.00000	0.00000	0.00000	1.00000

boidNo = 14
boid Wall No = 0
position = = (1.5, -3.8, 9.1)
Boid Radius= 10
Boid Frame=
 0.77880	0.15278	0.60838	1.52777
-0.52088	-0.38289	0.76294	-3.82885
-0.34950	0.91108	0.21861	9.11075
0.00000	0.00000	0.00000	1.00000

boidNo = 15
boid Wall No = 1
position = = (7.1, 6.6, 2.4)
Boid Radius= 10
Boid Frame=
 0.69012	0.71378	-0.11940	7.13777
-0.60266	0.65817	0.45124	6.58168
-0.40067	0.23945	-0.88438	2.39451
0.00000	0.00000	0.00000	1.00000

boidNo = 16
boid Wall No = 0
position = = (5.1, -0.5, 8.6)
Boid Radius= 10
Boid Frame=
 0.45630	0.50557	0.73225	5.05570
-0.83085	-0.05254	0.55401	-0.52538
-0.31856	0.86118	-0.39608	8.61185
0.00000	0.00000	0.00000	1.00000

boidNo = 17
boid Wall No = 1
position = = (-4.8, 8.8, -0.7)
Boid Radius= 10
Boid Frame=
 -0.43112	-0.47836	0.76505	-4.78364
-0.16806	0.87563	0.45280	8.75630
0.88650	-0.06663	0.45790	-0.66634
0.00000	0.00000	0.00000	1.00000

boidNo = 18
boid Wall No = 0
position = = (5.2, -1.1, -8.5)
Boid Radius= 10
Boid Frame=
 -0.62816	0.51626	-0.58214	5.16261
-0.72106	-0.10510	0.68486	-1.05096
-0.29239	-0.84996	-0.43827	-8.49959
0.00000	0.00000	0.00000	1.00000

boidNo = 19
boid Wall No = 1
position = = (0.6, 9.0, -4.3)
Boid Radius= 10
Boid Frame=
 -0.97968	0.06247	-0.19059	0.62470
-0.02613	0.90240	0.43011	9.02398
-0.19886	-0.42635	0.88243	-4.26352
0.00000	0.00000	0.00000	1.00000

