Iteration Num of Simuation:0
m_SimulationDeltaT of action plan:0
boidNo = 0
boid Wall No = 1
position = = (-6.1, 4.9, -6.2)
Boid Radius= 10
Boid Frame=
 -0.77477	-0.60881	-0.17051	-6.08815
-0.53619	0.48982	0.68744	4.89818
0.33500	-0.62404	0.70594	-6.24038
0.00000	0.00000	0.00000	1.00000

boidNo = 1
boid Wall No = 1
position = = (6.0, 7.4, -3.1)
Boid Radius= 10
Boid Frame=
 -0.13817	0.60216	-0.78633	6.02159
-0.28229	0.73707	0.61404	7.37070
-0.94933	-0.30681	-0.06815	-3.06811
0.00000	0.00000	0.00000	1.00000

boidNo = 2
boid Wall No = 0
position = = (-0.1, -10.0, 0.0)
Boid Radius= 10
Boid Frame=
 0.37863	-0.00692	-0.92552	-0.06923
0.00040	-0.99997	0.00764	-9.99971
0.92555	0.00326	0.37861	0.03262
0.00000	0.00000	0.00000	1.00000

boidNo = 3
boid Wall No = 0
position = = (-4.3, -3.9, -8.1)
Boid Radius= 10
Boid Frame=
 -0.54441	-0.43130	-0.71944	-4.31302
-0.60567	-0.39126	0.69288	-3.91264
0.58033	-0.81295	0.04822	-8.12952
0.00000	0.00000	0.00000	1.00000

boidNo = 4
boid Wall No = 1
position = = (-7.8, 5.8, -2.6)
Boid Radius= 10
Boid Frame=
 -0.56692	-0.77532	0.27837	-7.75315
-0.45862	0.57776	0.67518	5.77760
0.68431	-0.25511	0.68311	-2.55108
0.00000	0.00000	0.00000	1.00000

boidNo = 5
boid Wall No = 1
position = = (-8.3, 0.0, -5.5)
Boid Radius= 9.999999
Boid Frame=
 -0.39386	-0.83187	-0.39098	-8.31869
-0.70710	0.00245	0.70710	0.02447
0.58726	-0.55497	0.58918	-5.54967
0.00000	0.00000	0.00000	1.00000

boidNo = 6
boid Wall No = 1
position = = (0.5, 9.9, -1.6)
Boid Radius= 10
Boid Frame=
 -0.99415	0.05337	0.09395	0.53368
0.06784	0.98506	0.15828	9.85061
0.08410	-0.16373	0.98291	-1.63729
0.00000	0.00000	0.00000	1.00000

boidNo = 7
boid Wall No = 0
position = = (-4.2, -6.2, -6.7)
Boid Radius= 10
Boid Frame=
 -0.44831	-0.42332	-0.78728	-4.23321
-0.49561	-0.61526	0.61305	-6.15259
0.74390	-0.66502	-0.06603	-6.65023
0.00000	0.00000	0.00000	1.00000

boidNo = 8
boid Wall No = 1
position = = (2.5, 9.7, -0.6)
Boid Radius= 9.999999
Boid Frame=
 -0.41662	0.25069	-0.87383	2.50691
0.04836	0.96598	0.25407	9.65976
-0.90779	-0.06359	0.41457	-0.63591
0.00000	0.00000	0.00000	1.00000

boidNo = 9
boid Wall No = 0
position = = (-5.6, -6.7, 5.0)
Boid Radius= 10
Boid Frame=
 0.78785	-0.55549	-0.26593	-5.55490
-0.22960	-0.66560	0.71011	-6.65598
0.57146	0.49841	0.65194	4.98408
0.00000	0.00000	0.00000	1.00000

boidNo = 10
boid Wall No = 1
position = = (6.4, 0.5, 7.7)
Boid Radius= 10
Boid Frame=
 0.57024	0.64057	0.51429	6.40571
-0.69817	0.04802	0.71432	0.48019
-0.43288	0.76640	-0.47461	7.66396
0.00000	0.00000	0.00000	1.00000

boidNo = 11
boid Wall No = 0
position = = (7.4, -3.5, 5.8)
Boid Radius= 10
Boid Frame=
 0.24480	0.73711	0.62988	7.37106
-0.65333	-0.35461	0.66889	-3.54605
-0.71640	0.57526	-0.39477	5.75265
0.00000	0.00000	0.00000	1.00000

boidNo = 12
boid Wall No = 0
position = = (-2.5, -6.2, -7.4)
Boid Radius= 10
Boid Frame=
 -0.81934	-0.24502	-0.51831	-2.45018
-0.27703	-0.62231	0.73211	-6.22313
0.50193	-0.74343	-0.44201	-7.43433
0.00000	0.00000	0.00000	1.00000

boidNo = 13
boid Wall No = 0
position = = (5.6, -5.0, 6.6)
Boid Radius= 10
Boid Frame=
 0.46083	0.55911	0.68923	5.59112
-0.47331	-0.50211	0.72378	-5.02115
-0.75075	0.65975	-0.03324	6.59753
0.00000	0.00000	0.00000	1.00000

boidNo = 14
boid Wall No = 0
position = = (-4.1, -0.5, 9.1)
Boid Radius= 9.999999
Boid Frame=
 0.59974	-0.41437	0.68455	-4.14370
-0.76542	-0.04761	0.64177	-0.47606
0.23334	0.90886	0.34572	9.08863
0.00000	0.00000	0.00000	1.00000

