Iteration Num of Simuation:0
m_SimulationDeltaT of action plan:0
boidNo = 0
boid Wall No = 0
position = = (-7.2, -5.8, -3.8)
Boid Radius= 10
Boid Frame=
 -0.22226	-0.71821	-0.65938	-7.18205
-0.32260	-0.58403	0.74488	-5.84030
0.92007	-0.37827	0.10188	-3.78273
0.00000	0.00000	0.00000	1.00000

boidNo = 1
boid Wall No = 1
position = = (1.9, 5.7, 8.0)
Boid Radius= 10
Boid Frame=
 0.87752	0.18619	0.44191	1.86193
-0.46254	0.57182	0.67755	5.71821
0.12654	0.79897	-0.58791	7.98970
0.00000	0.00000	0.00000	1.00000

boidNo = 2
boid Wall No = 1
position = = (0.0, 8.9, 4.5)
Boid Radius= 10
Boid Frame=
 0.97737	-0.00242	0.21150	-0.02420
-0.09237	0.89465	0.43710	8.94655
0.19028	0.44675	-0.87419	4.46752
0.00000	0.00000	0.00000	1.00000

boidNo = 3
boid Wall No = 0
position = = (-2.8, -9.4, -1.9)
Boid Radius= 10
Boid Frame=
 -0.86087	-0.28165	-0.42376	-2.81646
0.15973	-0.94032	0.30048	-9.40319
0.48310	-0.19099	-0.85448	-1.90989
0.00000	0.00000	0.00000	1.00000

boidNo = 4
boid Wall No = 1
position = = (-2.3, 9.3, -2.9)
Boid Radius= 10
Boid Frame=
 -0.76228	-0.22865	0.60552	-2.28651
0.01695	0.92815	0.37182	9.28151
0.64703	-0.29369	0.70363	-2.93691
0.00000	0.00000	0.00000	1.00000

boidNo = 5
boid Wall No = 1
position = = (-0.6, 10.0, 0.7)
Boid Radius= 10
Boid Frame=
 0.92707	-0.05816	0.37035	-0.58161
0.02616	0.99552	0.09085	9.95521
0.37398	0.07453	-0.92444	0.74530
0.00000	0.00000	0.00000	1.00000

boidNo = 6
boid Wall No = 0
position = = (0.6, -8.0, -6.0)
Boid Radius= 10
Boid Frame=
 -0.99566	0.05995	0.07116	0.59951
-0.00482	-0.79701	0.60394	-7.97012
-0.09293	-0.60098	-0.79384	-6.00980
0.00000	0.00000	0.00000	1.00000

boidNo = 7
boid Wall No = 0
position = = (-2.2, -7.4, -6.4)
Boid Radius= 10
Boid Frame=
 -0.89152	-0.22026	-0.39583	-2.20264
-0.11300	-0.73806	0.66521	-7.38060
0.43867	-0.63777	-0.63310	-6.37770
0.00000	0.00000	0.00000	1.00000

boidNo = 8
boid Wall No = 1
position = = (-4.2, 6.1, -6.7)
Boid Radius= 10
Boid Frame=
 -0.88411	-0.41758	-0.20971	-4.17576
-0.44389	0.61032	0.65610	6.10323
0.14598	-0.67315	0.72495	-6.73154
0.00000	0.00000	0.00000	1.00000

boidNo = 9
boid Wall No = 1
position = = (3.6, 6.6, -6.6)
Boid Radius= 10
Boid Frame=
 -0.62834	0.36380	-0.68763	3.63803
-0.34728	0.65978	0.66640	6.59778
-0.69612	-0.65753	0.28822	-6.57527
0.00000	0.00000	0.00000	1.00000

boidNo = 10
boid Wall No = 1
position = = (4.3, 7.9, 4.4)
Boid Radius= 10
Boid Frame=
 0.85291	0.42794	-0.29901	4.27939
-0.19055	0.78844	0.58486	7.88437
-0.48603	0.44185	-0.75402	4.41854
0.00000	0.00000	0.00000	1.00000

boidNo = 11
boid Wall No = 0
position = = (3.3, -8.7, -3.6)
Boid Radius= 10
Boid Frame=
 -0.58524	0.32614	0.74238	3.26143
0.11564	-0.87261	0.47452	-8.72613
-0.80257	-0.36356	-0.47297	-3.63563
0.00000	0.00000	0.00000	1.00000

boidNo = 12
boid Wall No = 1
position = = (4.0, 8.8, 2.6)
Boid Radius= 10
Boid Frame=
 0.63061	0.40309	-0.66321	4.03092
-0.06145	0.87779	0.47508	8.77793
-0.77366	0.25884	-0.57831	2.58838
0.00000	0.00000	0.00000	1.00000

boidNo = 13
boid Wall No = 0
position = = (3.9, -4.5, -8.0)
Boid Radius= 10
Boid Frame=
 -0.84438	0.39012	-0.36719	3.90116
-0.52338	-0.45430	0.72089	-4.54302
-0.11442	-0.80089	-0.58778	-8.00886
0.00000	0.00000	0.00000	1.00000

boidNo = 14
boid Wall No = 1
position = = (0.5, 10.0, -0.3)
Boid Radius= 10
Boid Frame=
 -0.77333	0.05427	-0.63168	0.54268
0.02246	0.99805	0.05825	9.98050
-0.63361	-0.03086	0.77304	-0.30859
0.00000	0.00000	0.00000	1.00000

