Iteration Num of Simuation:0
m_SimulationDeltaT of action plan:0
boidNo = 0
boid Wall No = 1
position = = (2.4, 9.1, 3.3)
Boid Radius= 10
Boid Frame=
 0.92682	0.24384	-0.28558	2.43836
-0.11961	0.91258	0.39103	9.12576
-0.35596	0.32825	-0.87496	3.28253
0.00000	0.00000	0.00000	1.00000

boidNo = 1
boid Wall No = 1
position = = (-1.2, 9.9, -0.4)
Boid Radius= 10
Boid Frame=
 -0.89854	-0.12387	0.42104	-1.23868
-0.09428	0.99143	0.09047	9.91426
0.42864	-0.04160	0.90252	-0.41601
0.00000	0.00000	0.00000	1.00000

boidNo = 2
boid Wall No = 1
position = = (-4.0, 8.7, -2.9)
Boid Radius= 10
Boid Frame=
 -0.84986	-0.40339	0.33915	-4.03387
-0.23963	0.86894	0.43304	8.68938
0.46938	-0.28675	0.83514	-2.86751
0.00000	0.00000	0.00000	1.00000

boidNo = 3
boid Wall No = 0
position = = (-2.5, -8.8, -4.1)
Boid Radius= 10
Boid Frame=
 -0.83939	-0.25066	-0.48227	-2.50663
-0.01226	-0.87835	0.47787	-8.78345
0.54339	-0.40703	-0.73420	-4.07035
0.00000	0.00000	0.00000	1.00000

boidNo = 4
boid Wall No = 0
position = = (-9.4, -2.0, 2.8)
Boid Radius= 10
Boid Frame=
 0.31660	-0.93940	0.13151	-9.39399
-0.80927	-0.19518	0.55406	-1.95178
0.49482	0.28184	0.82202	2.81844
0.00000	0.00000	0.00000	1.00000

boidNo = 5
boid Wall No = 0
position = = (9.1, -4.0, -1.1)
Boid Radius= 9.999999
Boid Frame=
 -0.34588	0.90938	0.23107	9.09381
-0.58582	-0.40167	0.70390	-4.01671
-0.73293	-0.10810	-0.67166	-1.08102
0.00000	0.00000	0.00000	1.00000

boidNo = 6
boid Wall No = 1
position = = (0.3, 9.4, 3.4)
Boid Radius= 10
Boid Frame=
 0.52227	0.02824	0.85231	0.28240
-0.30311	0.94033	0.15458	9.40333
0.79709	0.33908	-0.49967	3.39081
0.00000	0.00000	0.00000	1.00000

boidNo = 7
boid Wall No = 0
position = = (0.3, -9.3, 3.8)
Boid Radius= 10
Boid Frame=
 0.99894	0.03133	-0.03379	0.31332
0.04177	-0.92532	0.37688	-9.25318
0.01946	0.37790	0.92564	3.77896
0.00000	0.00000	0.00000	1.00000

boidNo = 8
boid Wall No = 1
position = = (-1.9, 8.9, -4.0)
Boid Radius= 10
Boid Frame=
 -0.93551	-0.19078	0.29738	-1.90777
-0.04105	0.89467	0.44483	8.94672
0.35092	-0.40394	0.84480	-4.03938
0.00000	0.00000	0.00000	1.00000

boidNo = 9
boid Wall No = 1
position = = (1.9, 8.8, -4.3)
Boid Radius= 10
Boid Frame=
 -0.86315	0.19081	-0.46752	1.90807
-0.05588	0.88408	0.46399	8.84077
-0.50185	-0.42662	0.75243	-4.26615
0.00000	0.00000	0.00000	1.00000

boidNo = 10
boid Wall No = 0
position = = (-0.3, -7.4, -6.8)
Boid Radius= 10
Boid Frame=
 -0.96949	-0.02568	-0.24377	-0.25683
-0.14629	-0.73733	0.65951	-7.37327
0.19668	-0.67505	-0.71108	-6.75048
0.00000	0.00000	0.00000	1.00000

boidNo = 11
boid Wall No = 0
position = = (4.8, -4.6, 7.5)
Boid Radius= 10
Boid Frame=
 0.59638	0.48381	0.64051	4.83814
-0.45364	-0.45515	0.76619	-4.55153
-0.66222	0.74750	0.05197	7.47503
0.00000	0.00000	0.00000	1.00000

boidNo = 12
boid Wall No = 0
position = = (-5.7, -0.2, -8.2)
Boid Radius= 10
Boid Frame=
 -0.60924	-0.56969	-0.55162	-5.69686
-0.66324	-0.01525	0.74825	-0.15246
0.43468	-0.82172	0.36855	-8.21721
0.00000	0.00000	0.00000	1.00000

boidNo = 13
boid Wall No = 1
position = = (-9.3, 0.6, 3.7)
Boid Radius= 10
Boid Frame=
 0.15188	-0.92540	0.34723	-9.25399
-0.84241	0.06256	0.53519	0.62555
0.51698	0.37380	0.77007	3.73796
0.00000	0.00000	0.00000	1.00000

boidNo = 14
boid Wall No = 0
position = = (8.8, -0.9, -4.7)
Boid Radius= 9.999999
Boid Frame=
 -0.17649	0.87510	-0.45062	8.75096
-0.97508	-0.09293	0.20143	-0.92934
-0.13439	-0.47494	-0.86969	-4.74942
0.00000	0.00000	0.00000	1.00000

boidNo = 15
boid Wall No = 1
position = = (5.5, 1.5, -8.2)
Boid Radius= 10
Boid Frame=
 -0.48429	0.54568	-0.68389	5.45676
-0.74660	0.14977	0.64820	1.49768
-0.45613	-0.82450	-0.33487	-8.24505
0.00000	0.00000	0.00000	1.00000

boidNo = 16
boid Wall No = 1
position = = (-4.7, 5.7, 6.7)
Boid Radius= 10
Boid Frame=
 0.53251	-0.47381	0.70138	-4.73808
-0.42479	0.56713	0.70563	5.67131
0.73211	0.67370	-0.10074	6.73698
0.00000	0.00000	0.00000	1.00000

boidNo = 17
boid Wall No = 0
position = = (-0.1, -9.9, 1.6)
Boid Radius= 10
Boid Frame=
 0.99664	-0.00501	0.08178	-0.05010
-0.01763	-0.98787	0.15428	-9.87870
-0.08001	0.15520	0.98464	1.55204
0.00000	0.00000	0.00000	1.00000

boidNo = 18
boid Wall No = 1
position = = (5.9, 6.1, -5.2)
Boid Radius= 10
Boid Frame=
 -0.25490	0.59497	-0.76226	5.94966
-0.47171	0.61163	0.63514	6.11627
-0.84410	-0.52147	-0.12475	-5.21467
0.00000	0.00000	0.00000	1.00000

boidNo = 19
boid Wall No = 1
position = = (5.2, 7.7, -3.6)
Boid Radius= 10
Boid Frame=
 0.20954	0.52383	-0.82565	5.23826
-0.52895	0.77090	0.35485	7.70902
-0.82238	-0.36238	-0.43861	-3.62376
0.00000	0.00000	0.00000	1.00000

