Iteration Num of Simuation:0
m_SimulationDeltaT of action plan:0
boidNo = 0
boid Wall No = 1
position = = (0.6, 7.1, -7.0)
Boid Radius= 10
Boid Frame=
 -0.84875	0.05949	-0.52543	0.59487
-0.33373	0.71050	0.61953	7.10495
-0.41017	-0.70118	0.58318	-7.01183
0.00000	0.00000	0.00000	1.00000

boidNo = 1
boid Wall No = 0
position = = (1.3, -7.1, 6.9)
Boid Radius= 10
Boid Frame=
 0.92759	0.13198	0.34951	1.31977
-0.15791	-0.70935	0.68694	-7.09349
-0.33859	0.69239	0.63714	6.92392
0.00000	0.00000	0.00000	1.00000

boidNo = 2
boid Wall No = 0
position = = (5.6, -3.0, 7.7)
Boid Radius= 10
Boid Frame=
 0.50050	0.55697	0.66278	5.56974
-0.62247	-0.30055	0.72263	-3.00548
-0.60168	0.77424	-0.19628	7.74242
0.00000	0.00000	0.00000	1.00000

boidNo = 3
boid Wall No = 1
position = = (0.8, 8.9, 4.5)
Boid Radius= 10
Boid Frame=
 0.99620	0.07868	-0.03742	0.78680
-0.05309	0.88872	0.45537	8.88716
-0.06908	0.45166	-0.88951	4.51657
0.00000	0.00000	0.00000	1.00000

boidNo = 4
boid Wall No = 0
position = = (0.1, -10.0, 0.2)
Boid Radius= 10
Boid Frame=
 0.93179	0.01200	0.36281	0.12004
0.00335	-0.99970	0.02446	-9.99695
-0.36299	0.02158	0.93154	0.21575
0.00000	0.00000	0.00000	1.00000

boidNo = 5
boid Wall No = 1
position = = (-0.7, 7.5, -6.6)
Boid Radius= 10
Boid Frame=
 -0.93323	-0.07158	-0.35207	-0.71583
-0.28378	0.74785	0.60016	7.47852
-0.22033	-0.65999	0.71823	-6.59994
0.00000	0.00000	0.00000	1.00000

boidNo = 6
boid Wall No = 1
position = = (-0.9, 3.2, -9.4)
Boid Radius= 10
Boid Frame=
 -0.75779	-0.09200	-0.64598	-0.92000
-0.63666	0.32110	0.70112	3.21097
-0.14292	-0.94257	0.30190	-9.42567
0.00000	0.00000	0.00000	1.00000

boidNo = 7
boid Wall No = 0
position = = (6.6, -5.4, -5.2)
Boid Radius= 10
Boid Frame=
 -0.74550	0.66121	0.08383	6.61207
-0.39631	-0.54089	0.74187	-5.40892
-0.53588	-0.51985	-0.66528	-5.19847
0.00000	0.00000	0.00000	1.00000

boidNo = 8
boid Wall No = 1
position = = (0.5, 9.3, 3.6)
Boid Radius= 10
Boid Frame=
 0.98638	0.04898	-0.15702	0.48976
0.01241	0.92976	0.36795	9.29765
-0.16401	0.36488	-0.91649	3.64883
0.00000	0.00000	0.00000	1.00000

boidNo = 9
boid Wall No = 1
position = = (-1.6, 9.6, -2.4)
Boid Radius= 10
Boid Frame=
 -0.72341	-0.16462	0.67051	-1.64622
0.04688	0.95721	0.28559	9.57206
0.68883	-0.23803	0.68473	-2.38028
0.00000	0.00000	0.00000	1.00000

boidNo = 10
boid Wall No = 0
position = = (-5.1, -1.4, 8.5)
Boid Radius= 10
Boid Frame=
 0.67541	-0.51412	0.52868	-5.14119
-0.67547	-0.14364	0.72326	-1.43640
0.29590	0.84561	0.44429	8.45606
0.00000	0.00000	0.00000	1.00000

boidNo = 11
boid Wall No = 1
position = = (8.3, 5.4, 0.9)
Boid Radius= 10
Boid Frame=
 0.39348	0.83375	-0.38734	8.33753
-0.47070	0.54462	0.69414	5.44619
-0.78970	0.09081	-0.60674	0.90811
0.00000	0.00000	0.00000	1.00000

boidNo = 12
boid Wall No = 0
position = = (1.9, -9.3, 3.2)
Boid Radius= 9.999999
Boid Frame=
 0.97800	0.19467	0.07497	1.94671
0.15831	-0.92666	0.34095	-9.26657
-0.13585	0.32158	0.93709	3.21575
0.00000	0.00000	0.00000	1.00000

boidNo = 13
boid Wall No = 0
position = = (-4.2, -9.1, -0.1)
Boid Radius= 10
Boid Frame=
 -0.45672	-0.42138	-0.78349	-4.21379
0.20408	-0.90684	0.36876	-9.06844
0.86589	-0.00853	-0.50017	-0.08526
0.00000	0.00000	0.00000	1.00000

boidNo = 14
boid Wall No = 0
position = = (8.7, -4.7, 1.2)
Boid Radius= 10
Boid Frame=
 -0.12807	0.87451	0.46780	8.74507
-0.45994	-0.47026	0.75320	-4.70264
-0.87866	0.11870	-0.46245	1.18698
0.00000	0.00000	0.00000	1.00000

boidNo = 15
boid Wall No = 0
position = = (0.9, -3.9, -9.2)
Boid Radius= 10
Boid Frame=
 -0.81965	0.09448	-0.56502	0.94475
-0.55250	-0.39098	0.73612	-3.90983
0.15137	-0.91554	-0.37267	-9.15536
0.00000	0.00000	0.00000	1.00000

boidNo = 16
boid Wall No = 0
position = = (7.5, -4.8, -4.5)
Boid Radius= 10
Boid Frame=
 -0.65658	0.75330	0.03802	7.53301
-0.51186	-0.48202	0.71109	-4.82024
-0.55399	-0.44743	-0.70207	-4.47426
0.00000	0.00000	0.00000	1.00000

boidNo = 17
boid Wall No = 1
position = = (-1.2, 5.5, 8.2)
Boid Radius= 9.999999
Boid Frame=
 0.74039	-0.12196	0.66102	-1.21962
-0.50207	0.55352	0.66449	5.53517
0.44693	0.82386	-0.34859	8.23859
0.00000	0.00000	0.00000	1.00000

boidNo = 18
boid Wall No = 0
position = = (3.1, -9.5, 0.2)
Boid Radius= 10
Boid Frame=
 0.59606	0.31330	0.73930	3.13296
0.17901	-0.94941	0.25801	-9.49413
-0.78273	0.02145	0.62199	0.21453
0.00000	0.00000	0.00000	1.00000

boidNo = 19
boid Wall No = 1
position = = (-6.8, 7.1, -1.8)
Boid Radius= 10
Boid Frame=
 -0.53329	-0.67916	0.50432	-6.79160
-0.30506	0.71046	0.63418	7.10460
0.78901	-0.18436	0.58607	-1.84357
0.00000	0.00000	0.00000	1.00000

boidNo = 20
boid Wall No = 0
position = = (4.1, -2.5, -8.8)
Boid Radius= 10
Boid Frame=
 -0.69262	0.40995	-0.59348	4.09951
-0.71089	-0.24864	0.65789	-2.48643
-0.12214	-0.87756	-0.46364	-8.77563
0.00000	0.00000	0.00000	1.00000

boidNo = 21
boid Wall No = 0
position = = (-5.1, -6.6, 5.5)
Boid Radius= 10
Boid Frame=
 0.85330	-0.51378	-0.08895	-5.13776
-0.32592	-0.65871	0.67814	-6.58709
0.40701	0.54967	0.72953	5.49670
0.00000	0.00000	0.00000	1.00000

boidNo = 22
boid Wall No = 1
position = = (-0.9, 9.9, 0.7)
Boid Radius= 10
Boid Frame=
 0.77802	-0.09225	0.62143	-0.92245
0.03089	0.99358	0.10881	9.93583
0.62748	0.06546	-0.77588	0.65456
0.00000	0.00000	0.00000	1.00000

boidNo = 23
boid Wall No = 1
position = = (-3.8, 2.8, 8.8)
Boid Radius= 10
Boid Frame=
 0.53594	-0.38168	0.75305	-3.81681
-0.70705	0.28452	0.64740	2.84517
0.46136	0.87941	0.11738	8.79415
0.00000	0.00000	0.00000	1.00000

boidNo = 24
boid Wall No = 1
position = = (9.9, 1.2, -0.5)
Boid Radius= 10
Boid Frame=
 0.04675	0.99202	-0.11713	9.92015
-0.70972	0.11550	0.69495	1.15503
-0.70293	-0.05064	-0.70946	-0.50643
0.00000	0.00000	0.00000	1.00000

boidNo = 25
boid Wall No = 0
position = = (5.0, -8.4, -2.3)
Boid Radius= 10
Boid Frame=
 -0.30039	0.50072	0.81182	5.00719
0.07763	-0.83547	0.54403	-8.35467
-0.95065	-0.22644	-0.21210	-2.26440
0.00000	0.00000	0.00000	1.00000

boidNo = 26
boid Wall No = 1
position = = (-0.1, 9.7, -2.5)
Boid Radius= 10
Boid Frame=
 -0.95691	-0.00742	0.29028	-0.07417
0.06436	0.96939	0.23694	9.69390
0.28315	-0.24542	0.92714	-2.45415
0.00000	0.00000	0.00000	1.00000

boidNo = 27
boid Wall No = 1
position = = (-0.6, 6.6, -7.5)
Boid Radius= 10
Boid Frame=
 -0.87433	-0.06321	-0.48119	-0.63212
-0.39717	0.66300	0.63458	6.62999
-0.27892	-0.74595	0.60479	-7.45947
0.00000	0.00000	0.00000	1.00000

boidNo = 28
boid Wall No = 1
position = = (4.7, 5.9, -6.6)
Boid Radius= 10
Boid Frame=
 -0.49271	0.46538	-0.73529	4.65382
-0.44567	0.59079	0.67257	5.90792
-0.74740	-0.65908	0.08368	-6.59078
0.00000	0.00000	0.00000	1.00000

boidNo = 29
boid Wall No = 0
position = = (-7.7, -5.8, 2.6)
Boid Radius= 10
Boid Frame=
 0.50982	-0.76867	-0.38631	-7.68671
-0.31098	-0.58335	0.75034	-5.83345
0.80211	0.26240	0.53644	2.62401
0.00000	0.00000	0.00000	1.00000

boidNo = 30
boid Wall No = 0
position = = (6.1, -3.7, 7.0)
Boid Radius= 10
Boid Frame=
 0.44471	0.61031	0.65555	6.10311
-0.56693	-0.37482	0.73355	-3.74823
-0.69341	0.69787	-0.17932	6.97875
0.00000	0.00000	0.00000	1.00000

boidNo = 31
boid Wall No = 0
position = = (-1.9, -9.1, -3.7)
Boid Radius= 10
Boid Frame=
 -0.97872	-0.18834	-0.08144	-1.88343
0.14199	-0.90815	0.39382	-9.08155
0.14813	-0.37387	-0.91557	-3.73874
0.00000	0.00000	0.00000	1.00000

boidNo = 32
boid Wall No = 0
position = = (-4.0, -9.1, 1.1)
Boid Radius= 10
Boid Frame=
 -0.18498	-0.39931	-0.89796	-3.99308
0.19771	-0.91017	0.36401	-9.10170
0.96265	0.11020	-0.24731	1.10197
0.00000	0.00000	0.00000	1.00000

boidNo = 33
boid Wall No = 0
position = = (-3.8, -8.2, -4.3)
Boid Radius= 9.999999
Boid Frame=
 -0.78069	-0.38002	-0.49610	-3.80016
0.03457	-0.81891	0.57289	-8.18906
0.62397	-0.43009	-0.65245	-4.30094
0.00000	0.00000	0.00000	1.00000

boidNo = 34
boid Wall No = 0
position = = (-0.9, -9.9, -0.6)
Boid Radius= 10
Boid Frame=
 -0.52460	-0.09424	-0.84612	-0.94244
0.00062	-0.99390	0.11032	-9.93896
0.85135	-0.05735	-0.52146	-0.57353
0.00000	0.00000	0.00000	1.00000

boidNo = 35
boid Wall No = 1
position = = (-7.7, 5.8, 2.7)
Boid Radius= 10
Boid Frame=
 -0.02069	-0.76864	0.63935	-7.68641
-0.44386	0.58007	0.68302	5.80071
0.89586	0.26965	0.35317	2.69648
0.00000	0.00000	0.00000	1.00000

boidNo = 36
boid Wall No = 0
position = = (-3.4, -6.7, -6.5)
Boid Radius= 10
Boid Frame=
 -0.65698	-0.34348	-0.67112	-3.43479
-0.32564	-0.67357	0.66352	-6.73569
0.67995	-0.65447	-0.33067	-6.54467
0.00000	0.00000	0.00000	1.00000

boidNo = 37
boid Wall No = 0
position = = (7.1, -3.2, 6.3)
Boid Radius= 10
Boid Frame=
 0.38077	0.70926	0.59327	7.09257
-0.57644	-0.31960	0.75205	-3.19596
-0.72300	0.62834	-0.28715	6.28342
0.00000	0.00000	0.00000	1.00000

boidNo = 38
boid Wall No = 0
position = = (-4.1, -9.0, -1.4)
Boid Radius= 10
Boid Frame=
 -0.60889	-0.41260	-0.67751	-4.12604
0.15864	-0.90016	0.40563	-9.00165
0.77723	-0.13950	-0.61355	-1.39503
0.00000	0.00000	0.00000	1.00000

boidNo = 39
boid Wall No = 0
position = = (-7.3, -5.2, -4.5)
Boid Radius= 10
Boid Frame=
 -0.23783	-0.73219	-0.63823	-7.32193
-0.41875	-0.51559	0.74754	-5.15587
0.87641	-0.44504	0.18399	-4.45042
0.00000	0.00000	0.00000	1.00000

boidNo = 40
boid Wall No = 0
position = = (-9.4, -3.2, 0.8)
Boid Radius= 10
Boid Frame=
 0.25450	-0.94290	-0.21488	-9.42897
-0.55666	-0.32453	0.76473	-3.24528
0.79079	0.07501	0.60747	0.75011
0.00000	0.00000	0.00000	1.00000

boidNo = 41
boid Wall No = 1
position = = (0.1, 9.9, 1.3)
Boid Radius= 10
Boid Frame=
 0.92458	0.01347	-0.38076	0.13475
0.03588	0.99185	0.12222	9.91855
-0.37930	0.12666	-0.91656	1.26662
0.00000	0.00000	0.00000	1.00000

boidNo = 42
boid Wall No = 0
position = = (-8.5, -3.6, -3.9)
Boid Radius= 9.999999
Boid Frame=
 -0.07596	-0.84870	-0.52340	-8.48697
-0.64854	-0.35666	0.67246	-3.56659
0.75738	-0.39052	0.52332	-3.90523
0.00000	0.00000	0.00000	1.00000

boidNo = 43
boid Wall No = 1
position = = (-9.6, 1.5, 2.2)
Boid Radius= 10
Boid Frame=
 0.05827	-0.96413	0.25897	-9.64127
-0.67384	0.15341	0.72278	1.53412
0.73658	0.21662	0.64073	2.16621
0.00000	0.00000	0.00000	1.00000

boidNo = 44
boid Wall No = 0
position = = (-8.9, -4.1, 2.0)
Boid Radius= 10
Boid Frame=
 0.41395	-0.89262	-0.17855	-8.92618
-0.56621	-0.40606	0.71730	-4.06059
0.71278	0.19583	0.67349	1.95829
0.00000	0.00000	0.00000	1.00000

