Iteration Num of Simuation:0
m_SimulationDeltaT of action plan:0
boidNo = 0
boid Wall No = 1
position = = (0.4, 10.0, 0.9)
Boid Radius= 10
Boid Frame=
 0.65388	0.03656	-0.75572	0.36556
0.04078	0.99568	0.08345	9.95677
-0.75550	0.08538	-0.64956	0.85385
0.00000	0.00000	0.00000	1.00000

boidNo = 1
boid Wall No = 1
position = = (-9.3, 3.3, -1.7)
Boid Radius= 10
Boid Frame=
 -0.33885	-0.93002	0.14229	-9.30020
-0.58326	0.32632	0.74386	3.26315
0.73824	-0.16906	0.65301	-1.69061
0.00000	0.00000	0.00000	1.00000

boidNo = 2
boid Wall No = 0
position = = (-4.0, -3.4, 8.5)
Boid Radius= 10
Boid Frame=
 0.81321	-0.39659	0.42592	-3.96588
-0.56186	-0.34427	0.75219	-3.44275
0.15168	0.85100	0.50279	8.50995
0.00000	0.00000	0.00000	1.00000

boidNo = 3
boid Wall No = 0
position = = (2.3, -9.6, -1.6)
Boid Radius= 10
Boid Frame=
 -0.14278	0.23142	0.96232	2.31416
0.13103	-0.95930	0.25013	-9.59304
-0.98104	-0.16181	-0.10665	-1.61809
0.00000	0.00000	0.00000	1.00000

boidNo = 4
boid Wall No = 0
position = = (-1.5, -9.6, -2.4)
Boid Radius= 10
Boid Frame=
 -0.96662	-0.14592	0.21061	-1.45918
0.19082	-0.95852	0.21171	-9.58523
-0.17099	-0.24483	-0.95437	-2.44830
0.00000	0.00000	0.00000	1.00000

boidNo = 5
boid Wall No = 1
position = = (9.9, 1.1, -0.7)
Boid Radius= 10
Boid Frame=
 0.01671	0.99124	-0.13100	9.91241
-0.65335	0.11001	0.74902	1.10007
-0.75687	-0.07307	-0.64946	-0.73074
0.00000	0.00000	0.00000	1.00000

boidNo = 6
boid Wall No = 1
position = = (0.0, 1.4, -9.9)
Boid Radius= 10
Boid Frame=
 -0.74720	-0.00364	-0.66459	-0.03645
-0.65857	0.13842	0.73968	1.38421
-0.08930	-0.99037	0.10583	-9.90367
0.00000	0.00000	0.00000	1.00000

boidNo = 7
boid Wall No = 0
position = = (-2.9, -8.5, 4.3)
Boid Radius= 10
Boid Frame=
 0.75791	-0.29369	-0.58251	-2.93688
0.06962	-0.85142	0.51985	-8.51416
0.64863	0.43456	0.62485	4.34556
0.00000	0.00000	0.00000	1.00000

boidNo = 8
boid Wall No = 1
position = = (-4.4, 9.0, -0.1)
Boid Radius= 10
Boid Frame=
 -0.08174	-0.44297	0.89280	-4.42974
-0.03264	0.89651	0.44182	8.96508
0.99612	-0.00697	0.08774	-0.06974
0.00000	0.00000	0.00000	1.00000

boidNo = 9
boid Wall No = 1
position = = (1.9, 2.7, 9.4)
Boid Radius= 10
Boid Frame=
 0.72702	0.18873	0.66017	1.88734
-0.68483	0.26862	0.67739	2.68616
0.04949	0.94458	-0.32454	9.44577
0.00000	0.00000	0.00000	1.00000

boidNo = 10
boid Wall No = 1
position = = (5.5, 7.4, 3.8)
Boid Radius= 10
Boid Frame=
 0.76690	0.54700	-0.33563	5.47004
-0.26110	0.74368	0.61544	7.43684
-0.58625	0.38435	-0.71315	3.84345
0.00000	0.00000	0.00000	1.00000

boidNo = 11
boid Wall No = 0
position = = (0.0, -10.0, 0.0)
Boid Radius= 10
Boid Frame=
 0.00494	-0.00377	-0.99998	-0.03771
0.00106	-0.99999	0.00378	-9.99992
0.99999	0.00108	0.00494	0.01080
0.00000	0.00000	0.00000	1.00000

boidNo = 12
boid Wall No = 0
position = = (1.5, -9.9, -0.6)
Boid Radius= 10
Boid Frame=
 -0.15148	0.14513	0.97775	1.45132
0.03778	-0.98759	0.15245	-9.87590
-0.98774	-0.06003	-0.14412	-0.60029
0.00000	0.00000	0.00000	1.00000

boidNo = 13
boid Wall No = 0
position = = (-0.6, -7.0, 7.1)
Boid Radius= 10
Boid Frame=
 0.95880	-0.06402	0.27676	-0.64022
-0.24109	-0.69867	0.67360	-6.98666
-0.15024	0.71258	0.68532	7.12578
0.00000	0.00000	0.00000	1.00000

boidNo = 14
boid Wall No = 0
position = = (7.1, -5.6, -4.2)
Boid Radius= 10
Boid Frame=
 -0.69887	0.71419	0.03875	7.14194
-0.53739	-0.56008	0.63050	-5.60076
-0.47200	-0.41981	-0.77522	-4.19813
0.00000	0.00000	0.00000	1.00000

