Iteration Num of Simuation:0
m_SimulationDeltaT of action plan:0
boidNo = 0
boid Wall No = 0
position = = (-2.7, -9.6, 0.2)
Boid Radius= 10
Boid Frame=
 -0.56538	-0.26596	-0.78078	-2.65960
0.17075	-0.96382	0.20467	-9.63823
0.80697	0.01761	-0.59033	0.17606
0.00000	0.00000	0.00000	1.00000

boidNo = 1
boid Wall No = 1
position = = (-1.8, 8.7, -4.6)
Boid Radius= 10
Boid Frame=
 -0.96920	-0.18028	0.16779	-1.80281
-0.07654	0.86805	0.49054	8.68051
0.23409	-0.46259	0.85511	-4.62587
0.00000	0.00000	0.00000	1.00000

boidNo = 2
boid Wall No = 1
position = = (-1.7, 9.3, 3.3)
Boid Radius= 10
Boid Frame=
 0.91175	-0.16697	0.37528	-1.66968
0.01687	0.92810	0.37194	9.28104
0.41040	0.33278	-0.84902	3.32784
0.00000	0.00000	0.00000	1.00000

boidNo = 3
boid Wall No = 1
position = = (-1.1, 9.0, 4.1)
Boid Radius= 10
Boid Frame=
 0.95303	-0.11224	0.28131	-1.12238
-0.01920	0.90454	0.42596	9.04538
0.30226	0.41136	-0.85990	4.11357
0.00000	0.00000	0.00000	1.00000

boidNo = 4
boid Wall No = 1
position = = (8.2, 4.5, -3.6)
Boid Radius= 10
Boid Frame=
 -0.04623	0.82021	-0.57019	8.20212
-0.56908	0.44749	0.68986	4.47491
-0.82098	-0.35638	-0.44608	-3.56375
0.00000	0.00000	0.00000	1.00000

boidNo = 5
boid Wall No = 0
position = = (-3.7, -8.0, 4.7)
Boid Radius= 10
Boid Frame=
 0.78927	-0.36719	-0.49217	-3.67187
0.00166	-0.80023	0.59969	-8.00232
0.61404	0.47413	0.63099	4.74134
0.00000	0.00000	0.00000	1.00000

boidNo = 6
boid Wall No = 0
position = = (0.4, -10.0, 0.0)
Boid Radius= 10
Boid Frame=
 0.48413	0.04019	0.87408	0.40190
0.02247	-0.99919	0.03350	-9.99186
-0.87471	-0.00343	0.48463	-0.03427
0.00000	0.00000	0.00000	1.00000

boidNo = 7
boid Wall No = 0
position = = (5.6, -6.1, -5.6)
Boid Radius= 10
Boid Frame=
 -0.82270	0.56349	0.07512	5.63494
-0.34924	-0.60524	0.71535	-6.05239
-0.44856	-0.56228	-0.69472	-5.62281
0.00000	0.00000	0.00000	1.00000

boidNo = 8
boid Wall No = 0
position = = (-4.5, -1.1, -8.9)
Boid Radius= 10
Boid Frame=
 -0.60269	-0.44705	-0.66099	-4.47046
-0.69797	-0.10617	0.70821	-1.06171
0.38678	-0.88819	0.24804	-8.88188
0.00000	0.00000	0.00000	1.00000

boidNo = 9
boid Wall No = 0
position = = (5.5, -0.1, -8.4)
Boid Radius= 10
Boid Frame=
 -0.59495	0.54600	-0.58985	5.45997
-0.70709	-0.00660	0.70710	-0.06602
-0.38218	-0.83776	-0.39000	-8.37761
0.00000	0.00000	0.00000	1.00000

boidNo = 10
boid Wall No = 0
position = = (1.7, -7.0, -6.9)
Boid Radius= 10
Boid Frame=
 -0.98120	0.16932	-0.09266	1.69324
-0.18625	-0.70461	0.68472	-7.04607
-0.05065	-0.68910	-0.72289	-6.89100
0.00000	0.00000	0.00000	1.00000

boidNo = 11
boid Wall No = 1
position = = (-1.6, 9.8, 0.7)
Boid Radius= 10
Boid Frame=
 0.70824	-0.15836	0.68798	-1.58359
0.06150	0.98465	0.16334	9.84652
0.70328	0.07338	-0.70711	0.73376
0.00000	0.00000	0.00000	1.00000

boidNo = 12
boid Wall No = 0
position = = (-7.7, -3.2, 5.5)
Boid Radius= 10
Boid Frame=
 0.61529	-0.76781	0.17858	-7.67809
-0.61179	-0.32224	0.72241	-3.22240
0.49713	0.55374	0.66801	5.53743
0.00000	0.00000	0.00000	1.00000

boidNo = 13
boid Wall No = 0
position = = (1.0, -10.0, 0.0)
Boid Radius= 10
Boid Frame=
 0.69685	0.09926	0.71032	0.99258
0.07141	-0.99506	0.06899	-9.95058
-0.71365	-0.00265	0.70049	-0.02648
0.00000	0.00000	0.00000	1.00000

boidNo = 14
boid Wall No = 0
position = = (-0.8, -8.5, -5.1)
Boid Radius= 10
Boid Frame=
 -0.99442	-0.07687	0.07226	-0.76873
0.10306	-0.85430	0.50947	-8.54297
-0.02256	-0.51407	-0.85745	-5.14070
0.00000	0.00000	0.00000	1.00000

