Iteration Num of Simuation:0
m_SimulationDeltaT of action plan:0
boidNo = 0
boid Wall No = 1
position = = (-8.9, 4.5, 0.2)
Boid Radius= 10
Boid Frame=
 -0.26893	-0.89225	0.36272	-8.92249
-0.56669	0.45109	0.68947	4.51094
0.77880	0.02014	0.62694	0.20135
0.00000	0.00000	0.00000	1.00000

boidNo = 1
boid Wall No = 0
position = = (-3.1, -4.8, -8.2)
Boid Radius= 10
Boid Frame=
 -0.67742	-0.31051	-0.66685	-3.10508
-0.49062	-0.48474	0.72410	-4.84740
0.54809	-0.81769	-0.17603	-8.17687
0.00000	0.00000	0.00000	1.00000

boidNo = 2
boid Wall No = 0
position = = (0.0, -9.9, -1.4)
Boid Radius= 10
Boid Frame=
 -0.67070	-0.00269	0.74172	-0.02695
0.10199	-0.99083	0.08862	-9.90830
-0.73468	-0.13509	-0.66482	-1.35088
0.00000	0.00000	0.00000	1.00000

boidNo = 3
boid Wall No = 1
position = = (3.0, 9.2, 2.4)
Boid Radius= 10
Boid Frame=
 0.60222	0.30103	-0.73940	3.01032
0.00970	0.92335	0.38383	9.23354
-0.79827	0.23832	-0.55314	2.38321
0.00000	0.00000	0.00000	1.00000

boidNo = 4
boid Wall No = 0
position = = (1.2, -9.9, 0.5)
Boid Radius= 10
Boid Frame=
 0.93065	0.11820	0.34629	1.18204
0.09486	-0.99197	0.08367	-9.91969
-0.35340	0.04501	0.93439	0.45014
0.00000	0.00000	0.00000	1.00000

boidNo = 5
boid Wall No = 0
position = = (-3.2, -8.7, 3.7)
Boid Radius= 10
Boid Frame=
 0.57748	-0.31899	-0.75151	-3.18987
0.13135	-0.87222	0.47116	-8.72215
0.80577	0.37079	0.46179	3.70794
0.00000	0.00000	0.00000	1.00000

boidNo = 6
boid Wall No = 1
position = = (-0.3, 9.9, -1.2)
Boid Radius= 10
Boid Frame=
 -0.77094	-0.03382	0.63601	-0.33818
0.05329	0.99166	0.11732	9.91664
0.63468	-0.12434	0.76271	-1.24338
0.00000	0.00000	0.00000	1.00000

boidNo = 7
boid Wall No = 1
position = = (4.1, 7.7, -4.8)
Boid Radius= 10
Boid Frame=
 -0.51972	0.41451	-0.74705	4.14505
-0.22963	0.77447	0.58947	7.74466
-0.82290	-0.47790	0.30732	-4.77900
0.00000	0.00000	0.00000	1.00000

boidNo = 8
boid Wall No = 0
position = = (-8.4, -4.2, 3.5)
Boid Radius= 10
Boid Frame=
 0.53845	-0.83938	-0.07432	-8.39376
-0.55351	-0.41881	0.71987	-4.18812
0.63537	0.34647	0.69011	3.46474
0.00000	0.00000	0.00000	1.00000

boidNo = 9
boid Wall No = 1
position = = (6.1, 3.4, 7.2)
Boid Radius= 10
Boid Frame=
 0.69295	0.60957	0.38503	6.09570
-0.66601	0.33666	0.66565	3.36662
-0.27613	0.71769	-0.63927	7.17693
0.00000	0.00000	0.00000	1.00000

boidNo = 10
boid Wall No = 1
position = = (1.4, 9.9, -0.9)
Boid Radius= 9.999999
Boid Frame=
 -0.80207	0.14394	-0.57963	1.43938
0.06113	0.98521	0.16007	9.85212
-0.59410	-0.09295	0.79900	-0.92952
0.00000	0.00000	0.00000	1.00000

boidNo = 11
boid Wall No = 0
position = = (5.4, -4.5, 7.1)
Boid Radius= 10
Boid Frame=
 0.47854	0.54379	0.68941	5.43795
-0.53111	-0.44598	0.72043	-4.45977
-0.69923	0.71091	-0.07540	7.10909
0.00000	0.00000	0.00000	1.00000

boidNo = 12
boid Wall No = 1
position = = (3.0, 9.5, -1.3)
Boid Radius= 10
Boid Frame=
 -0.48711	0.29595	-0.82167	2.95955
0.03371	0.94650	0.32093	9.46502
-0.87269	-0.12863	0.47103	-1.28627
0.00000	0.00000	0.00000	1.00000

boidNo = 13
boid Wall No = 1
position = = (-2.5, 3.5, -9.0)
Boid Radius= 10
Boid Frame=
 -0.77597	-0.24752	-0.58018	-2.47521
-0.63007	0.34759	0.69440	3.47588
-0.02979	-0.90439	0.42567	-9.04387
0.00000	0.00000	0.00000	1.00000

boidNo = 14
boid Wall No = 1
position = = (5.6, 5.6, 6.1)
Boid Radius= 10
Boid Frame=
 0.81908	0.56126	0.11870	5.61257
-0.48331	0.56366	0.66985	5.63663
-0.30905	0.60603	-0.73295	6.06032
0.00000	0.00000	0.00000	1.00000

