Iteration Num of Simuation:0
m_SimulationDeltaT of action plan:0
boidNo = 0
boid Wall No = 0
position = = (0.2, -9.3, -3.8)
Boid Radius= 10
Boid Frame=
 -0.74716	0.02221	0.66427	0.22213
0.23436	-0.92644	0.29458	-9.26443
-0.62195	-0.37578	-0.68700	-3.75779
0.00000	0.00000	0.00000	1.00000

boidNo = 1
boid Wall No = 1
position = = (-3.9, 4.8, -7.9)
Boid Radius= 10
Boid Frame=
 -0.82174	-0.38572	-0.41948	-3.85717
-0.56676	0.47654	0.67208	4.76536
0.05934	-0.79002	0.61020	-7.90023
0.00000	0.00000	0.00000	1.00000

boidNo = 2
boid Wall No = 1
position = = (2.9, 9.3, -2.3)
Boid Radius= 10
Boid Frame=
 -0.66028	0.28605	-0.69441	2.86046
0.02131	0.93139	0.36340	9.31389
-0.75072	-0.22515	0.62108	-2.25150
0.00000	0.00000	0.00000	1.00000

boidNo = 3
boid Wall No = 1
position = = (7.1, 6.5, 2.9)
Boid Radius= 10
Boid Frame=
 0.63698	0.70815	-0.30459	7.08153
-0.40881	0.64529	0.64535	6.45295
-0.65356	0.28656	-0.70054	2.86555
0.00000	0.00000	0.00000	1.00000

boidNo = 4
boid Wall No = 1
position = = (0.3, 9.9, 1.0)
Boid Radius= 10
Boid Frame=
 0.74948	0.03423	-0.66114	0.34229
0.03953	0.99457	0.09630	9.94567
-0.66085	0.09831	-0.74405	0.98310
0.00000	0.00000	0.00000	1.00000

boidNo = 5
boid Wall No = 1
position = = (-1.4, 9.9, -0.7)
Boid Radius= 10
Boid Frame=
 -0.08360	-0.13685	0.98706	-1.36852
0.06120	0.98795	0.14216	9.87950
0.99462	-0.07230	0.07422	-0.72297
0.00000	0.00000	0.00000	1.00000

boidNo = 6
boid Wall No = 1
position = = (-6.7, 7.4, -1.0)
Boid Radius= 10
Boid Frame=
 -0.48776	-0.66716	0.56302	-6.67155
-0.33446	0.73855	0.58539	7.38547
0.80637	-0.09722	0.58337	-0.97222
0.00000	0.00000	0.00000	1.00000

boidNo = 7
boid Wall No = 0
position = = (-0.6, -9.6, -2.7)
Boid Radius= 10
Boid Frame=
 -0.95361	-0.06196	0.29459	-0.61961
0.13564	-0.96206	0.23674	-9.62058
-0.26875	-0.26572	-0.92583	-2.65718
0.00000	0.00000	0.00000	1.00000

boidNo = 8
boid Wall No = 1
position = = (3.1, 7.7, 5.6)
Boid Radius= 10
Boid Frame=
 0.95087	0.30835	-0.02751	3.08353
-0.23205	0.76873	0.59599	7.68732
-0.20492	0.56033	-0.80252	5.60330
0.00000	0.00000	0.00000	1.00000

boidNo = 9
boid Wall No = 1
position = = (-9.2, 2.1, 3.4)
Boid Radius= 10
Boid Frame=
 0.11094	-0.91835	0.37990	-9.18352
-0.67824	0.20944	0.70436	2.09444
0.72642	0.33580	0.59963	3.35803
0.00000	0.00000	0.00000	1.00000

boidNo = 10
boid Wall No = 0
position = = (8.2, -5.2, 2.3)
Boid Radius= 10
Boid Frame=
 -0.05416	0.82103	0.56831	8.21032
-0.46987	-0.52315	0.71101	-5.23148
-0.88107	0.22852	-0.41411	2.28521
0.00000	0.00000	0.00000	1.00000

boidNo = 11
boid Wall No = 1
position = = (7.2, 6.4, 2.4)
Boid Radius= 10
Boid Frame=
 0.60110	0.72389	-0.33862	7.23892
-0.41535	0.64497	0.64148	6.44966
-0.68276	0.24495	-0.68836	2.44948
0.00000	0.00000	0.00000	1.00000

boidNo = 12
boid Wall No = 0
position = = (-0.7, -10.0, 0.4)
Boid Radius= 10
Boid Frame=
 0.38265	-0.07459	-0.92088	-0.74587
0.01254	-0.99622	0.08590	-9.96225
0.92381	0.04442	0.38027	0.44416
0.00000	0.00000	0.00000	1.00000

boidNo = 13
boid Wall No = 0
position = = (-0.2, -4.7, 8.8)
Boid Radius= 10
Boid Frame=
 0.86320	-0.01598	0.50460	-0.15982
-0.45162	-0.47119	0.75764	-4.71190
-0.22566	0.88189	0.41395	8.81887
0.00000	0.00000	0.00000	1.00000

boidNo = 14
boid Wall No = 0
position = = (8.0, -5.8, -1.4)
Boid Radius= 10
Boid Frame=
 -0.40154	0.80496	0.43680	8.04965
-0.34973	-0.57557	0.73919	-5.75570
-0.84643	-0.14405	-0.51264	-1.44055
0.00000	0.00000	0.00000	1.00000

