Iteration Num of Simuation:0
m_SimulationDeltaT of action plan:0
boidNo = 0
boid Wall No = 0
position = = (-4.1, -9.1, 0.0)
Boid Radius= 10
Boid Frame=
 -0.09850	-0.41399	-0.90494	-4.13989
0.05016	-0.91027	0.41097	-9.10269
0.99387	0.00491	-0.11042	0.04915
0.00000	0.00000	0.00000	1.00000

boidNo = 1
boid Wall No = 0
position = = (-8.8, -4.7, -0.9)
Boid Radius= 10
Boid Frame=
 0.22008	-0.87598	-0.42922	-8.75975
-0.55500	-0.47430	0.68339	-4.74295
0.80221	-0.08781	0.59055	-0.87815
0.00000	0.00000	0.00000	1.00000

boidNo = 2
boid Wall No = 0
position = = (-5.4, -8.4, -1.1)
Boid Radius= 10
Boid Frame=
 -0.29827	-0.53845	-0.78810	-5.38452
0.06514	-0.83524	0.54601	-8.35244
0.95226	-0.11152	-0.28420	-1.11520
0.00000	0.00000	0.00000	1.00000

boidNo = 3
boid Wall No = 1
position = = (0.7, 9.5, -2.9)
Boid Radius= 10
Boid Frame=
 -0.99439	0.06931	-0.07990	0.69310
0.04271	0.95420	0.29612	9.54195
-0.09677	-0.29105	0.95180	-2.91047
0.00000	0.00000	0.00000	1.00000

boidNo = 4
boid Wall No = 1
position = = (8.5, 2.6, -4.6)
Boid Radius= 10
Boid Frame=
 -0.20075	0.85081	-0.48561	8.50813
-0.64727	0.25689	0.71767	2.56891
-0.73535	-0.45839	-0.49913	-4.58393
0.00000	0.00000	0.00000	1.00000

boidNo = 5
boid Wall No = 0
position = = (-6.3, -1.4, 7.6)
Boid Radius= 10
Boid Frame=
 0.54381	-0.63207	0.55205	-6.32067
-0.78251	-0.14421	0.60571	-1.44207
0.30324	0.76138	0.57302	7.61377
0.00000	0.00000	0.00000	1.00000

boidNo = 6
boid Wall No = 0
position = = (6.1, -4.3, 6.7)
Boid Radius= 10
Boid Frame=
 0.41516	0.60612	0.67842	6.06120
-0.54561	-0.43084	0.71881	-4.30839
-0.72798	0.66858	-0.15183	6.68578
0.00000	0.00000	0.00000	1.00000

boidNo = 7
boid Wall No = 1
position = = (6.1, 0.3, -7.9)
Boid Radius= 10
Boid Frame=
 -0.51204	0.60685	-0.60791	6.06848
-0.74766	0.03354	0.66323	0.33544
-0.42287	-0.79411	-0.43654	-7.94110
0.00000	0.00000	0.00000	1.00000

boidNo = 8
boid Wall No = 1
position = = (7.9, 4.9, 3.7)
Boid Radius= 10
Boid Frame=
 0.60410	0.79005	-0.10431	7.90051
-0.52355	0.49215	0.69548	4.92148
-0.60080	0.36553	-0.71094	3.65528
0.00000	0.00000	0.00000	1.00000

boidNo = 9
boid Wall No = 0
position = = (4.9, -8.7, -0.2)
Boid Radius= 10
Boid Frame=
 0.19053	0.48714	0.85229	4.87140
0.12729	-0.87312	0.47059	-8.73121
-0.97339	-0.01883	0.22836	-0.18826
0.00000	0.00000	0.00000	1.00000

boidNo = 10
boid Wall No = 1
position = = (0.5, 9.8, -2.1)
Boid Radius= 10
Boid Frame=
 -0.99844	0.05059	-0.02372	0.50590
0.04444	0.97634	0.21164	9.76336
-0.03387	-0.21026	0.97706	-2.10259
0.00000	0.00000	0.00000	1.00000

boidNo = 11
boid Wall No = 1
position = = (-7.0, 6.8, 2.1)
Boid Radius= 10
Boid Frame=
 -0.04921	-0.69724	0.71515	-6.97238
-0.34121	0.68467	0.64405	6.84673
0.93870	0.21232	0.27159	2.12325
0.00000	0.00000	0.00000	1.00000

boidNo = 12
boid Wall No = 0
position = = (1.5, -9.2, -3.6)
Boid Radius= 10
Boid Frame=
 -0.45005	0.14519	0.88112	1.45194
0.25841	-0.92330	0.28413	-9.23304
-0.85480	-0.35557	-0.37801	-3.55567
0.00000	0.00000	0.00000	1.00000

boidNo = 13
boid Wall No = 1
position = = (-5.8, 8.1, 1.2)
Boid Radius= 10
Boid Frame=
 -0.04372	-0.58115	0.81262	-5.81153
-0.17588	0.80517	0.56636	8.05170
0.98344	0.11816	0.13741	1.18162
0.00000	0.00000	0.00000	1.00000

boidNo = 14
boid Wall No = 1
position = = (7.0, 2.7, 6.6)
Boid Radius= 10
Boid Frame=
 0.64197	0.70058	0.31156	7.00575
-0.64140	0.26806	0.71885	2.68056
-0.42009	0.66132	-0.62143	6.61317
0.00000	0.00000	0.00000	1.00000

