Iteration Num of Simuation:0
m_SimulationDeltaT of action plan:0
boidNo = 0
boid Wall No = 1
position = = (-6.3, 6.9, 3.5)
Boid Radius= 10
Boid Frame=
 0.15690	-0.62923	0.76122	-6.29229
-0.32557	0.69473	0.64137	6.94726
0.93241	0.34846	0.09586	3.48463
0.00000	0.00000	0.00000	1.00000

boidNo = 1
boid Wall No = 0
position = = (-8.0, -4.0, 4.5)
Boid Radius= 10
Boid Frame=
 0.59731	-0.79954	-0.06285	-7.99542
-0.45416	-0.40180	0.79517	-4.01798
0.66103	0.44642	0.60312	4.46420
0.00000	0.00000	0.00000	1.00000

boidNo = 2
boid Wall No = 0
position = = (0.4, -10.0, -0.8)
Boid Radius= 10
Boid Frame=
 -0.93774	0.03789	0.34527	0.37892
-0.00942	-0.99644	0.08377	-9.96440
-0.34722	-0.07531	-0.93476	-0.75307
0.00000	0.00000	0.00000	1.00000

boidNo = 3
boid Wall No = 0
position = = (2.1, -1.3, -9.7)
Boid Radius= 9.999999
Boid Frame=
 -0.64865	0.21008	-0.73152	2.10078
-0.76009	-0.12965	0.63675	-1.29647
-0.03893	-0.96905	-0.24377	-9.69050
0.00000	0.00000	0.00000	1.00000

boidNo = 4
boid Wall No = 1
position = = (2.5, 9.7, 0.5)
Boid Radius= 10
Boid Frame=
 0.91575	0.24639	-0.31732	2.46389
-0.21726	0.96811	0.12472	9.68113
-0.33793	0.04527	-0.94008	0.45273
0.00000	0.00000	0.00000	1.00000

boidNo = 5
boid Wall No = 0
position = = (4.9, -8.5, -1.9)
Boid Radius= 10
Boid Frame=
 -0.37409	0.49214	0.78604	4.92139
-0.00900	-0.84946	0.52757	-8.49465
-0.92735	-0.19029	-0.32221	-1.90286
0.00000	0.00000	0.00000	1.00000

boidNo = 6
boid Wall No = 0
position = = (-0.4, -9.8, -1.7)
Boid Radius= 10
Boid Frame=
 -0.95877	-0.03715	-0.28176	-0.37148
-0.01370	-0.98423	0.17637	-9.84228
0.28387	-0.17296	-0.94314	-1.72962
0.00000	0.00000	0.00000	1.00000

boidNo = 7
boid Wall No = 0
position = = (1.8, -4.2, -8.9)
Boid Radius= 10
Boid Frame=
 -0.80720	0.18231	-0.56142	1.82310
-0.58071	-0.41583	0.69990	-4.15830
0.10585	-0.89098	-0.44153	-8.90982
0.00000	0.00000	0.00000	1.00000

boidNo = 8
boid Wall No = 0
position = = (-9.8, -1.0, 1.6)
Boid Radius= 9.999999
Boid Frame=
 0.18854	-0.98142	0.03559	-9.81421
-0.67391	-0.10293	0.73161	-1.02930
0.71436	0.16192	0.68079	1.61922
0.00000	0.00000	0.00000	1.00000

boidNo = 9
boid Wall No = 0
position = = (2.7, -9.4, -2.0)
Boid Radius= 10
Boid Frame=
 -0.79894	0.26878	0.53801	2.68778
-0.10029	-0.94159	0.32147	-9.41593
-0.59299	-0.20288	-0.77923	-2.02883
0.00000	0.00000	0.00000	1.00000

boidNo = 10
boid Wall No = 1
position = = (5.3, 7.4, 4.1)
Boid Radius= 10
Boid Frame=
 0.79779	0.52890	-0.28946	5.28901
-0.26987	0.74257	0.61300	7.42565
-0.53916	0.41093	-0.73515	4.10926
0.00000	0.00000	0.00000	1.00000

boidNo = 11
boid Wall No = 0
position = = (-4.7, -1.0, -8.8)
Boid Radius= 10
Boid Frame=
 -0.57240	-0.47126	-0.67102	-4.71260
-0.72185	-0.09859	0.68499	-0.98586
0.38896	-0.87647	0.28375	-8.76467
0.00000	0.00000	0.00000	1.00000

boidNo = 12
boid Wall No = 0
position = = (-0.1, -10.0, 0.1)
Boid Radius= 10
Boid Frame=
 0.76290	-0.01000	-0.64643	-0.10000
0.00055	-0.99987	0.01612	-9.99870
0.64651	0.01265	0.76280	0.12651
0.00000	0.00000	0.00000	1.00000

boidNo = 13
boid Wall No = 1
position = = (-9.6, 0.7, 2.7)
Boid Radius= 10
Boid Frame=
 0.15627	-0.96131	0.22684	-9.61312
-0.67075	0.06530	0.73880	0.65296
0.72503	0.26761	0.63460	2.67610
0.00000	0.00000	0.00000	1.00000

boidNo = 14
boid Wall No = 0
position = = (-8.7, -0.9, 4.9)
Boid Radius= 10
Boid Frame=
 0.37606	-0.86953	0.32015	-8.69532
-0.76156	-0.09322	0.64136	-0.93218
0.52784	0.48500	0.69725	4.85000
0.00000	0.00000	0.00000	1.00000

boidNo = 15
boid Wall No = 1
position = = (0.9, 1.3, -9.9)
Boid Radius= 10
Boid Frame=
 -0.75804	0.09004	-0.64596	0.90043
-0.63444	0.12781	0.76234	1.27814
-0.15121	-0.98770	0.03976	-9.87702
0.00000	0.00000	0.00000	1.00000

boidNo = 16
boid Wall No = 0
position = = (3.8, -6.4, -6.7)
Boid Radius= 10
Boid Frame=
 -0.92083	0.38490	-0.06260	3.84896
-0.31447	-0.63802	0.70288	-6.38022
-0.23059	-0.66692	-0.70855	-6.66921
0.00000	0.00000	0.00000	1.00000

boidNo = 17
boid Wall No = 0
position = = (-5.8, -8.1, 0.8)
Boid Radius= 10
Boid Frame=
 0.25234	-0.57725	-0.77660	-5.77252
-0.08449	-0.81265	0.57659	-8.12650
0.96394	0.07988	0.25383	0.79882
0.00000	0.00000	0.00000	1.00000

boidNo = 18
boid Wall No = 0
position = = (0.0, -10.0, 0.0)
Boid Radius= 10
Boid Frame=
 0.97778	-0.00027	-0.20964	-0.00271
0.00026	-1.00000	0.00250	-9.99997
0.20964	0.00250	0.97778	0.02501
0.00000	0.00000	0.00000	1.00000

boidNo = 19
boid Wall No = 0
position = = (0.2, -10.0, -0.4)
Boid Radius= 10
Boid Frame=
 -0.92204	0.01953	0.38661	0.19528
-0.00368	-0.99912	0.04169	-9.99124
-0.38709	-0.03702	-0.92130	-0.37019
0.00000	0.00000	0.00000	1.00000

