Iteration Num of Simuation:0
m_SimulationDeltaT of action plan:0
boidNo = 0
boid Wall No = 0
position = = (9.1, -2.9, 3.0)
Boid Radius= 10
Boid Frame=
 0.05130	0.90812	0.41556	9.08117
-0.63623	-0.29102	0.71450	-2.91023
-0.76979	0.30105	-0.56285	3.01047
0.00000	0.00000	0.00000	1.00000

boidNo = 1
boid Wall No = 0
position = = (5.0, -2.0, 8.4)
Boid Radius= 10
Boid Frame=
 0.55497	0.49868	0.66583	4.98682
-0.67528	-0.19737	0.71067	-1.97368
-0.48581	0.84402	-0.22722	8.44016
0.00000	0.00000	0.00000	1.00000

boidNo = 2
boid Wall No = 0
position = = (-0.7, -6.5, 7.6)
Boid Radius= 10
Boid Frame=
 0.94367	-0.07181	0.32300	-0.71811
-0.29071	-0.64613	0.70569	-6.46131
-0.15802	0.75984	0.63061	7.59841
0.00000	0.00000	0.00000	1.00000

boidNo = 3
boid Wall No = 0
position = = (5.6, -6.9, -4.5)
Boid Radius= 10
Boid Frame=
 -0.73933	0.56219	0.37058	5.62192
-0.17847	-0.69429	0.69722	-6.94286
-0.64926	-0.44934	-0.61364	-4.49341
0.00000	0.00000	0.00000	1.00000

boidNo = 4
boid Wall No = 1
position = = (2.0, 8.8, -4.3)
Boid Radius= 10
Boid Frame=
 -0.85386	0.20038	-0.48038	2.00380
-0.05598	0.88222	0.46749	8.82223
-0.51748	-0.42606	0.74208	-4.26063
0.00000	0.00000	0.00000	1.00000

boidNo = 5
boid Wall No = 0
position = = (6.7, -7.4, 1.0)
Boid Radius= 10
Boid Frame=
 0.01445	0.66613	0.74569	6.66132
-0.12043	-0.73918	0.66265	-7.39184
-0.99262	0.09937	-0.06954	0.99375
0.00000	0.00000	0.00000	1.00000

boidNo = 6
boid Wall No = 1
position = = (-1.3, 7.4, 6.6)
Boid Radius= 10
Boid Frame=
 0.83750	-0.12550	0.53184	-1.25495
-0.27694	0.74154	0.61109	7.41535
0.47106	0.65907	-0.58628	6.59072
0.00000	0.00000	0.00000	1.00000

boidNo = 7
boid Wall No = 0
position = = (4.6, -8.7, 1.8)
Boid Radius= 10
Boid Frame=
 0.55418	0.46115	0.69298	4.61154
0.12777	-0.86977	0.47662	-8.69772
-0.82253	0.17559	0.54093	1.75594
0.00000	0.00000	0.00000	1.00000

boidNo = 8
boid Wall No = 0
position = = (8.2, -1.3, 5.5)
Boid Radius= 10
Boid Frame=
 0.32241	0.82153	0.47025	8.21531
-0.69620	-0.13080	0.70583	-1.30798
-0.64137	0.55496	-0.52978	5.54958
0.00000	0.00000	0.00000	1.00000

boidNo = 9
boid Wall No = 0
position = = (-7.5, -0.9, 6.6)
Boid Radius= 10
Boid Frame=
 0.51519	-0.74956	0.41562	-7.49558
-0.70067	-0.08906	0.70790	-0.89061
0.49360	0.65592	0.57108	6.55920
0.00000	0.00000	0.00000	1.00000

boidNo = 10
boid Wall No = 0
position = = (-8.9, -4.5, 0.9)
Boid Radius= 10
Boid Frame=
 0.34292	-0.88940	-0.30227	-8.89404
-0.52831	-0.44867	0.72082	-4.48673
0.77672	0.08749	0.62374	0.87486
0.00000	0.00000	0.00000	1.00000

boidNo = 11
boid Wall No = 0
position = = (-6.8, -7.2, 1.1)
Boid Radius= 10
Boid Frame=
 0.30753	-0.68238	-0.66317	-6.82376
-0.15143	-0.72316	0.67388	-7.23155
0.93941	0.10682	0.32572	1.06816
0.00000	0.00000	0.00000	1.00000

boidNo = 12
boid Wall No = 0
position = = (5.9, -2.8, 7.6)
Boid Radius= 10
Boid Frame=
 0.47049	0.59163	0.65469	5.91633
-0.64227	-0.27916	0.71384	-2.79162
-0.60509	0.75633	-0.24864	7.56333
0.00000	0.00000	0.00000	1.00000

boidNo = 13
boid Wall No = 0
position = = (-2.1, -9.1, -3.6)
Boid Radius= 10
Boid Frame=
 -0.97634	-0.20962	-0.05315	-2.09618
0.17515	-0.91068	0.37414	-9.10683
0.12683	-0.35597	-0.92585	-3.55974
0.00000	0.00000	0.00000	1.00000

boidNo = 14
boid Wall No = 1
position = = (4.6, 8.9, 0.0)
Boid Radius= 10
Boid Frame=
 0.09075	0.46157	-0.88245	4.61566
-0.04799	0.88711	0.45906	8.87106
-0.99472	-0.00068	-0.10265	-0.00684
0.00000	0.00000	0.00000	1.00000

