Iteration Num of Simuation:0
m_SimulationDeltaT of action plan:0
boidNo = 0
boid Wall No = 0
position = = (0.4, -10.0, 0.2)
Boid Radius= 10
Boid Frame=
 0.99841	0.03508	0.04423	0.35076
0.03436	-0.99927	0.01688	-9.99267
-0.04479	0.01533	0.99888	0.15330
0.00000	0.00000	0.00000	1.00000

boidNo = 1
boid Wall No = 0
position = = (-2.4, -9.4, 2.2)
Boid Radius= 10
Boid Frame=
 0.15743	-0.24258	-0.95727	-2.42582
0.18618	-0.94469	0.27001	-9.44685
0.96982	0.22073	0.10356	2.20735
0.00000	0.00000	0.00000	1.00000

boidNo = 2
boid Wall No = 1
position = = (7.7, 3.2, 5.5)
Boid Radius= 10
Boid Frame=
 0.60450	0.77223	0.19556	7.72233
-0.63805	0.32238	0.69926	3.22384
-0.47694	0.54747	-0.68760	5.47472
0.00000	0.00000	0.00000	1.00000

boidNo = 3
boid Wall No = 1
position = = (-7.2, 6.4, -2.9)
Boid Radius= 9.999999
Boid Frame=
 -0.62824	-0.71655	0.30310	-7.16555
-0.40800	0.63513	0.65585	6.35134
0.66246	-0.28836	0.69137	-2.88365
0.00000	0.00000	0.00000	1.00000

boidNo = 4
boid Wall No = 1
position = = (1.0, 6.7, 7.4)
Boid Radius= 10
Boid Frame=
 0.90389	0.09569	0.41693	0.95687
-0.36813	0.67043	0.64422	6.70425
0.21788	0.73578	-0.64121	7.35781
0.00000	0.00000	0.00000	1.00000

boidNo = 5
boid Wall No = 1
position = = (-5.1, 8.3, -2.4)
Boid Radius= 10
Boid Frame=
 -0.61196	-0.50591	0.60791	-5.05914
-0.14631	0.82779	0.54162	8.27792
0.77723	-0.24251	0.58060	-2.42510
0.00000	0.00000	0.00000	1.00000

boidNo = 6
boid Wall No = 1
position = = (2.3, 7.2, 6.5)
Boid Radius= 10
Boid Frame=
 0.95256	0.23040	0.19887	2.30403
-0.30436	0.72136	0.62210	7.21359
0.00012	0.65311	-0.75726	6.53112
0.00000	0.00000	0.00000	1.00000

boidNo = 7
boid Wall No = 1
position = = (-0.6, 1.2, -9.9)
Boid Radius= 9.999999
Boid Frame=
 -0.71496	-0.05897	-0.69667	-0.58974
-0.69793	0.11941	0.70614	1.19411
-0.04155	-0.99109	0.12653	-9.91092
0.00000	0.00000	0.00000	1.00000

boidNo = 8
boid Wall No = 1
position = = (3.3, 9.4, -1.1)
Boid Radius= 10
Boid Frame=
 -0.38162	0.33221	-0.86256	3.32205
0.02896	0.93702	0.34807	9.37021
-0.92387	-0.10785	0.36721	-1.07847
0.00000	0.00000	0.00000	1.00000

boidNo = 9
boid Wall No = 0
position = = (3.4, -9.1, 2.5)
Boid Radius= 9.999999
Boid Frame=
 0.84027	0.33952	0.42269	3.39525
0.17184	-0.90622	0.38631	-9.06220
-0.51421	0.25197	0.81982	2.51970
0.00000	0.00000	0.00000	1.00000

boidNo = 10
boid Wall No = 0
position = = (-1.4, -6.4, -7.5)
Boid Radius= 10
Boid Frame=
 -0.87105	-0.14126	-0.47045	-1.41259
-0.28028	-0.64361	0.71219	-6.43613
0.40339	-0.75220	-0.52102	-7.52203
0.00000	0.00000	0.00000	1.00000

boidNo = 11
boid Wall No = 0
position = = (8.2, -4.1, 4.0)
Boid Radius= 10
Boid Frame=
 0.12215	0.82254	0.55544	8.22536
-0.55593	-0.40690	0.72483	-4.06904
-0.82221	0.39732	-0.40756	3.97322
0.00000	0.00000	0.00000	1.00000

boidNo = 12
boid Wall No = 0
position = = (3.7, -0.7, 9.3)
Boid Radius= 10
Boid Frame=
 0.64090	0.37118	0.67191	3.71181
-0.70355	-0.06604	0.70757	-0.66045
-0.30701	0.92621	-0.21882	9.26209
0.00000	0.00000	0.00000	1.00000

boidNo = 13
boid Wall No = 0
position = = (4.5, -8.5, 2.6)
Boid Radius= 10
Boid Frame=
 0.63531	0.44909	0.62825	4.49086
0.09885	-0.85412	0.51059	-8.54125
-0.76590	0.26229	0.58703	2.62285
0.00000	0.00000	0.00000	1.00000

boidNo = 14
boid Wall No = 0
position = = (-3.5, -7.5, 5.6)
Boid Radius= 10
Boid Frame=
 0.89967	-0.34542	-0.26697	-3.45423
-0.09517	-0.75199	0.65227	-7.51992
0.42607	0.56142	0.70942	5.61419
0.00000	0.00000	0.00000	1.00000

