Iteration Num of Simuation:0
m_SimulationDeltaT of action plan:0
boidNo = 0
boid Wall No = 0
position = = (-6.0, -7.6, -2.5)
Boid Radius= 10
Boid Frame=
 -0.29935	-0.60395	-0.73867	-6.03949
-0.08138	-0.75519	0.65043	-7.55191
0.95067	-0.25482	-0.17691	-2.54816
0.00000	0.00000	0.00000	1.00000

boidNo = 1
boid Wall No = 1
position = = (3.0, 8.0, 5.2)
Boid Radius= 10
Boid Frame=
 0.94505	0.30225	-0.12458	3.02246
-0.17914	0.79757	0.57601	7.97570
-0.27346	0.52204	-0.80789	5.22044
0.00000	0.00000	0.00000	1.00000

boidNo = 2
boid Wall No = 0
position = = (2.2, -7.8, 5.9)
Boid Radius= 10
Boid Frame=
 0.91526	0.21546	0.34041	2.15464
-0.04963	-0.77823	0.62601	-7.78231
-0.39980	0.58986	0.70159	5.89858
0.00000	0.00000	0.00000	1.00000

boidNo = 3
boid Wall No = 1
position = = (-9.6, 2.9, 0.4)
Boid Radius= 10
Boid Frame=
 -0.16904	-0.95550	0.24173	-9.55505
-0.64610	0.29264	0.70493	2.92644
0.74430	0.03702	0.66682	0.37021
0.00000	0.00000	0.00000	1.00000

boidNo = 4
boid Wall No = 0
position = = (8.6, -4.2, -2.8)
Boid Radius= 10
Boid Frame=
 -0.50014	0.86331	0.06743	8.63315
-0.63672	-0.41941	0.64705	-4.19412
-0.58689	-0.28068	-0.75946	-2.80681
0.00000	0.00000	0.00000	1.00000

boidNo = 5
boid Wall No = 0
position = = (-6.0, -6.3, 4.9)
Boid Radius= 10
Boid Frame=
 0.79526	-0.60323	-0.06061	-6.03231
-0.43022	-0.63195	0.64463	-6.31948
0.42717	0.48657	0.76209	4.86574
0.00000	0.00000	0.00000	1.00000

boidNo = 6
boid Wall No = 1
position = = (0.9, 9.9, -0.6)
Boid Radius= 10
Boid Frame=
 -0.72686	0.08941	-0.68094	0.89409
0.02295	0.99410	0.10603	9.94098
-0.68640	-0.06144	0.72462	-0.61439
0.00000	0.00000	0.00000	1.00000

boidNo = 7
boid Wall No = 0
position = = (1.7, -8.1, -5.6)
Boid Radius= 10
Boid Frame=
 -0.95312	0.17359	0.24786	1.73591
0.00517	-0.80963	0.58692	-8.09630
-0.30256	-0.56068	-0.77077	-5.60684
0.00000	0.00000	0.00000	1.00000

boidNo = 8
boid Wall No = 0
position = = (-1.6, -9.2, 3.7)
Boid Radius= 10
Boid Frame=
 0.67327	-0.15652	-0.72264	-1.56520
0.17248	-0.91713	0.35934	-9.17127
0.71900	0.36658	0.59048	3.66578
0.00000	0.00000	0.00000	1.00000

boidNo = 9
boid Wall No = 1
position = = (-2.9, 7.1, 6.4)
Boid Radius= 10
Boid Frame=
 0.70718	-0.29354	0.64322	-2.93541
-0.29319	0.70608	0.64458	7.06083
0.64337	0.64442	-0.41327	6.44423
0.00000	0.00000	0.00000	1.00000

boidNo = 10
boid Wall No = 0
position = = (1.3, -9.8, 1.5)
Boid Radius= 10
Boid Frame=
 0.97823	0.13417	0.15828	1.34174
0.10707	-0.97981	0.16886	-9.79807
-0.17775	0.14824	0.97285	1.48240
0.00000	0.00000	0.00000	1.00000

boidNo = 11
boid Wall No = 0
position = = (-8.6, -4.0, -3.2)
Boid Radius= 10
Boid Frame=
 0.03658	-0.85676	-0.51441	-8.56762
-0.66791	-0.40386	0.62513	-4.03856
0.74334	-0.32072	0.58702	-3.20715
0.00000	0.00000	0.00000	1.00000

boidNo = 12
boid Wall No = 0
position = = (-2.6, -9.6, -0.5)
Boid Radius= 10
Boid Frame=
 -0.69719	-0.26292	-0.66693	-2.62921
0.15506	-0.96360	0.21778	-9.63602
0.69992	-0.04842	-0.71258	-0.48420
0.00000	0.00000	0.00000	1.00000

boidNo = 13
boid Wall No = 0
position = = (-2.0, -3.4, -9.2)
Boid Radius= 10
Boid Frame=
 -0.64815	-0.19978	-0.73484	-1.99776
-0.65827	-0.33816	0.67255	-3.38161
0.38285	-0.91964	-0.08767	-9.19639
0.00000	0.00000	0.00000	1.00000

boidNo = 14
boid Wall No = 0
position = = (4.4, -7.6, -4.8)
Boid Radius= 10
Boid Frame=
 -0.79014	0.43861	0.42814	4.38606
-0.07506	-0.76251	0.64261	-7.62505
-0.60831	-0.47562	-0.63541	-4.75617
0.00000	0.00000	0.00000	1.00000

