Iteration Num of Simuation:0
m_SimulationDeltaT of action plan:0
boidNo = 0
boid Wall No = 1
position = = (-2.2, 9.7, 1.3)
Boid Radius= 10
Boid Frame=
 -0.15990	-0.22387	0.96141	-2.23866
-0.16977	0.96567	0.19662	9.65669
0.97242	0.13178	0.19242	1.31782
0.00000	0.00000	0.00000	1.00000

boidNo = 1
boid Wall No = 1
position = = (-0.9, 9.8, 1.5)
Boid Radius= 10
Boid Frame=
 0.44860	-0.08915	0.88928	-0.89150
-0.09546	0.98454	0.14685	9.84542
0.88862	0.15076	-0.43315	1.50764
0.00000	0.00000	0.00000	1.00000

boidNo = 2
boid Wall No = 1
position = = (-2.8, 0.5, 9.6)
Boid Radius= 10
Boid Frame=
 0.52031	-0.27533	0.80837	-2.75333
-0.83142	0.05279	0.55313	0.52792
0.19497	0.95990	0.20145	9.59898
0.00000	0.00000	0.00000	1.00000

boidNo = 3
boid Wall No = 0
position = = (4.5, -8.9, -0.8)
Boid Radius= 10
Boid Frame=
 0.26524	0.45478	0.85019	4.54779
0.21691	-0.88732	0.40697	-8.87315
-0.93947	-0.07647	0.33400	-0.76468
0.00000	0.00000	0.00000	1.00000

boidNo = 4
boid Wall No = 0
position = = (5.5, -2.1, 8.1)
Boid Radius= 10
Boid Frame=
 0.58457	0.55123	0.59534	5.51230
-0.59084	-0.21367	0.77798	-2.13666
-0.55605	0.80653	-0.20079	8.06531
0.00000	0.00000	0.00000	1.00000

boidNo = 5
boid Wall No = 0
position = = (1.5, -9.8, -0.9)
Boid Radius= 10
Boid Frame=
 -0.60142	0.15133	0.78447	1.51326
-0.02225	-0.98469	0.17289	-9.84690
-0.79862	-0.08653	-0.59558	-0.86528
0.00000	0.00000	0.00000	1.00000

boidNo = 6
boid Wall No = 1
position = = (-5.0, 4.4, -7.5)
Boid Radius= 10
Boid Frame=
 -0.71969	-0.49568	-0.48615	-4.95680
-0.69098	0.44309	0.57115	4.43086
0.06770	-0.74698	0.66139	-7.46978
0.00000	0.00000	0.00000	1.00000

boidNo = 7
boid Wall No = 0
position = = (-0.3, -8.5, -5.2)
Boid Radius= 10
Boid Frame=
 -0.98993	-0.02824	0.13871	-0.28237
0.09586	-0.85475	0.51011	-8.54753
-0.10416	-0.51827	-0.84885	-5.18266
0.00000	0.00000	0.00000	1.00000

boidNo = 8
boid Wall No = 1
position = = (-2.6, 9.5, 1.7)
Boid Radius= 10
Boid Frame=
 -0.33074	-0.26426	0.90597	-2.64263
-0.25645	0.94904	0.18321	9.49036
0.90821	0.17174	0.38165	1.71742
0.00000	0.00000	0.00000	1.00000

boidNo = 9
boid Wall No = 0
position = = (-1.1, -6.7, 7.3)
Boid Radius= 10
Boid Frame=
 0.97523	-0.10715	0.19351	-1.07153
-0.21455	-0.67103	0.70971	-6.71030
-0.05380	0.73365	0.67740	7.33646
0.00000	0.00000	0.00000	1.00000

boidNo = 10
boid Wall No = 1
position = = (-5.1, 7.9, 3.3)
Boid Radius= 10
Boid Frame=
 0.25726	-0.51401	0.81830	-5.14011
-0.22765	0.79073	0.56827	7.90727
0.93914	0.33248	-0.08641	3.32481
0.00000	0.00000	0.00000	1.00000

boidNo = 11
boid Wall No = 0
position = = (-1.8, -3.0, 9.4)
Boid Radius= 10
Boid Frame=
 0.74662	-0.17773	0.64107	-1.77733
-0.66141	-0.30173	0.68665	-3.01730
-0.07139	0.93668	0.34283	9.36680
0.00000	0.00000	0.00000	1.00000

boidNo = 12
boid Wall No = 1
position = = (-1.9, 9.8, -0.1)
Boid Radius= 10
Boid Frame=
 -0.50178	-0.18547	0.84488	-1.85474
-0.08325	0.98256	0.16626	9.82562
0.86098	-0.01309	0.50847	-0.13089
0.00000	0.00000	0.00000	1.00000

boidNo = 13
boid Wall No = 1
position = = (-4.8, 8.3, 2.9)
Boid Radius= 10
Boid Frame=
 0.32772	-0.47502	0.81667	-4.75023
-0.13718	0.83132	0.53859	8.31323
0.93476	0.28854	-0.20727	2.88541
0.00000	0.00000	0.00000	1.00000

boidNo = 14
boid Wall No = 0
position = = (-1.9, -6.2, -7.6)
Boid Radius= 9.999999
Boid Frame=
 -0.85289	-0.19149	-0.48571	-1.91492
-0.28024	-0.61704	0.73535	-6.17037
0.44052	-0.76328	-0.47260	-7.63280
0.00000	0.00000	0.00000	1.00000

boidNo = 15
boid Wall No = 1
position = = (4.3, 1.7, 8.9)
Boid Radius= 10
Boid Frame=
 0.55304	0.42934	0.71401	4.29341
-0.82609	0.17119	0.53691	1.71192
-0.10828	0.88677	-0.44935	8.86769
0.00000	0.00000	0.00000	1.00000

boidNo = 16
boid Wall No = 1
position = = (6.3, 7.3, 2.8)
Boid Radius= 10
Boid Frame=
 0.67310	0.62855	-0.38970	6.28549
-0.33030	0.72696	0.60202	7.26960
-0.66170	0.27651	-0.69692	2.76505
0.00000	0.00000	0.00000	1.00000

boidNo = 17
boid Wall No = 0
position = = (-7.8, -5.6, -2.7)
Boid Radius= 9.999999
Boid Frame=
 0.08661	-0.78055	-0.61906	-7.80555
-0.52426	-0.56410	0.63792	-5.64103
0.84714	-0.26930	0.45807	-2.69299
0.00000	0.00000	0.00000	1.00000

boidNo = 18
boid Wall No = 0
position = = (0.8, -6.2, -7.8)
Boid Radius= 10
Boid Frame=
 -0.92981	0.08291	-0.35858	0.82914
-0.32934	-0.62233	0.71010	-6.22330
0.16428	-0.77835	-0.60596	-7.78351
0.00000	0.00000	0.00000	1.00000

boidNo = 19
boid Wall No = 1
position = = (0.1, 9.9, 1.1)
Boid Radius= 10
Boid Frame=
 0.85521	0.00599	-0.51825	0.05989
0.05166	0.99397	0.09673	9.93969
-0.51570	0.10949	-0.84974	1.09495
0.00000	0.00000	0.00000	1.00000

