Iteration Num of Simuation:0
m_SimulationDeltaT of action plan:0
boidNo = 0
boid Wall No = 1
position = = (9.7, 2.5, -0.1)
Boid Radius= 10
Boid Frame=
 0.14915	0.96868	-0.19855	9.68675
-0.61046	0.24817	0.75216	2.48167
-0.77787	-0.00902	-0.62835	-0.09021
0.00000	0.00000	0.00000	1.00000

boidNo = 1
boid Wall No = 1
position = = (1.7, 1.3, -9.8)
Boid Radius= 10
Boid Frame=
 -0.70869	0.17379	-0.68378	1.73791
-0.67214	0.12824	0.72923	1.28238
-0.21442	-0.97640	-0.02593	-9.76397
0.00000	0.00000	0.00000	1.00000

boidNo = 2
boid Wall No = 0
position = = (-5.2, -8.4, -1.6)
Boid Radius= 10
Boid Frame=
 -0.38408	-0.52260	-0.76116	-5.22601
0.06594	-0.83782	0.54196	-8.37816
0.92094	-0.15796	-0.35625	-1.57963
0.00000	0.00000	0.00000	1.00000

boidNo = 3
boid Wall No = 0
position = = (-1.2, -9.9, -0.1)
Boid Radius= 10
Boid Frame=
 0.01028	-0.12495	-0.99211	-1.24951
-0.01457	-0.99208	0.12480	-9.92075
0.99984	-0.01317	0.01202	-0.13174
0.00000	0.00000	0.00000	1.00000

boidNo = 4
boid Wall No = 0
position = = (3.6, -6.9, -6.3)
Boid Radius= 9.999999
Boid Frame=
 -0.92693	0.36029	-0.10483	3.60287
-0.33929	-0.68548	0.64420	-6.85485
-0.16024	-0.63270	-0.75764	-6.32696
0.00000	0.00000	0.00000	1.00000

boidNo = 5
boid Wall No = 1
position = = (4.6, 7.3, -5.0)
Boid Radius= 10
Boid Frame=
 -0.40675	0.46334	-0.78732	4.63343
-0.32044	0.73471	0.59793	7.34707
-0.85550	-0.49550	0.15036	-4.95498
0.00000	0.00000	0.00000	1.00000

boidNo = 6
boid Wall No = 1
position = = (-8.3, 1.7, -5.2)
Boid Radius= 10
Boid Frame=
 -0.38473	-0.83457	-0.39431	-8.34566
-0.86379	0.17496	0.47250	1.74959
0.32534	-0.52239	0.78820	-5.22388
0.00000	0.00000	0.00000	1.00000

boidNo = 7
boid Wall No = 1
position = = (-9.6, 2.8, 0.5)
Boid Radius= 10
Boid Frame=
 -0.16041	-0.95894	0.23387	-9.58943
-0.67612	0.27937	0.68177	2.79373
0.71912	0.04877	0.69318	0.48767
0.00000	0.00000	0.00000	1.00000

boidNo = 8
boid Wall No = 0
position = = (-0.4, -10.0, -0.3)
Boid Radius= 10
Boid Frame=
 -0.76812	-0.03701	-0.63923	-0.37012
0.00985	-0.99889	0.04601	-9.98893
0.64023	-0.02904	-0.76764	-0.29044
0.00000	0.00000	0.00000	1.00000

boidNo = 9
boid Wall No = 0
position = = (8.1, -3.0, 5.0)
Boid Radius= 10
Boid Frame=
 0.30713	0.81033	0.49903	8.10335
-0.51490	-0.29950	0.80323	-2.99495
-0.80034	0.50365	-0.32526	5.03647
0.00000	0.00000	0.00000	1.00000

boidNo = 10
boid Wall No = 0
position = = (5.2, -6.9, -5.1)
Boid Radius= 10
Boid Frame=
 -0.85580	0.51610	-0.03532	5.16102
-0.44017	-0.69062	0.57384	-6.90622
-0.27177	-0.50664	-0.81821	-5.06636
0.00000	0.00000	0.00000	1.00000

boidNo = 11
boid Wall No = 0
position = = (5.5, -8.2, 1.5)
Boid Radius= 10
Boid Frame=
 0.21691	0.54979	0.80665	5.49792
-0.02944	-0.82226	0.56835	-8.22260
-0.97575	0.14703	0.16217	1.47030
0.00000	0.00000	0.00000	1.00000

boidNo = 12
boid Wall No = 1
position = = (-2.2, 9.7, 0.6)
Boid Radius= 10
Boid Frame=
 -0.59109	-0.22261	0.77528	-2.22607
-0.18728	0.97277	0.13653	9.72773
0.78457	0.06450	0.61668	0.64495
0.00000	0.00000	0.00000	1.00000

boidNo = 13
boid Wall No = 1
position = = (-1.2, 1.0, 9.9)
Boid Radius= 10
Boid Frame=
 0.70246	-0.12134	0.70130	-1.21340
-0.69437	0.09938	0.71272	0.99384
0.15618	0.98762	0.01444	9.87623
0.00000	0.00000	0.00000	1.00000

boidNo = 14
boid Wall No = 1
position = = (-6.2, 6.4, 4.5)
Boid Radius= 10
Boid Frame=
 0.26665	-0.62456	0.73405	-6.24559
-0.37350	0.63514	0.67609	6.35143
0.88848	0.45444	0.06391	4.54444
0.00000	0.00000	0.00000	1.00000

boidNo = 15
boid Wall No = 1
position = = (-2.2, 7.2, -6.7)
Boid Radius= 10
Boid Frame=
 -0.95970	-0.21543	-0.18046	-2.15430
-0.28088	0.71507	0.64014	7.15067
0.00887	-0.66503	0.74676	-6.65034
0.00000	0.00000	0.00000	1.00000

boidNo = 16
boid Wall No = 0
position = = (0.0, -10.0, 0.0)
Boid Radius= 10
Boid Frame=
 -0.97260	-0.00333	-0.23246	-0.03331
0.00220	-0.99998	0.00511	-9.99985
0.23247	-0.00446	-0.97259	-0.04457
0.00000	0.00000	0.00000	1.00000

boidNo = 17
boid Wall No = 1
position = = (1.3, 9.9, 1.0)
Boid Radius= 10
Boid Frame=
 0.31372	0.12508	-0.94124	1.25078
0.05442	0.98729	0.14933	9.87288
-0.94796	0.09807	-0.30292	0.98070
0.00000	0.00000	0.00000	1.00000

boidNo = 18
boid Wall No = 1
position = = (3.7, 9.3, -0.7)
Boid Radius= 10
Boid Frame=
 -0.20066	0.36588	-0.90877	3.65878
0.00489	0.92800	0.37254	9.28003
-0.97965	-0.07031	0.18800	-0.70306
0.00000	0.00000	0.00000	1.00000

boidNo = 19
boid Wall No = 0
position = = (-7.9, -5.1, 3.4)
Boid Radius= 9.999999
Boid Frame=
 0.55721	-0.79079	-0.25332	-7.90788
-0.37369	-0.51124	0.77395	-5.11237
0.74153	0.33659	0.58038	3.36586
0.00000	0.00000	0.00000	1.00000

