Iteration Num of Simuation:0
m_SimulationDeltaT of action plan:0
boidNo = 0
boid Wall No = 1
position = = (0.8, 8.6, 5.1)
Boid Radius= 10
Boid Frame=
 0.99569	0.07875	0.04896	0.78751
-0.09271	0.85743	0.50619	8.57426
0.00212	0.50855	-0.86103	5.08546
0.00000	0.00000	0.00000	1.00000

boidNo = 1
boid Wall No = 0
position = = (4.0, -8.5, -3.5)
Boid Radius= 9.999999
Boid Frame=
 -0.56465	0.40332	0.72008	4.03318
0.06658	-0.84736	0.52682	-8.47363
-0.82264	-0.34541	-0.45161	-3.45415
0.00000	0.00000	0.00000	1.00000

boidNo = 2
boid Wall No = 0
position = = (0.1, -9.8, -1.9)
Boid Radius= 10
Boid Frame=
 -0.88554	0.01226	0.46440	0.12256
0.07696	-0.98197	0.17266	-9.81970
-0.45814	-0.18864	-0.86863	-1.88639
0.00000	0.00000	0.00000	1.00000

boidNo = 3
boid Wall No = 0
position = = (5.9, -8.0, 0.6)
Boid Radius= 10
Boid Frame=
 0.11088	0.59253	0.79788	5.92531
0.00719	-0.80329	0.59555	-8.03288
-0.99381	0.06030	0.09333	0.60296
0.00000	0.00000	0.00000	1.00000

boidNo = 4
boid Wall No = 1
position = = (5.9, 1.0, -8.0)
Boid Radius= 10
Boid Frame=
 -0.54870	0.58695	-0.59533	5.86954
-0.67953	0.10168	0.72657	1.01683
-0.48699	-0.80321	-0.34306	-8.03210
0.00000	0.00000	0.00000	1.00000

boidNo = 5
boid Wall No = 0
position = = (-3.5, -8.5, 3.9)
Boid Radius= 10
Boid Frame=
 0.64386	-0.35434	-0.67815	-3.54345
0.08210	-0.84919	0.52166	-8.49194
0.76073	0.39155	0.51767	3.91547
0.00000	0.00000	0.00000	1.00000

boidNo = 6
boid Wall No = 0
position = = (-3.4, -8.3, -4.4)
Boid Radius= 10
Boid Frame=
 -0.84375	-0.34132	-0.41424	-3.41319
0.06444	-0.83059	0.55314	-8.30593
0.53286	-0.44002	-0.72280	-4.40019
0.00000	0.00000	0.00000	1.00000

boidNo = 7
boid Wall No = 1
position = = (1.8, 8.9, 4.1)
Boid Radius= 10
Boid Frame=
 0.94717	0.18441	-0.26240	1.84414
-0.05090	0.89422	0.44473	8.94215
-0.31665	0.40789	-0.85636	4.07886
0.00000	0.00000	0.00000	1.00000

boidNo = 8
boid Wall No = 1
position = = (-1.2, 7.1, 6.9)
Boid Radius= 10
Boid Frame=
 0.77567	-0.11707	0.62019	-1.17074
-0.37163	0.70952	0.59873	7.09515
0.51013	0.69490	-0.50684	6.94897
0.00000	0.00000	0.00000	1.00000

boidNo = 9
boid Wall No = 0
position = = (8.5, -4.9, 1.9)
Boid Radius= 9.999999
Boid Frame=
 -0.12554	0.85019	0.51128	8.50193
-0.54394	-0.48998	0.68121	-4.89981
-0.82968	0.19259	-0.52396	1.92588
0.00000	0.00000	0.00000	1.00000

boidNo = 10
boid Wall No = 0
position = = (1.1, -1.8, -9.8)
Boid Radius= 10
Boid Frame=
 -0.73174	0.11283	-0.67219	1.12827
-0.68031	-0.18132	0.71014	-1.81319
0.04176	-0.97693	-0.20943	-9.76931
0.00000	0.00000	0.00000	1.00000

boidNo = 11
boid Wall No = 1
position = = (2.9, 8.0, -5.2)
Boid Radius= 9.999999
Boid Frame=
 -0.68024	0.28867	-0.67375	2.88672
-0.20894	0.80469	0.55572	8.04686
-0.70258	-0.51880	0.48707	-5.18795
0.00000	0.00000	0.00000	1.00000

boidNo = 12
boid Wall No = 1
position = = (-6.6, 7.5, 1.1)
Boid Radius= 10
Boid Frame=
 -0.16218	-0.65811	0.73525	-6.58107
-0.27680	0.74554	0.60626	7.45539
0.94714	0.10519	0.30308	1.05195
0.00000	0.00000	0.00000	1.00000

boidNo = 13
boid Wall No = 1
position = = (-1.0, 9.6, 2.6)
Boid Radius= 10
Boid Frame=
 0.98014	-0.10087	0.17075	-1.00867
0.05021	0.95916	0.27839	9.59155
0.19185	0.26429	-0.94517	2.64287
0.00000	0.00000	0.00000	1.00000

boidNo = 14
boid Wall No = 1
position = = (-6.2, 6.8, 3.8)
Boid Radius= 10
Boid Frame=
 0.15791	-0.62006	0.76849	-6.20065
-0.37049	0.68420	0.62818	6.84197
0.91531	0.38392	0.12169	3.83921
0.00000	0.00000	0.00000	1.00000

