Iteration Num of Simuation:0
m_SimulationDeltaT of action plan:0
boidNo = 0
boid Wall No = 0
position = = (-8.2, -4.8, -3.1)
Boid Radius= 9.999999
Boid Frame=
 0.01903	-0.82069	-0.57106	-8.20686
-0.55981	-0.48199	0.67402	-4.81986
0.82840	-0.30686	0.46860	-3.06862
0.00000	0.00000	0.00000	1.00000

boidNo = 1
boid Wall No = 0
position = = (6.6, -7.4, 1.4)
Boid Radius= 10
Boid Frame=
 -0.14055	0.65778	0.73998	6.57779
-0.30790	-0.73938	0.59876	-7.39380
-0.94098	0.14368	-0.30645	1.43681
0.00000	0.00000	0.00000	1.00000

boidNo = 2
boid Wall No = 1
position = = (1.7, 9.8, -0.9)
Boid Radius= 9.999999
Boid Frame=
 -0.23890	0.17363	-0.95539	1.73629
-0.04598	0.98076	0.18974	9.80758
-0.96995	-0.08926	0.22632	-0.89257
0.00000	0.00000	0.00000	1.00000

boidNo = 3
boid Wall No = 1
position = = (8.0, 5.0, 3.2)
Boid Radius= 10
Boid Frame=
 0.59384	0.80283	0.05307	8.02832
-0.72170	0.50234	0.47624	5.02341
-0.35569	0.32111	-0.87771	3.21113
0.00000	0.00000	0.00000	1.00000

boidNo = 4
boid Wall No = 1
position = = (-1.4, 9.9, -0.8)
Boid Radius= 10
Boid Frame=
 -0.25160	-0.13777	0.95797	-1.37769
0.04772	0.98685	0.15446	9.86847
0.96665	-0.08458	0.24172	-0.84578
0.00000	0.00000	0.00000	1.00000

boidNo = 5
boid Wall No = 1
position = = (4.9, 8.5, -1.8)
Boid Radius= 10
Boid Frame=
 0.00566	0.49062	-0.87136	4.90621
-0.20749	0.85298	0.47893	8.52981
-0.97822	-0.17809	-0.10662	-1.78089
0.00000	0.00000	0.00000	1.00000

boidNo = 6
boid Wall No = 1
position = = (-9.8, 1.8, 0.7)
Boid Radius= 10
Boid Frame=
 -0.10813	-0.98124	0.15962	-9.81238
-0.80025	0.18118	0.57164	1.81177
0.58984	0.06593	0.80482	0.65927
0.00000	0.00000	0.00000	1.00000

boidNo = 7
boid Wall No = 1
position = = (9.0, 2.8, 3.3)
Boid Radius= 10
Boid Frame=
 0.43101	0.90235	0.00098	9.02346
-0.58350	0.27788	0.76309	2.77883
-0.68830	0.32947	-0.64629	3.29475
0.00000	0.00000	0.00000	1.00000

boidNo = 8
boid Wall No = 1
position = = (-0.6, 9.9, -1.4)
Boid Radius= 10
Boid Frame=
 -0.84753	-0.06309	-0.52699	-0.63091
-0.12946	0.98749	0.08999	9.87493
-0.51472	-0.14449	0.84510	-1.44490
0.00000	0.00000	0.00000	1.00000

boidNo = 9
boid Wall No = 1
position = = (-1.8, 8.7, -4.6)
Boid Radius= 10
Boid Frame=
 -0.95200	-0.17790	-0.24910	-1.77896
-0.27108	0.86794	0.41617	8.67939
-0.14217	-0.46372	0.87450	-4.63719
0.00000	0.00000	0.00000	1.00000

boidNo = 10
boid Wall No = 0
position = = (8.7, -0.9, -4.9)
Boid Radius= 9.999999
Boid Frame=
 -0.26675	0.86770	-0.41946	8.67700
-0.91363	-0.08912	0.39665	-0.89124
-0.30679	-0.48903	-0.81653	-4.89034
0.00000	0.00000	0.00000	1.00000

boidNo = 11
boid Wall No = 1
position = = (5.9, 7.6, 2.9)
Boid Radius= 10
Boid Frame=
 0.65192	0.58670	-0.48039	5.86704
-0.23284	0.75780	0.60953	7.57800
-0.72165	0.28551	-0.63064	2.85513
0.00000	0.00000	0.00000	1.00000

boidNo = 12
boid Wall No = 0
position = = (0.8, -10.0, -0.4)
Boid Radius= 10
Boid Frame=
 -0.33660	0.08419	0.93788	0.84190
0.00665	-0.99576	0.09177	-9.95758
-0.94163	-0.03713	-0.33461	-0.37127
0.00000	0.00000	0.00000	1.00000

boidNo = 13
boid Wall No = 1
position = = (9.1, 0.8, 4.1)
Boid Radius= 10
Boid Frame=
 0.30458	0.90885	0.28498	9.08854
-0.79847	0.08052	0.59663	0.80515
-0.51930	0.40927	-0.75022	4.09269
0.00000	0.00000	0.00000	1.00000

boidNo = 14
boid Wall No = 1
position = = (-0.2, 9.7, 2.3)
Boid Radius= 9.999999
Boid Frame=
 0.43881	-0.01958	0.89837	-0.19582
-0.19831	0.97300	0.11808	9.73000
0.87642	0.22997	-0.42308	2.29971
0.00000	0.00000	0.00000	1.00000

boidNo = 15
boid Wall No = 0
position = = (0.0, -8.9, 4.5)
Boid Radius= 10
Boid Frame=
 0.93194	0.00338	-0.36260	0.03383
0.16559	-0.89358	0.41725	-8.93581
0.32260	0.44889	0.83332	4.48890
0.00000	0.00000	0.00000	1.00000

boidNo = 16
boid Wall No = 0
position = = (8.8, -4.7, 1.2)
Boid Radius= 10
Boid Frame=
 -0.16611	0.87672	0.45142	8.76716
-0.52251	-0.46648	0.71370	-4.66484
-0.83629	0.11732	-0.53559	1.17316
0.00000	0.00000	0.00000	1.00000

boidNo = 17
boid Wall No = 0
position = = (-4.2, -8.6, -2.8)
Boid Radius= 10
Boid Frame=
 0.89890	-0.41755	-0.13277	-4.17548
-0.43802	-0.86388	-0.24872	-8.63877
0.01085	-0.28173	0.95943	-2.81727
0.00000	0.00000	0.00000	1.00000

boidNo = 18
boid Wall No = 1
position = = (0.6, 10.0, 0.7)
Boid Radius= 10
Boid Frame=
 0.27294	0.06001	-0.96016	0.60007
0.04843	0.99593	0.07601	9.95931
-0.96081	0.06724	-0.26893	0.67244
0.00000	0.00000	0.00000	1.00000

boidNo = 19
boid Wall No = 0
position = = (-8.2, -5.2, 2.2)
Boid Radius= 10
Boid Frame=
 0.49151	-0.82345	-0.28345	-8.23454
-0.46744	-0.52407	0.71194	-5.24068
0.73479	0.21743	0.64250	2.17429
0.00000	0.00000	0.00000	1.00000

