Iteration Num of Simuation:0
m_SimulationDeltaT of action plan:0
boidNo = 0
boid Wall No = 0
position = = (-3.0, -9.2, 2.6)
Boid Radius= 10
Boid Frame=
 0.37560	-0.30219	-0.87613	-3.02190
0.13561	-0.91725	0.37451	-9.17253
0.91681	0.25948	0.30354	2.59475
0.00000	0.00000	0.00000	1.00000

boidNo = 1
boid Wall No = 1
position = = (-3.7, 9.3, 0.0)
Boid Radius= 10
Boid Frame=
 0.03668	-0.37139	0.92775	-3.71389
0.01724	0.92847	0.37100	9.28475
0.99918	-0.00238	-0.04046	-0.02382
0.00000	0.00000	0.00000	1.00000

boidNo = 2
boid Wall No = 1
position = = (6.1, 0.6, 7.9)
Boid Radius= 10
Boid Frame=
 0.58248	0.61190	0.53507	6.11903
-0.70744	0.05744	0.70443	0.57442
-0.40031	0.78884	-0.46634	7.88844
0.00000	0.00000	0.00000	1.00000

boidNo = 3
boid Wall No = 1
position = = (6.1, 6.1, -5.0)
Boid Radius= 10
Boid Frame=
 -0.28197	0.61336	-0.73775	6.13365
-0.42622	0.60883	0.66908	6.08830
-0.85955	-0.50310	-0.08975	-5.03100
0.00000	0.00000	0.00000	1.00000

boidNo = 4
boid Wall No = 1
position = = (1.5, 9.5, -2.6)
Boid Radius= 10
Boid Frame=
 -0.92546	0.14715	-0.34910	1.47152
0.04070	0.95477	0.29455	9.54769
-0.37665	-0.25839	0.88959	-2.58386
0.00000	0.00000	0.00000	1.00000

boidNo = 5
boid Wall No = 0
position = = (7.3, -1.6, 6.6)
Boid Radius= 10
Boid Frame=
 0.38558	0.73101	0.56298	7.31012
-0.70811	-0.15673	0.68849	-1.56731
-0.59153	0.66412	-0.45720	6.64122
0.00000	0.00000	0.00000	1.00000

boidNo = 6
boid Wall No = 0
position = = (-4.5, -8.4, -3.2)
Boid Radius= 10
Boid Frame=
 -0.66991	-0.44712	-0.59271	-4.47125
0.07763	-0.83613	0.54301	-8.36129
0.73837	-0.31775	-0.59484	-3.17753
0.00000	0.00000	0.00000	1.00000

boidNo = 7
boid Wall No = 1
position = = (-0.4, 0.6, -10.0)
Boid Radius= 10
Boid Frame=
 -0.67699	-0.04453	-0.73464	-0.44525
-0.73589	0.05772	0.67464	0.57722
-0.01237	-0.99734	0.07184	-9.97339
0.00000	0.00000	0.00000	1.00000

boidNo = 8
boid Wall No = 1
position = = (3.2, 9.3, -1.7)
Boid Radius= 10
Boid Frame=
 -0.50936	0.31816	-0.79958	3.18161
0.01928	0.93313	0.35902	9.33130
-0.86034	-0.16746	0.48143	-1.67459
0.00000	0.00000	0.00000	1.00000

boidNo = 9
boid Wall No = 0
position = = (-1.5, -9.8, -1.2)
Boid Radius= 9.999999
Boid Frame=
 -0.97474	-0.14852	-0.16683	-1.48522
0.12551	-0.98203	0.14096	-9.82027
0.18477	-0.11646	-0.97586	-1.16463
0.00000	0.00000	0.00000	1.00000

boidNo = 10
boid Wall No = 1
position = = (0.1, 5.1, -8.6)
Boid Radius= 10
Boid Frame=
 -0.77892	0.00600	-0.62709	0.06004
-0.53678	0.51067	0.67163	5.10675
-0.32427	-0.85975	0.39455	-8.59753
0.00000	0.00000	0.00000	1.00000

boidNo = 11
boid Wall No = 0
position = = (3.4, -1.0, -9.4)
Boid Radius= 10
Boid Frame=
 -0.70251	0.34072	-0.62481	3.40721
-0.68719	-0.09643	0.72005	-0.96434
-0.18508	-0.93521	-0.30189	-9.35206
0.00000	0.00000	0.00000	1.00000

boidNo = 12
boid Wall No = 0
position = = (1.7, -4.4, -8.8)
Boid Radius= 10
Boid Frame=
 -0.85149	0.16719	-0.49700	1.67189
-0.51547	-0.44081	0.73484	-4.40805
0.09623	-0.88189	-0.46152	-8.81895
0.00000	0.00000	0.00000	1.00000

boidNo = 13
boid Wall No = 0
position = = (-0.6, -6.9, -7.2)
Boid Radius= 10
Boid Frame=
 -0.94810	-0.05946	-0.31235	-0.59464
-0.18732	-0.68933	0.69981	-6.89328
0.25693	-0.72201	-0.64242	-7.22005
0.00000	0.00000	0.00000	1.00000

boidNo = 14
boid Wall No = 0
position = = (0.4, -9.9, 1.6)
Boid Radius= 10
Boid Frame=
 0.98239	0.03609	-0.18330	0.36092
0.06354	-0.98722	0.14615	-9.87220
0.17569	0.15522	0.97213	1.55221
0.00000	0.00000	0.00000	1.00000

boidNo = 15
boid Wall No = 0
position = = (6.2, -1.7, -7.6)
Boid Radius= 10
Boid Frame=
 -0.64398	0.62240	-0.44487	6.22402
-0.66697	-0.17189	0.72499	-1.71894
-0.37476	-0.76359	-0.52582	-7.63589
0.00000	0.00000	0.00000	1.00000

boidNo = 16
boid Wall No = 0
position = = (0.0, -10.0, 1.0)
Boid Radius= 10
Boid Frame=
 0.94043	-0.00180	-0.33998	-0.01803
0.03107	-0.99535	0.09123	-9.95345
0.33856	0.09636	0.93600	0.96357
0.00000	0.00000	0.00000	1.00000

boidNo = 17
boid Wall No = 0
position = = (4.8, -4.2, -7.7)
Boid Radius= 10
Boid Frame=
 -0.82495	0.47587	-0.30498	4.75867
-0.51671	-0.41627	0.74815	-4.16270
-0.22907	-0.77477	-0.58929	-7.74771
0.00000	0.00000	0.00000	1.00000

boidNo = 18
boid Wall No = 0
position = = (-1.7, -7.9, 5.8)
Boid Radius= 10
Boid Frame=
 0.96544	-0.16822	-0.19907	-1.68215
-0.01340	-0.79485	0.60666	-7.94848
0.26028	0.58303	0.76963	5.83027
0.00000	0.00000	0.00000	1.00000

boidNo = 19
boid Wall No = 0
position = = (-7.6, -6.5, -0.7)
Boid Radius= 10
Boid Frame=
 0.12607	-0.75696	-0.64119	-7.56957
-0.25617	-0.64927	0.71612	-6.49265
0.95838	-0.07397	0.27576	-0.73971
0.00000	0.00000	0.00000	1.00000

boidNo = 20
boid Wall No = 0
position = = (-5.4, -7.2, -4.4)
Boid Radius= 10
Boid Frame=
 -0.48557	-0.54142	-0.68636	-5.41420
-0.15843	-0.71763	0.67817	-7.17625
0.85972	-0.43804	-0.26268	-4.38039
0.00000	0.00000	0.00000	1.00000

boidNo = 21
boid Wall No = 0
position = = (-1.6, -9.8, 1.6)
Boid Radius= 10
Boid Frame=
 0.21380	-0.15541	-0.96444	-1.55408
0.12005	-0.97560	0.18382	-9.75602
0.96947	0.15508	0.18993	1.55076
0.00000	0.00000	0.00000	1.00000

boidNo = 22
boid Wall No = 0
position = = (-9.7, -1.6, 2.0)
Boid Radius= 10
Boid Frame=
 0.25173	-0.96767	0.01545	-9.67674
-0.64970	-0.15714	0.74377	-1.57141
0.71730	0.19727	0.66825	1.97268
0.00000	0.00000	0.00000	1.00000

boidNo = 23
boid Wall No = 0
position = = (8.4, -2.6, -4.7)
Boid Radius= 10
Boid Frame=
 -0.52446	0.84186	-0.12733	8.41862
-0.59755	-0.25740	0.75940	-2.57396
-0.60653	-0.47436	-0.63804	-4.74358
0.00000	0.00000	0.00000	1.00000

boidNo = 24
boid Wall No = 0
position = = (-5.7, -7.9, -2.4)
Boid Radius= 10
Boid Frame=
 -0.35860	-0.56616	-0.74220	-5.66163
-0.02511	-0.78894	0.61395	-7.88945
0.93315	-0.23880	-0.26870	-2.38800
0.00000	0.00000	0.00000	1.00000

boidNo = 25
boid Wall No = 1
position = = (-4.5, 5.7, 6.9)
Boid Radius= 10
Boid Frame=
 0.50113	-0.44735	0.74077	-4.47354
-0.47797	0.57050	0.66788	5.70505
0.72139	0.68877	-0.07207	6.88766
0.00000	0.00000	0.00000	1.00000

boidNo = 26
boid Wall No = 1
position = = (4.6, 0.4, -8.9)
Boid Radius= 10
Boid Frame=
 -0.61537	0.45955	-0.64042	4.59551
-0.70420	0.04451	0.70860	0.44508
-0.35414	-0.88704	-0.29623	-8.87036
0.00000	0.00000	0.00000	1.00000

boidNo = 27
boid Wall No = 0
position = = (2.6, -9.6, -0.8)
Boid Radius= 10
Boid Frame=
 0.30313	0.25539	0.91809	2.55389
0.15504	-0.96380	0.21691	-9.63801
-0.94025	-0.07658	0.33175	-0.76584
0.00000	0.00000	0.00000	1.00000

boidNo = 28
boid Wall No = 1
position = = (4.3, 8.1, -3.9)
Boid Radius= 10
Boid Frame=
 -0.45036	0.43377	-0.78040	4.33773
-0.18238	0.81093	0.55599	8.10931
-0.87402	-0.39272	0.28610	-3.92724
0.00000	0.00000	0.00000	1.00000

boidNo = 29
boid Wall No = 0
position = = (0.2, -7.7, 6.4)
Boid Radius= 10
Boid Frame=
 0.99270	0.01771	0.11930	0.17710
-0.06327	-0.76565	0.64014	-7.65648
-0.10268	0.64302	0.75894	6.43016
0.00000	0.00000	0.00000	1.00000

boidNo = 30
boid Wall No = 1
position = = (-1.2, 9.7, -1.9)
Boid Radius= 10
Boid Frame=
 -0.63321	-0.12427	0.76394	-1.24267
0.06937	0.97394	0.21593	9.73942
0.77086	-0.18972	0.60809	-1.89724
0.00000	0.00000	0.00000	1.00000

boidNo = 31
boid Wall No = 1
position = = (7.8, 2.2, -5.9)
Boid Radius= 10
Boid Frame=
 -0.31563	0.77651	-0.54535	7.76514
-0.67357	0.22145	0.70517	2.21455
-0.66834	-0.58990	-0.45314	-5.89902
0.00000	0.00000	0.00000	1.00000

boidNo = 32
boid Wall No = 1
position = = (3.6, 9.3, 0.5)
Boid Radius= 10
Boid Frame=
 0.09881	0.36411	-0.92610	3.64106
0.01930	0.92978	0.36761	9.29779
-0.99492	0.05420	-0.08485	0.54195
0.00000	0.00000	0.00000	1.00000

boidNo = 33
boid Wall No = 1
position = = (7.0, 5.2, 4.9)
Boid Radius= 10
Boid Frame=
 0.71105	0.70276	0.02328	7.02756
-0.53165	0.51567	0.67188	5.15673
-0.46017	0.49012	-0.74029	4.90118
0.00000	0.00000	0.00000	1.00000

boidNo = 34
boid Wall No = 0
position = = (1.5, -9.9, 0.2)
Boid Radius= 10
Boid Frame=
 0.60378	0.14757	0.78337	1.47568
0.07476	-0.98887	0.12866	-9.88867
-0.79364	0.01912	0.60809	0.19116
0.00000	0.00000	0.00000	1.00000

