Iteration Num of Simuation:0
m_SimulationDeltaT of action plan:0
boidNo = 0
boid Wall No = 1
position = = (-3.1, 3.7, -8.8)
Boid Radius= 10
Boid Frame=
 -0.78324	-0.30712	-0.54057	-3.07116
-0.62160	0.36930	0.69082	3.69301
0.01253	-0.87710	0.48015	-8.77095
0.00000	0.00000	0.00000	1.00000

boidNo = 1
boid Wall No = 1
position = = (-5.4, 3.5, -7.7)
Boid Radius= 10
Boid Frame=
 -0.74195	-0.53806	-0.40001	-5.38061
-0.62718	0.34614	0.69773	3.46135
0.23697	-0.76856	0.59428	-7.68558
0.00000	0.00000	0.00000	1.00000

boidNo = 2
boid Wall No = 0
position = = (3.7, -1.6, -9.2)
Boid Radius= 10
Boid Frame=
 -0.74380	0.36702	-0.55862	3.67024
-0.64158	-0.15769	0.75067	-1.57691
-0.18743	-0.91675	-0.35277	-9.16748
0.00000	0.00000	0.00000	1.00000

boidNo = 3
boid Wall No = 1
position = = (5.2, 7.2, 4.6)
Boid Radius= 10
Boid Frame=
 0.82652	0.51849	-0.21917	5.18488
-0.28494	0.72115	0.63147	7.21149
-0.48546	0.45947	-0.74378	4.59472
0.00000	0.00000	0.00000	1.00000

boidNo = 4
boid Wall No = 1
position = = (5.6, 1.1, 8.2)
Boid Radius= 10
Boid Frame=
 0.63044	0.56236	0.53506	5.62360
-0.69714	0.10704	0.70890	1.07038
-0.34139	0.81994	-0.45952	8.19935
0.00000	0.00000	0.00000	1.00000

boidNo = 5
boid Wall No = 0
position = = (-9.2, -3.2, 2.1)
Boid Radius= 10
Boid Frame=
 0.38115	-0.92239	-0.06266	-9.22389
-0.67030	-0.32238	0.66841	-3.22383
0.63673	0.21276	0.74115	2.12764
0.00000	0.00000	0.00000	1.00000

boidNo = 6
boid Wall No = 1
position = = (-6.5, 7.6, 0.8)
Boid Radius= 10
Boid Frame=
 -0.17072	-0.64614	0.74388	-6.46139
-0.24176	0.75936	0.60410	7.59356
0.95520	0.07671	0.28585	0.76707
0.00000	0.00000	0.00000	1.00000

boidNo = 7
boid Wall No = 0
position = = (-3.9, -8.6, 3.2)
Boid Radius= 9.999999
Boid Frame=
 0.46913	-0.39288	-0.79093	-3.92884
0.11453	-0.86096	0.49561	-8.60963
0.87567	0.32309	0.35890	3.23086
0.00000	0.00000	0.00000	1.00000

boidNo = 8
boid Wall No = 0
position = = (-8.8, -1.4, -4.5)
Boid Radius= 10
Boid Frame=
 -0.24057	-0.87982	-0.40993	-8.79821
-0.69117	-0.14123	0.70875	-1.41235
0.68147	-0.45384	0.57413	-4.53837
0.00000	0.00000	0.00000	1.00000

boidNo = 9
boid Wall No = 0
position = = (-0.2, -10.0, 0.7)
Boid Radius= 10
Boid Frame=
 0.91182	-0.02088	-0.41005	-0.20883
0.01120	-0.99707	0.07569	-9.97069
0.41043	0.07361	0.90892	0.73606
0.00000	0.00000	0.00000	1.00000

boidNo = 10
boid Wall No = 1
position = = (8.0, 5.9, -0.6)
Boid Radius= 10
Boid Frame=
 0.25031	0.80418	-0.53911	8.04181
-0.42562	0.59154	0.68478	5.91543
-0.86959	-0.05805	-0.49035	-0.58047
0.00000	0.00000	0.00000	1.00000

boidNo = 11
boid Wall No = 0
position = = (5.0, -7.4, -4.6)
Boid Radius= 10
Boid Frame=
 -0.75596	0.49752	0.42544	4.97521
-0.11153	-0.73829	0.66520	-7.38291
-0.64505	-0.45541	-0.61360	-4.55411
0.00000	0.00000	0.00000	1.00000

boidNo = 12
boid Wall No = 1
position = = (8.2, 5.5, -1.8)
Boid Radius= 9.999999
Boid Frame=
 0.14009	0.81620	-0.56052	8.16202
-0.48270	0.55058	0.68107	5.50577
-0.86451	-0.17515	-0.47111	-1.75153
0.00000	0.00000	0.00000	1.00000

boidNo = 13
boid Wall No = 1
position = = (-1.2, 9.9, -0.4)
Boid Radius= 10
Boid Frame=
 0.08349	-0.12330	0.98885	-1.23297
0.05296	0.99146	0.11915	9.91463
0.99510	-0.04242	-0.08931	-0.42419
0.00000	0.00000	0.00000	1.00000

boidNo = 14
boid Wall No = 0
position = = (4.3, -8.6, 2.7)
Boid Radius= 10
Boid Frame=
 0.69237	0.42617	0.58224	4.26172
0.12254	-0.86467	0.48717	-8.64665
-0.71106	0.26595	0.65089	2.65954
0.00000	0.00000	0.00000	1.00000

