Iteration Num of Simuation:0
m_SimulationDeltaT of action plan:0
boidNo = 0
boid Wall No = 0
position = = (-4.0, -8.6, -3.2)
Boid Radius= 10
Boid Frame=
 -0.74474	-0.40468	-0.53066	-4.04682
0.10485	-0.85624	0.50583	-8.56240
0.65907	-0.32107	-0.68010	-3.21071
0.00000	0.00000	0.00000	1.00000

boidNo = 1
boid Wall No = 1
position = = (9.9, 0.6, 1.0)
Boid Radius= 10
Boid Frame=
 0.11249	0.99342	0.02153	9.93420
-0.69849	0.06365	0.71279	0.63646
-0.70673	0.09522	-0.70105	0.95217
0.00000	0.00000	0.00000	1.00000

boidNo = 2
boid Wall No = 1
position = = (-6.1, 6.4, -4.6)
Boid Radius= 10
Boid Frame=
 -0.77818	-0.61128	0.14415	-6.11279
-0.38234	0.64318	0.66342	6.43181
0.49825	-0.46115	0.73423	-4.61147
0.00000	0.00000	0.00000	1.00000

boidNo = 3
boid Wall No = 1
position = = (-3.7, 2.4, 9.0)
Boid Radius= 10
Boid Frame=
 0.63649	-0.36579	0.67903	-3.65789
-0.63855	0.24388	0.72992	2.43877
0.43260	0.89818	0.07835	8.98177
0.00000	0.00000	0.00000	1.00000

boidNo = 4
boid Wall No = 0
position = = (6.9, -6.0, 4.0)
Boid Radius= 9.999999
Boid Frame=
 0.22809	0.69383	0.68306	6.93833
-0.34311	-0.59927	0.72329	-5.99267
-0.91118	0.39934	-0.10137	3.99342
0.00000	0.00000	0.00000	1.00000

boidNo = 5
boid Wall No = 1
position = = (-2.2, 4.7, 8.6)
Boid Radius= 10
Boid Frame=
 0.71605	-0.22253	0.66163	-2.22525
-0.51764	0.46662	0.71716	4.66621
0.46832	0.85601	-0.21894	8.56007
0.00000	0.00000	0.00000	1.00000

boidNo = 6
boid Wall No = 0
position = = (6.2, -0.3, -7.8)
Boid Radius= 10
Boid Frame=
 -0.53544	0.62488	-0.56818	6.24876
-0.74446	-0.03150	0.66692	-0.31499
-0.39885	-0.78009	-0.48206	-7.80088
0.00000	0.00000	0.00000	1.00000

boidNo = 7
boid Wall No = 1
position = = (3.4, 9.3, -0.9)
Boid Radius= 10
Boid Frame=
 -0.31203	0.34412	-0.88556	3.44122
0.02514	0.93476	0.35438	9.34762
-0.94974	-0.08832	0.30032	-0.88318
0.00000	0.00000	0.00000	1.00000

boidNo = 8
boid Wall No = 1
position = = (-0.8, 7.6, -6.4)
Boid Radius= 10
Boid Frame=
 -0.94327	-0.07570	-0.32328	-0.75695
-0.26292	0.76490	0.58805	7.64898
-0.20276	-0.63969	0.74141	-6.39688
0.00000	0.00000	0.00000	1.00000

boidNo = 9
boid Wall No = 0
position = = (-3.5, -7.8, -5.2)
Boid Radius= 10
Boid Frame=
 -0.79722	-0.35106	-0.49112	-3.51057
-0.03950	-0.78145	0.62271	-7.81454
0.60240	-0.51584	-0.60912	-5.15838
0.00000	0.00000	0.00000	1.00000

boidNo = 10
boid Wall No = 0
position = = (-6.8, -7.1, 1.7)
Boid Radius= 10
Boid Frame=
 0.46421	-0.68115	-0.56617	-6.81149
-0.24493	-0.71301	0.65699	-7.13006
0.85119	0.16631	0.49781	1.66310
0.00000	0.00000	0.00000	1.00000

boidNo = 11
boid Wall No = 1
position = = (5.5, 2.4, 8.0)
Boid Radius= 10
Boid Frame=
 0.67096	0.54953	0.49783	5.49535
-0.69856	0.24330	0.67292	2.43305
-0.24867	0.79926	-0.54713	7.99259
0.00000	0.00000	0.00000	1.00000

boidNo = 12
boid Wall No = 1
position = = (7.1, 0.8, -7.0)
Boid Radius= 10
Boid Frame=
 -0.46454	0.71200	-0.52655	7.12000
-0.69106	0.08034	0.71832	0.80343
-0.55375	-0.69757	-0.45471	-6.97568
0.00000	0.00000	0.00000	1.00000

boidNo = 13
boid Wall No = 1
position = = (5.9, 8.0, 0.9)
Boid Radius= 10
Boid Frame=
 0.40855	0.59141	-0.69521	5.91414
-0.20425	0.80160	0.56189	8.01600
-0.88959	0.08756	-0.44829	0.87558
0.00000	0.00000	0.00000	1.00000

boidNo = 14
boid Wall No = 0
position = = (1.3, -7.4, 6.6)
Boid Radius= 10
Boid Frame=
 0.94732	0.12847	0.29340	1.28471
-0.10493	-0.74100	0.66325	-7.41005
-0.30262	0.65910	0.68849	6.59096
0.00000	0.00000	0.00000	1.00000

