Iteration Num of Simuation:0
m_SimulationDeltaT of action plan:0
boidNo = 0
boid Wall No = 1
position = = (6.3, 1.5, -7.6)
Boid Radius= 9.999999
Boid Frame=
 -0.46229	0.63414	-0.61981	6.34138
-0.71579	0.14570	0.68295	1.45702
-0.52339	-0.75937	-0.38655	-7.59368
0.00000	0.00000	0.00000	1.00000

boidNo = 1
boid Wall No = 0
position = = (2.9, -2.8, -9.2)
Boid Radius= 10
Boid Frame=
 -0.75970	0.29161	-0.58123	2.91611
-0.64863	-0.27631	0.70917	-2.76314
-0.04620	-0.91576	-0.39906	-9.15759
0.00000	0.00000	0.00000	1.00000

boidNo = 2
boid Wall No = 0
position = = (-7.7, -2.7, -5.8)
Boid Radius= 10
Boid Frame=
 -0.29175	-0.76917	-0.56856	-7.69173
-0.65690	-0.27094	0.70362	-2.70936
0.69525	-0.57876	0.42622	-5.78763
0.00000	0.00000	0.00000	1.00000

boidNo = 3
boid Wall No = 0
position = = (-1.8, -8.0, -5.7)
Boid Radius= 10
Boid Frame=
 -0.95662	-0.17807	-0.23057	-1.78073
0.00542	-0.80218	0.59706	-8.02175
0.29128	-0.56992	-0.76834	-5.69917
0.00000	0.00000	0.00000	1.00000

boidNo = 4
boid Wall No = 1
position = = (-6.6, 7.2, 2.2)
Boid Radius= 10
Boid Frame=
 -0.02573	-0.65608	0.75426	-6.56077
-0.31352	0.72173	0.61709	7.21733
0.94923	0.22060	0.22426	2.20602
0.00000	0.00000	0.00000	1.00000

boidNo = 5
boid Wall No = 0
position = = (1.2, -6.2, 7.7)
Boid Radius= 10
Boid Frame=
 0.86398	0.12199	0.48852	1.21991
-0.31699	-0.62202	0.71596	-6.22024
-0.39121	0.77344	0.49875	7.73437
0.00000	0.00000	0.00000	1.00000

boidNo = 6
boid Wall No = 1
position = = (4.1, 9.1, 1.0)
Boid Radius= 10
Boid Frame=
 0.26862	0.41043	-0.87143	4.10434
-0.01921	0.90678	0.42116	9.06781
-0.96305	0.09639	-0.25147	0.96395
0.00000	0.00000	0.00000	1.00000

boidNo = 7
boid Wall No = 1
position = = (-9.0, 0.9, -4.2)
Boid Radius= 10
Boid Frame=
 -0.36051	-0.90106	-0.24108	-9.01064
-0.70175	0.09174	0.70650	0.91742
0.61448	-0.42387	0.66539	-4.23871
0.00000	0.00000	0.00000	1.00000

boidNo = 8
boid Wall No = 0
position = = (1.6, -6.6, -7.4)
Boid Radius= 10
Boid Frame=
 -0.94758	0.15970	-0.27674	1.59698
-0.31124	-0.65716	0.68650	-6.57155
0.07223	-0.73664	-0.67241	-7.36644
0.00000	0.00000	0.00000	1.00000

boidNo = 9
boid Wall No = 0
position = = (7.2, -7.0, -0.4)
Boid Radius= 10
Boid Frame=
 -0.26564	0.71702	0.64445	7.17017
-0.22202	-0.69600	0.68285	-6.96002
-0.93816	-0.03831	-0.34408	-0.38312
0.00000	0.00000	0.00000	1.00000

boidNo = 10
boid Wall No = 1
position = = (1.5, 9.8, 0.9)
Boid Radius= 10
Boid Frame=
 0.12813	0.15434	-0.97967	1.54338
0.07020	0.98393	0.16419	9.83928
-0.98927	0.08981	-0.11524	0.89810
0.00000	0.00000	0.00000	1.00000

boidNo = 11
boid Wall No = 0
position = = (-9.4, -3.5, 0.0)
Boid Radius= 10
Boid Frame=
 0.19637	-0.93701	-0.28888	-9.37010
-0.53141	-0.34930	0.77175	-3.49297
0.82404	-0.00197	0.56653	-0.01969
0.00000	0.00000	0.00000	1.00000

boidNo = 12
boid Wall No = 1
position = = (-0.6, 10.0, 0.0)
Boid Radius= 9.999999
Boid Frame=
 0.43205	-0.05745	0.90002	-0.57445
0.02091	0.99834	0.05368	9.98339
0.90161	0.00438	-0.43254	0.04378
0.00000	0.00000	0.00000	1.00000

boidNo = 13
boid Wall No = 0
position = = (4.2, -8.9, 1.9)
Boid Radius= 10
Boid Frame=
 0.65571	0.42112	0.62665	4.21121
0.15565	-0.88757	0.43359	-8.87566
-0.73879	0.18677	0.64754	1.86771
0.00000	0.00000	0.00000	1.00000

boidNo = 14
boid Wall No = 1
position = = (-6.8, 4.8, -5.6)
Boid Radius= 10
Boid Frame=
 -0.72985	-0.67723	-0.09318	-6.77231
-0.53478	0.48072	0.69492	4.80717
0.42583	-0.55702	0.71302	-5.57017
0.00000	0.00000	0.00000	1.00000

