Iteration Num of Simuation:0
m_SimulationDeltaT of action plan:0
boidNo = 0
boid Wall No = 1
position = = (-7.4, 5.9, -3.3)
Boid Radius= 10
Boid Frame=
 -0.64286	-0.73548	0.21401	-7.35483
-0.45529	0.59157	0.66539	5.91572
0.61599	-0.33031	0.71516	-3.30314
0.00000	0.00000	0.00000	1.00000

boidNo = 1
boid Wall No = 1
position = = (-3.5, 3.1, 8.8)
Boid Radius= 10
Boid Frame=
 0.65691	-0.35232	0.66659	-3.52324
-0.58835	0.31335	0.74543	3.13349
0.47151	0.88186	0.00145	8.81862
0.00000	0.00000	0.00000	1.00000

boidNo = 2
boid Wall No = 0
position = = (-0.2, -9.9, 1.0)
Boid Radius= 10
Boid Frame=
 0.89895	-0.01832	-0.43768	-0.18322
0.02877	-0.99450	0.10071	-9.94500
0.43711	0.10313	0.89347	1.03126
0.00000	0.00000	0.00000	1.00000

boidNo = 3
boid Wall No = 0
position = = (4.3, -3.7, -8.2)
Boid Radius= 10
Boid Frame=
 -0.84288	0.43232	-0.32041	4.32315
-0.49114	-0.37477	0.78634	-3.74766
-0.21987	-0.82015	-0.52821	-8.20155
0.00000	0.00000	0.00000	1.00000

boidNo = 4
boid Wall No = 1
position = = (-9.5, 1.4, 2.6)
Boid Radius= 10
Boid Frame=
 0.08435	-0.95493	0.28460	-9.54929
-0.72429	0.13739	0.67567	1.37394
0.68432	0.26312	0.68005	2.63124
0.00000	0.00000	0.00000	1.00000

boidNo = 5
boid Wall No = 1
position = = (8.3, 3.5, 4.3)
Boid Radius= 10
Boid Frame=
 0.54969	0.83486	0.02907	8.34861
-0.56486	0.34583	0.74922	3.45828
-0.61544	0.42826	-0.66168	4.28265
0.00000	0.00000	0.00000	1.00000

boidNo = 6
boid Wall No = 1
position = = (2.7, 9.4, 2.3)
Boid Radius= 10
Boid Frame=
 0.62843	0.27008	-0.72948	2.70076
0.00649	0.93594	0.35210	9.35939
-0.77784	0.22600	-0.58642	2.26003
0.00000	0.00000	0.00000	1.00000

boidNo = 7
boid Wall No = 1
position = = (3.5, 7.9, -5.0)
Boid Radius= 10
Boid Frame=
 -0.30680	0.35259	-0.88406	3.52587
-0.40291	0.79341	0.45626	7.93406
-0.86229	-0.49617	0.10135	-4.96174
0.00000	0.00000	0.00000	1.00000

boidNo = 8
boid Wall No = 0
position = = (4.4, -8.5, -2.8)
Boid Radius= 10
Boid Frame=
 -0.73702	0.44021	0.51286	4.40205
-0.16798	-0.85430	0.49188	-8.54304
-0.65467	-0.27638	-0.70358	-2.76378
0.00000	0.00000	0.00000	1.00000

boidNo = 9
boid Wall No = 0
position = = (6.6, -7.2, 1.9)
Boid Radius= 10
Boid Frame=
 0.01889	0.66427	0.74726	6.64266
-0.24142	-0.72225	0.64813	-7.22245
-0.97024	0.19265	-0.14673	1.92646
0.00000	0.00000	0.00000	1.00000

boidNo = 10
boid Wall No = 0
position = = (9.5, -3.1, -0.8)
Boid Radius= 10
Boid Frame=
 -0.23432	0.94894	0.21120	9.48942
-0.52407	-0.30627	0.79470	-3.06275
-0.81881	-0.07553	-0.56908	-0.75530
0.00000	0.00000	0.00000	1.00000

boidNo = 11
boid Wall No = 1
position = = (8.3, 4.7, 3.0)
Boid Radius= 10
Boid Frame=
 0.53352	0.82851	-0.17009	8.28511
-0.50470	0.47323	0.72203	4.73228
-0.67870	0.29937	-0.67063	2.99373
0.00000	0.00000	0.00000	1.00000

boidNo = 12
boid Wall No = 1
position = = (3.0, 0.4, -9.5)
Boid Radius= 10
Boid Frame=
 -0.57405	0.29788	-0.76272	2.97875
-0.79177	0.03553	0.60979	0.35530
-0.20874	-0.95394	-0.21545	-9.53943
0.00000	0.00000	0.00000	1.00000

boidNo = 13
boid Wall No = 1
position = = (-3.5, 9.2, -1.9)
Boid Radius= 10
Boid Frame=
 -0.56637	-0.35083	0.74575	-3.50827
-0.04258	0.91612	0.39864	9.16119
0.82305	-0.19403	0.53380	-1.94028
0.00000	0.00000	0.00000	1.00000

boidNo = 14
boid Wall No = 1
position = = (-2.6, 2.9, 9.2)
Boid Radius= 10
Boid Frame=
 0.67802	-0.26232	0.68665	-2.62324
-0.62512	0.28564	0.72639	2.85642
0.38668	0.92173	-0.02969	9.21735
0.00000	0.00000	0.00000	1.00000

boidNo = 15
boid Wall No = 1
position = = (0.7, 9.5, 3.1)
Boid Radius= 9.999999
Boid Frame=
 0.61337	0.06888	0.78679	0.68880
-0.28785	0.94717	0.14148	9.47166
0.73547	0.31326	-0.60079	3.13261
0.00000	0.00000	0.00000	1.00000

boidNo = 16
boid Wall No = 0
position = = (1.0, -9.5, -2.8)
Boid Radius= 10
Boid Frame=
 -0.95472	0.10095	0.27985	1.00947
-0.01300	-0.95393	0.29976	-9.53926
-0.29721	-0.28255	-0.91205	-2.82551
0.00000	0.00000	0.00000	1.00000

boidNo = 17
boid Wall No = 1
position = = (-7.7, 5.7, 2.8)
Boid Radius= 10
Boid Frame=
 -0.06086	-0.77285	0.63167	-7.72845
-0.50898	0.56841	0.64641	5.68410
0.85862	0.28217	0.42796	2.82171
0.00000	0.00000	0.00000	1.00000

boidNo = 18
boid Wall No = 0
position = = (0.5, -5.6, 8.3)
Boid Radius= 10
Boid Frame=
 0.90252	0.04553	0.42823	0.45526
-0.33190	-0.56010	0.75903	-5.60098
-0.27441	0.82717	0.49039	8.27174
0.00000	0.00000	0.00000	1.00000

boidNo = 19
boid Wall No = 0
position = = (-1.4, -9.8, -1.6)
Boid Radius= 10
Boid Frame=
 -0.73322	-0.14323	-0.66473	-1.43233
-0.00256	-0.97698	0.21333	-9.76976
0.67998	-0.15812	-0.71598	-1.58119
0.00000	0.00000	0.00000	1.00000

