Iteration Num of Simuation:0
m_SimulationDeltaT of action plan:0
boidNo = 0
boid Wall No = 1
position = = (2.0, 8.6, -4.6)
Boid Radius= 10
Boid Frame=
 -0.83234	0.19917	-0.51724	1.99175
-0.10074	0.86329	0.49454	8.63294
-0.54503	-0.46374	0.69849	-4.63738
0.00000	0.00000	0.00000	1.00000

boidNo = 1
boid Wall No = 1
position = = (-2.2, 9.8, 0.0)
Boid Radius= 10
Boid Frame=
 -0.83088	-0.21743	0.51221	-2.17432
-0.18258	0.97606	0.11817	9.76064
0.52565	-0.00467	0.85069	-0.04667
0.00000	0.00000	0.00000	1.00000

boidNo = 2
boid Wall No = 1
position = = (4.3, 4.5, 7.8)
Boid Radius= 10
Boid Frame=
 0.83547	0.43133	0.34050	4.31330
-0.52727	0.45464	0.71784	4.54637
-0.15482	0.77927	-0.60726	7.79269
0.00000	0.00000	0.00000	1.00000

boidNo = 3
boid Wall No = 0
position = = (0.4, -10.0, 0.0)
Boid Radius= 10
Boid Frame=
 0.00829	0.03931	0.99919	0.39307
0.00440	-0.99922	0.03927	-9.99219
-0.99996	-0.00408	0.00846	-0.04075
0.00000	0.00000	0.00000	1.00000

boidNo = 4
boid Wall No = 1
position = = (-0.7, 10.0, -0.6)
Boid Radius= 9.999999
Boid Frame=
 -0.27932	-0.06516	0.95799	-0.65162
0.03892	0.99611	0.07910	9.96106
0.95941	-0.05938	0.27569	-0.59379
0.00000	0.00000	0.00000	1.00000

boidNo = 5
boid Wall No = 1
position = = (-1.7, 9.6, -2.1)
Boid Radius= 9.999999
Boid Frame=
 -0.69074	-0.16739	0.70346	-1.67394
0.03527	0.96388	0.26400	9.63879
0.72224	-0.20716	0.65989	-2.07165
0.00000	0.00000	0.00000	1.00000

boidNo = 6
boid Wall No = 0
position = = (-7.7, -3.6, -5.3)
Boid Radius= 10
Boid Frame=
 -0.27489	-0.76990	-0.57593	-7.69897
-0.56167	-0.35758	0.74609	-3.57582
0.78036	-0.52858	0.33414	-5.28578
0.00000	0.00000	0.00000	1.00000

boidNo = 7
boid Wall No = 0
position = = (-2.2, -9.6, 1.9)
Boid Radius= 10
Boid Frame=
 0.73896	-0.22052	-0.63665	-2.20516
-0.03752	-0.95693	0.28790	-9.56926
0.67271	0.18885	0.71540	1.88853
0.00000	0.00000	0.00000	1.00000

boidNo = 8
boid Wall No = 0
position = = (-7.6, -6.0, -2.3)
Boid Radius= 10
Boid Frame=
 -0.06328	-0.76442	-0.64160	-7.64423
-0.28878	-0.60136	0.74496	-6.01362
0.95530	-0.23242	0.18270	-2.32423
0.00000	0.00000	0.00000	1.00000

boidNo = 9
boid Wall No = 1
position = = (-0.6, 8.3, 5.5)
Boid Radius= 10
Boid Frame=
 0.67563	-0.05825	0.73494	-0.58248
-0.37621	0.83007	0.41164	8.30070
0.63402	0.55461	-0.53891	5.54609
0.00000	0.00000	0.00000	1.00000

boidNo = 10
boid Wall No = 0
position = = (0.0, -10.0, -0.5)
Boid Radius= 10
Boid Frame=
 -0.99920	-0.00206	0.03998	-0.02063
0.00394	-0.99889	0.04696	-9.98889
-0.03984	-0.04708	-0.99810	-0.47082
0.00000	0.00000	0.00000	1.00000

boidNo = 11
boid Wall No = 1
position = = (-2.1, 6.3, -7.5)
Boid Radius= 10
Boid Frame=
 -0.92769	-0.21025	-0.30853	-2.10254
-0.36991	0.62971	0.68310	6.29712
-0.05066	-0.74783	0.66195	-7.47834
0.00000	0.00000	0.00000	1.00000

boidNo = 12
boid Wall No = 1
position = = (3.7, 7.7, -5.2)
Boid Radius= 10
Boid Frame=
 -0.59672	0.37203	-0.71100	3.72028
-0.23543	0.76588	0.59834	7.65877
-0.76713	-0.52443	0.36943	-5.24432
0.00000	0.00000	0.00000	1.00000

boidNo = 13
boid Wall No = 1
position = = (-0.9, 8.8, 4.7)
Boid Radius= 10
Boid Frame=
 0.78986	-0.09341	0.60613	-0.93413
-0.22327	0.87671	0.42606	8.76712
0.57120	0.47186	-0.67163	4.71858
0.00000	0.00000	0.00000	1.00000

boidNo = 14
boid Wall No = 0
position = = (2.0, -6.1, -7.6)
Boid Radius= 10
Boid Frame=
 -0.26786	0.20440	-0.94153	2.04397
-0.78589	-0.61166	0.09080	-6.11663
0.55734	-0.76426	-0.32448	-7.64258
0.00000	0.00000	0.00000	1.00000

boidNo = 15
boid Wall No = 0
position = = (8.9, -1.7, -4.2)
Boid Radius= 10
Boid Frame=
 -0.39367	0.89262	-0.21968	8.92616
-0.74065	-0.16644	0.65095	-1.66441
-0.54448	-0.41897	-0.72664	-4.18967
0.00000	0.00000	0.00000	1.00000

boidNo = 16
boid Wall No = 0
position = = (3.1, -9.2, -2.5)
Boid Radius= 9.999999
Boid Frame=
 -0.84696	0.30830	0.43314	3.08297
-0.14516	-0.91784	0.36946	-9.17840
-0.51146	-0.25004	-0.82213	-2.50044
0.00000	0.00000	0.00000	1.00000

boidNo = 17
boid Wall No = 1
position = = (-0.6, 10.0, 0.5)
Boid Radius= 10
Boid Frame=
 0.53057	-0.05620	0.84578	-0.56198
-0.01624	0.99694	0.07643	9.96943
0.84749	0.05428	-0.52803	0.54281
0.00000	0.00000	0.00000	1.00000

boidNo = 18
boid Wall No = 0
position = = (9.2, -3.2, -2.2)
Boid Radius= 10
Boid Frame=
 -0.38953	0.91956	-0.05166	9.19565
-0.82588	-0.32391	0.46152	-3.23914
-0.40767	-0.22244	-0.88562	-2.22443
0.00000	0.00000	0.00000	1.00000

boidNo = 19
boid Wall No = 0
position = = (-0.5, -9.9, -1.1)
Boid Radius= 10
Boid Frame=
 -0.91902	-0.04712	-0.39140	-0.47116
0.00087	-0.99307	0.11749	-9.93073
0.39422	-0.10764	-0.91269	-1.07637
0.00000	0.00000	0.00000	1.00000

