Iteration Num of Simuation:0
m_SimulationDeltaT of action plan:0
boidNo = 0
boid Wall No = 1
position = = (-1.1, 7.6, -6.4)
Boid Radius= 10
Boid Frame=
 -0.96803	-0.11033	-0.22526	-1.10327
-0.22784	0.76234	0.60575	7.62336
-0.10489	-0.63771	0.76310	-6.37709
0.00000	0.00000	0.00000	1.00000

boidNo = 1
boid Wall No = 0
position = = (7.1, -0.9, 7.0)
Boid Radius= 10
Boid Frame=
 0.44250	0.70840	0.54988	7.08401
-0.71265	-0.09443	0.69514	-0.94430
-0.54436	0.69946	-0.46306	6.99465
0.00000	0.00000	0.00000	1.00000

boidNo = 2
boid Wall No = 1
position = = (-5.6, 5.9, -5.7)
Boid Radius= 10
Boid Frame=
 -0.82042	-0.56384	-0.09486	-5.63843
-0.48292	0.59450	0.64292	5.94504
0.30611	-0.57328	0.76003	-5.73277
0.00000	0.00000	0.00000	1.00000

boidNo = 3
boid Wall No = 1
position = = (-8.6, 2.2, -4.6)
Boid Radius= 10
Boid Frame=
 -0.47161	-0.85881	-0.20008	-8.58811
-0.68995	0.21808	0.69022	2.18080
0.54914	-0.46356	0.69539	-4.63558
0.00000	0.00000	0.00000	1.00000

boidNo = 4
boid Wall No = 1
position = = (-1.3, 6.6, 7.4)
Boid Radius= 10
Boid Frame=
 0.79054	-0.12831	0.59882	-1.28311
-0.38069	0.66297	0.64463	6.62973
0.47972	0.73757	-0.47526	7.37566
0.00000	0.00000	0.00000	1.00000

boidNo = 5
boid Wall No = 1
position = = (4.9, 6.7, 5.6)
Boid Radius= 10
Boid Frame=
 0.87100	0.48799	-0.05671	4.87994
-0.33421	0.67317	0.65965	6.73173
-0.36008	0.55561	-0.74943	5.55607
0.00000	0.00000	0.00000	1.00000

boidNo = 6
boid Wall No = 0
position = = (-1.2, -9.9, 0.5)
Boid Radius= 10
Boid Frame=
 0.07874	-0.12189	-0.98942	-1.21888
0.04072	-0.99128	0.12536	-9.91276
0.99606	0.05015	0.07309	0.50155
0.00000	0.00000	0.00000	1.00000

boidNo = 7
boid Wall No = 1
position = = (-8.9, 2.5, -3.7)
Boid Radius= 10
Boid Frame=
 -0.43722	-0.89461	-0.09231	-8.94606
-0.65446	0.24608	0.71493	2.46081
0.61687	-0.37299	0.69307	-3.72994
0.00000	0.00000	0.00000	1.00000

boidNo = 8
boid Wall No = 1
position = = (0.7, 9.4, 3.2)
Boid Radius= 10
Boid Frame=
 0.95712	0.07479	-0.27988	0.74795
0.02282	0.94363	0.33021	9.43631
-0.28880	0.32244	-0.90146	3.22438
0.00000	0.00000	0.00000	1.00000

boidNo = 9
boid Wall No = 0
position = = (-1.7, -9.4, -3.0)
Boid Radius= 10
Boid Frame=
 -0.97845	-0.17397	0.11125	-1.73966
0.19901	-0.93816	0.28327	-9.38163
-0.05509	-0.29931	-0.95256	-2.99310
0.00000	0.00000	0.00000	1.00000

boidNo = 10
boid Wall No = 1
position = = (-1.8, 8.0, -5.7)
Boid Radius= 10
Boid Frame=
 -0.97743	-0.17876	-0.11254	-1.78761
-0.21099	0.80043	0.56107	8.00428
0.01022	-0.57215	0.82008	-5.72153
0.00000	0.00000	0.00000	1.00000

boidNo = 11
boid Wall No = 1
position = = (-0.7, 2.4, -9.7)
Boid Radius= 10
Boid Frame=
 -0.73521	-0.06923	-0.67430	-0.69227
-0.66831	0.24030	0.70400	2.40302
-0.11330	-0.96823	0.22294	-9.68227
0.00000	0.00000	0.00000	1.00000

boidNo = 12
boid Wall No = 1
position = = (-5.8, 0.9, -8.1)
Boid Radius= 10
Boid Frame=
 -0.61509	-0.57540	-0.53905	-5.75402
-0.70360	0.09203	0.70462	0.92031
0.35583	-0.81268	0.46146	-8.12677
0.00000	0.00000	0.00000	1.00000

boidNo = 13
boid Wall No = 0
position = = (-2.8, -8.8, 3.8)
Boid Radius= 10
Boid Frame=
 0.59983	-0.28330	-0.74830	-2.83295
0.15003	-0.87881	0.45297	-8.78814
0.78594	0.38397	0.48464	3.83966
0.00000	0.00000	0.00000	1.00000

boidNo = 14
boid Wall No = 0
position = = (-4.2, -5.3, -7.4)
Boid Radius= 10
Boid Frame=
 -0.67572	-0.42187	-0.60451	-4.21868
-0.35843	-0.52856	0.76951	-5.28561
0.64415	-0.73665	-0.20595	-7.36649
0.00000	0.00000	0.00000	1.00000

