Iteration Num of Simuation:0
m_SimulationDeltaT of action plan:0
boidNo = 0
boid Wall No = 0
position = = (-0.9, -9.4, 3.3)
Boid Radius= 10
Boid Frame=
 0.99472	-0.08931	-0.05059	-0.89305
-0.06728	-0.93957	0.33569	-9.39567
0.07752	0.33051	0.94061	3.30514
0.00000	0.00000	0.00000	1.00000

boidNo = 1
boid Wall No = 1
position = = (3.3, 7.6, -5.6)
Boid Radius= 10
Boid Frame=
 -0.66675	0.32654	-0.66994	3.26540
-0.23787	0.75865	0.60652	7.58652
-0.70630	-0.56375	0.42816	-5.63755
0.00000	0.00000	0.00000	1.00000

boidNo = 2
boid Wall No = 1
position = = (1.3, 9.1, 3.9)
Boid Radius= 10
Boid Frame=
 0.97539	0.12812	-0.17942	1.28121
-0.04385	0.91030	0.41163	9.10297
-0.21606	0.39363	-0.89352	3.93630
0.00000	0.00000	0.00000	1.00000

boidNo = 3
boid Wall No = 1
position = = (-0.6, 4.8, 8.7)
Boid Radius= 10
Boid Frame=
 0.80747	-0.06071	0.58678	-0.60712
-0.49091	0.48240	0.72546	4.82402
0.32711	0.87384	-0.35972	8.73843
0.00000	0.00000	0.00000	1.00000

boidNo = 4
boid Wall No = 0
position = = (-3.2, -9.5, 0.7)
Boid Radius= 10
Boid Frame=
 0.12938	-0.31856	-0.93903	-3.18555
0.02908	-0.94537	0.32471	-9.45367
0.99117	0.06931	0.11305	0.69314
0.00000	0.00000	0.00000	1.00000

boidNo = 5
boid Wall No = 0
position = = (0.8, -1.1, -9.9)
Boid Radius= 10
Boid Frame=
 -0.70728	0.08065	-0.70232	0.80645
-0.70668	-0.10733	0.69934	-1.07330
0.01898	-0.99095	-0.13290	-9.90947
0.00000	0.00000	0.00000	1.00000

boidNo = 6
boid Wall No = 0
position = = (0.7, -7.1, 7.0)
Boid Radius= 10
Boid Frame=
 0.95365	0.07265	0.29202	0.72646
-0.15588	-0.71081	0.68589	-7.10815
-0.25740	0.69962	0.66654	6.99618
0.00000	0.00000	0.00000	1.00000

boidNo = 7
boid Wall No = 0
position = = (7.4, -5.1, -4.5)
Boid Radius= 10
Boid Frame=
 -0.67588	0.73677	0.01900	7.36767
-0.53476	-0.50797	0.67528	-5.07973
-0.50717	-0.44625	-0.73732	-4.46249
0.00000	0.00000	0.00000	1.00000

boidNo = 8
boid Wall No = 0
position = = (-9.8, -0.1, 2.1)
Boid Radius= 10
Boid Frame=
 0.13382	-0.97723	0.16464	-9.77234
-0.80226	-0.00930	0.59691	-0.09297
0.58179	0.21196	0.78524	2.11963
0.00000	0.00000	0.00000	1.00000

boidNo = 9
boid Wall No = 1
position = = (2.4, 9.7, 0.3)
Boid Radius= 10
Boid Frame=
 -0.11805	0.24365	-0.96265	2.43650
0.06292	0.96932	0.23762	9.69318
-0.99101	0.03252	0.12976	0.32518
0.00000	0.00000	0.00000	1.00000

boidNo = 10
boid Wall No = 1
position = = (-7.5, 2.1, -6.3)
Boid Radius= 10
Boid Frame=
 -0.57585	-0.74887	-0.32801	-7.48870
-0.67708	0.21198	0.70471	2.11982
0.45821	-0.62790	0.62912	-6.27899
0.00000	0.00000	0.00000	1.00000

boidNo = 11
boid Wall No = 0
position = = (1.4, -0.4, 9.9)
Boid Radius= 10
Boid Frame=
 0.03084	0.13835	0.98990	1.38352
-0.99835	-0.04372	0.03721	-0.43716
-0.04842	0.98942	-0.13678	9.89418
0.00000	0.00000	0.00000	1.00000

boidNo = 12
boid Wall No = 1
position = = (-5.3, 8.3, 1.8)
Boid Radius= 10
Boid Frame=
 0.04936	-0.53242	0.84504	-5.32420
-0.17880	0.82769	0.53193	8.27694
0.98265	0.17735	0.05434	1.77346
0.00000	0.00000	0.00000	1.00000

boidNo = 13
boid Wall No = 0
position = = (2.9, -7.3, 6.2)
Boid Radius= 9.999999
Boid Frame=
 -0.35444	0.28622	0.89020	2.86221
-0.68340	-0.72907	-0.03769	-7.29070
-0.63823	0.62172	-0.45401	6.21719
0.00000	0.00000	0.00000	1.00000

boidNo = 14
boid Wall No = 0
position = = (7.9, -3.4, 5.2)
Boid Radius= 10
Boid Frame=
 0.32549	0.78503	0.52706	7.85026
-0.48372	-0.34071	0.80619	-3.40710
-0.81245	0.51735	-0.26883	5.17350
0.00000	0.00000	0.00000	1.00000

