Iteration Num of Simuation:0
m_SimulationDeltaT of action plan:0
boidNo = 0
boid Wall No = 0
position = = (2.4, -9.5, -1.7)
Boid Radius= 10
Boid Frame=
 -0.10131	0.24060	0.96532	2.40596
0.15392	-0.95484	0.25414	-9.54843
-0.98288	-0.17432	-0.05970	-1.74324
0.00000	0.00000	0.00000	1.00000

boidNo = 1
boid Wall No = 1
position = = (7.8, 5.3, 3.5)
Boid Radius= 10
Boid Frame=
 0.61664	0.77604	-0.13234	7.76039
-0.51587	0.52531	0.67671	5.25312
-0.59467	0.34901	-0.72426	3.49015
0.00000	0.00000	0.00000	1.00000

boidNo = 2
boid Wall No = 0
position = = (-5.9, -7.6, -2.8)
Boid Radius= 10
Boid Frame=
 -0.35044	-0.58527	-0.73120	-5.85271
-0.06901	-0.76245	0.64336	-7.62446
0.93404	-0.27592	-0.22680	-2.75924
0.00000	0.00000	0.00000	1.00000

boidNo = 3
boid Wall No = 1
position = = (-1.5, 7.5, -6.4)
Boid Radius= 10
Boid Frame=
 -0.96941	-0.15058	-0.19386	-1.50579
-0.23939	0.75454	0.61103	7.54539
-0.05426	-0.63875	0.76750	-6.38747
0.00000	0.00000	0.00000	1.00000

boidNo = 4
boid Wall No = 0
position = = (2.0, -6.2, 7.6)
Boid Radius= 10
Boid Frame=
 0.75037	0.19683	0.63103	1.96831
-0.40080	-0.62365	0.67113	-6.23651
-0.52564	0.75652	0.38908	7.56517
0.00000	0.00000	0.00000	1.00000

boidNo = 5
boid Wall No = 0
position = = (-4.4, -2.8, 8.5)
Boid Radius= 10
Boid Frame=
 0.78737	-0.43985	0.43195	-4.39850
-0.57848	-0.28495	0.76431	-2.84951
0.21309	0.85167	0.47881	8.51666
0.00000	0.00000	0.00000	1.00000

boidNo = 6
boid Wall No = 1
position = = (-3.8, 2.7, 8.9)
Boid Radius= 10
Boid Frame=
 0.59757	-0.37875	0.70672	-3.78749
-0.65894	0.27021	0.70198	2.70215
0.45684	0.88517	0.08810	8.85174
0.00000	0.00000	0.00000	1.00000

boidNo = 7
boid Wall No = 1
position = = (-0.4, 8.1, 5.9)
Boid Radius= 10
Boid Frame=
 0.92582	-0.03874	0.37596	-0.38744
-0.19215	0.80834	0.55647	8.08344
0.32547	0.58743	-0.74094	5.87435
0.00000	0.00000	0.00000	1.00000

boidNo = 8
boid Wall No = 0
position = = (3.5, -6.9, -6.3)
Boid Radius= 10
Boid Frame=
 -0.93357	0.35323	0.06067	3.53231
-0.21567	-0.68886	0.69207	-6.88857
-0.28625	-0.63301	-0.71927	-6.33012
0.00000	0.00000	0.00000	1.00000

boidNo = 9
boid Wall No = 0
position = = (-3.2, -2.0, -9.3)
Boid Radius= 10
Boid Frame=
 -0.60230	-0.31727	-0.73251	-3.17269
-0.71144	-0.20286	0.67283	-2.02863
0.36207	-0.92638	0.10353	-9.26384
0.00000	0.00000	0.00000	1.00000

boidNo = 10
boid Wall No = 0
position = = (0.0, -10.0, -0.1)
Boid Radius= 10
Boid Frame=
 -0.87125	0.00369	0.49082	0.03693
0.00187	-0.99994	0.01084	-9.99940
-0.49083	-0.01036	-0.87119	-0.10358
0.00000	0.00000	0.00000	1.00000

boidNo = 11
boid Wall No = 1
position = = (-1.4, 6.8, -7.2)
Boid Radius= 10
Boid Frame=
 -0.89332	-0.14095	-0.42674	-1.40950
-0.39988	0.68265	0.61162	6.82651
-0.20510	-0.71702	0.66619	-7.17022
0.00000	0.00000	0.00000	1.00000

boidNo = 12
boid Wall No = 0
position = = (5.9, -1.2, -8.0)
Boid Radius= 9.999999
Boid Frame=
 -0.65794	0.59462	-0.46210	5.94617
-0.63943	-0.11698	0.75990	-1.16982
-0.39779	-0.79545	-0.45718	-7.95453
0.00000	0.00000	0.00000	1.00000

boidNo = 13
boid Wall No = 0
position = = (-1.5, -8.9, 4.3)
Boid Radius= 10
Boid Frame=
 0.77462	-0.15368	-0.61347	-1.53680
0.16074	-0.89033	0.42600	-8.90327
0.61166	0.42860	0.66496	4.28602
0.00000	0.00000	0.00000	1.00000

boidNo = 14
boid Wall No = 1
position = = (-4.9, 6.5, 5.7)
Boid Radius= 10
Boid Frame=
 0.44074	-0.49198	0.75080	-4.91984
-0.38163	0.65436	0.65282	6.54358
0.81247	0.57425	-0.10065	5.74254
0.00000	0.00000	0.00000	1.00000

