Iteration Num of Simuation:0
m_SimulationDeltaT of action plan:0
boidNo = 0
boid Wall No = 1
position = = (-1.8, 9.6, 2.2)
Boid Radius= 10
Boid Frame=
 0.86986	-0.18263	0.45824	-1.82633
0.05493	0.95902	0.27796	9.59022
0.49023	0.21662	-0.84425	2.16615
0.00000	0.00000	0.00000	1.00000

boidNo = 1
boid Wall No = 0
position = = (-0.6, -7.1, 7.1)
Boid Radius= 10
Boid Frame=
 0.97377	-0.06163	0.21903	-0.61629
-0.19759	-0.70638	0.67970	-7.06378
-0.11283	0.70515	0.70003	7.05147
0.00000	0.00000	0.00000	1.00000

boidNo = 2
boid Wall No = 1
position = = (7.2, 6.7, -1.6)
Boid Radius= 10
Boid Frame=
 0.13194	0.72315	-0.67797	7.23154
-0.36765	0.67086	0.64403	6.70864
-0.92056	-0.16429	-0.35438	-1.64287
0.00000	0.00000	0.00000	1.00000

boidNo = 3
boid Wall No = 1
position = = (-7.3, 6.0, -3.3)
Boid Radius= 10
Boid Frame=
 -0.64101	-0.73469	0.22213	-7.34687
-0.45183	0.59515	0.66456	5.95149
0.62044	-0.32563	0.71345	-3.25628
0.00000	0.00000	0.00000	1.00000

boidNo = 4
boid Wall No = 0
position = = (-8.5, -5.3, -0.1)
Boid Radius= 10
Boid Frame=
 0.24011	-0.84657	-0.47504	-8.46572
-0.39925	-0.53217	0.74659	-5.32172
0.88484	-0.01040	0.46577	-0.10399
0.00000	0.00000	0.00000	1.00000

boidNo = 5
boid Wall No = 0
position = = (4.1, -6.1, 6.8)
Boid Radius= 10
Boid Frame=
 0.67464	0.41136	0.61290	4.11362
-0.29849	-0.60737	0.73621	-6.07368
-0.67510	0.67962	0.28697	6.79622
0.00000	0.00000	0.00000	1.00000

boidNo = 6
boid Wall No = 0
position = = (-1.3, -9.3, 3.4)
Boid Radius= 10
Boid Frame=
 0.70253	-0.13296	-0.69913	-1.32959
0.15285	-0.93127	0.33070	-9.31274
0.69505	0.33919	0.63392	3.39192
0.00000	0.00000	0.00000	1.00000

boidNo = 7
boid Wall No = 0
position = = (1.4, -9.7, -1.7)
Boid Radius= 9.999999
Boid Frame=
 -0.27088	0.14164	0.95214	1.41636
0.12917	-0.97482	0.18176	-9.74822
-0.95391	-0.17222	-0.24576	-1.72223
0.00000	0.00000	0.00000	1.00000

boidNo = 8
boid Wall No = 0
position = = (-6.8, -1.6, -7.1)
Boid Radius= 10
Boid Frame=
 -0.39468	-0.68275	-0.61488	-6.82754
-0.74392	-0.15532	0.64997	-1.55319
0.53927	-0.71395	0.44661	-7.13949
0.00000	0.00000	0.00000	1.00000

boidNo = 9
boid Wall No = 0
position = = (-5.9, -7.1, -3.9)
Boid Radius= 10
Boid Frame=
 -0.40402	-0.58837	-0.70042	-5.88368
-0.16212	-0.70752	0.68784	-7.07523
0.90027	-0.39145	-0.19047	-3.91452
0.00000	0.00000	0.00000	1.00000

boidNo = 10
boid Wall No = 0
position = = (-1.2, -9.9, -0.4)
Boid Radius= 10
Boid Frame=
 -0.79023	-0.11710	-0.60152	-1.17103
0.06889	-0.99233	0.10269	-9.92326
0.60893	-0.03971	-0.79223	-0.39707
0.00000	0.00000	0.00000	1.00000

boidNo = 11
boid Wall No = 1
position = = (7.4, 6.7, 0.8)
Boid Radius= 10
Boid Frame=
 0.42560	0.73922	-0.52194	7.39219
-0.37033	0.66855	0.64490	6.68554
-0.82566	0.08118	-0.55829	0.81180
0.00000	0.00000	0.00000	1.00000

boidNo = 12
boid Wall No = 1
position = = (6.3, 6.2, 4.7)
Boid Radius= 10
Boid Frame=
 0.77314	0.63035	-0.07016	6.30348
-0.44700	0.62003	0.64479	6.20026
-0.44995	0.46715	-0.76113	4.67151
0.00000	0.00000	0.00000	1.00000

boidNo = 13
boid Wall No = 0
position = = (2.9, -7.0, 6.6)
Boid Radius= 9.999999
Boid Frame=
 0.79846	0.28799	0.52870	2.87987
-0.20505	-0.69559	0.68856	-6.95589
-0.56605	0.65819	0.49635	6.58194
0.00000	0.00000	0.00000	1.00000

boidNo = 14
boid Wall No = 1
position = = (-7.8, 1.8, -6.0)
Boid Radius= 10
Boid Frame=
 -0.54623	-0.78278	-0.29814	-7.82779
-0.65364	0.17575	0.73611	1.75751
0.52382	-0.59697	0.60766	-5.96967
0.00000	0.00000	0.00000	1.00000

