Iteration Num of Simuation:0
m_SimulationDeltaT of action plan:0
boidNo = 0
boid Wall No = 1
position = = (0.2, 9.8, 2.0)
Boid Radius= 10
Boid Frame=
 0.98066	0.02153	-0.19455	0.21530
0.01866	0.97912	0.20242	9.79121
-0.19485	0.20213	-0.95978	2.02134
0.00000	0.00000	0.00000	1.00000

boidNo = 1
boid Wall No = 0
position = = (-9.2, -0.6, 3.8)
Boid Radius= 10
Boid Frame=
 0.28618	-0.92179	0.26153	-9.21792
-0.76880	-0.05800	0.63685	-0.57999
0.57187	0.38332	0.72528	3.83323
0.00000	0.00000	0.00000	1.00000

boidNo = 2
boid Wall No = 1
position = = (4.4, 7.6, -4.8)
Boid Radius= 10
Boid Frame=
 -0.46605	0.44462	-0.76492	4.44625
-0.25727	0.75910	0.59798	7.59098
-0.84653	-0.47548	0.23939	-4.75477
0.00000	0.00000	0.00000	1.00000

boidNo = 3
boid Wall No = 1
position = = (-9.2, 3.3, 2.2)
Boid Radius= 10
Boid Frame=
 -0.03698	-0.91704	0.39707	-9.17043
-0.61268	0.33471	0.71596	3.34707
0.78947	0.21680	0.57423	2.16802
0.00000	0.00000	0.00000	1.00000

boidNo = 4
boid Wall No = 0
position = = (-5.9, -0.5, -8.0)
Boid Radius= 10
Boid Frame=
 -0.51330	-0.59148	-0.62183	-5.91476
-0.74434	-0.05383	0.66563	-0.53828
0.42717	-0.80452	0.41263	-8.04524
0.00000	0.00000	0.00000	1.00000

boidNo = 5
boid Wall No = 1
position = = (-1.3, 9.9, 0.4)
Boid Radius= 9.999999
Boid Frame=
 0.66867	-0.13052	0.73201	-1.30518
0.06082	0.99078	0.12110	9.90776
0.74106	0.03645	-0.67044	0.36451
0.00000	0.00000	0.00000	1.00000

boidNo = 6
boid Wall No = 0
position = = (-5.6, -7.8, 2.8)
Boid Radius= 10
Boid Frame=
 0.55326	-0.55919	-0.61742	-5.59190
-0.10389	-0.78173	0.61490	-7.81729
0.82651	0.27605	0.49059	2.76055
0.00000	0.00000	0.00000	1.00000

boidNo = 7
boid Wall No = 1
position = = (-2.6, 9.6, 1.0)
Boid Radius= 10
Boid Frame=
 0.53457	-0.26223	0.80341	-2.62228
0.05848	0.95984	0.27437	9.59844
0.84310	0.09969	-0.52844	0.99686
0.00000	0.00000	0.00000	1.00000

boidNo = 8
boid Wall No = 0
position = = (-4.1, -5.6, -7.2)
Boid Radius= 10
Boid Frame=
 -0.58199	-0.41141	-0.70145	-4.11409
-0.44621	-0.55956	0.69841	-5.59563
0.67984	-0.71947	-0.14209	-7.19466
0.00000	0.00000	0.00000	1.00000

boidNo = 9
boid Wall No = 0
position = = (0.6, -9.9, 1.0)
Boid Radius= 10
Boid Frame=
 0.99694	0.06102	-0.04880	0.61024
0.06563	-0.99290	0.09921	-9.92899
0.04240	0.10211	0.99387	1.02113
0.00000	0.00000	0.00000	1.00000

boidNo = 10
boid Wall No = 0
position = = (-9.4, -2.8, 1.8)
Boid Radius= 10
Boid Frame=
 0.32866	-0.94252	-0.06026	-9.42524
-0.69502	-0.28457	0.66028	-2.84572
0.63947	0.17512	0.74860	1.75123
0.00000	0.00000	0.00000	1.00000

boidNo = 11
boid Wall No = 0
position = = (0.0, -7.5, -6.6)
Boid Radius= 10
Boid Frame=
 -0.99082	0.00290	-0.13514	0.02897
-0.09138	-0.75107	0.65387	-7.51066
0.09961	-0.66022	-0.74444	-6.60221
0.00000	0.00000	0.00000	1.00000

boidNo = 12
boid Wall No = 0
position = = (-1.6, -9.4, 2.9)
Boid Radius= 10
Boid Frame=
 0.32261	-0.15624	-0.93355	-1.56242
0.23273	-0.94291	0.23824	-9.42910
0.91747	0.29412	0.26783	2.94124
0.00000	0.00000	0.00000	1.00000

boidNo = 13
boid Wall No = 1
position = = (-1.2, 7.1, 6.9)
Boid Radius= 10
Boid Frame=
 0.81948	-0.12088	0.56022	-1.20875
-0.31973	0.71482	0.62193	7.14824
0.47564	0.68878	-0.54713	6.88778
0.00000	0.00000	0.00000	1.00000

boidNo = 14
boid Wall No = 1
position = = (-1.8, 1.0, -9.8)
Boid Radius= 10
Boid Frame=
 -0.69501	-0.18061	-0.69594	-1.80607
-0.71670	0.09679	0.69063	0.96789
0.05737	-0.97878	0.19671	-9.78782
0.00000	0.00000	0.00000	1.00000

