Iteration Num of Simuation:0
m_SimulationDeltaT of action plan:0
boidNo = 0
boid Wall No = 1
position = = (0.6, 10.0, 0.4)
Boid Radius= 10
Boid Frame=
 0.19654	0.05889	-0.97873	0.58890
0.02734	0.99748	0.06551	9.97478
-0.98012	0.03963	-0.19443	0.39629
0.00000	0.00000	0.00000	1.00000

boidNo = 1
boid Wall No = 0
position = = (-4.2, -5.0, 7.5)
Boid Radius= 10
Boid Frame=
 0.85983	-0.42331	0.28547	-4.23315
-0.48519	-0.50335	0.71500	-5.03349
0.15898	0.75329	0.63819	7.53289
0.00000	0.00000	0.00000	1.00000

boidNo = 2
boid Wall No = 0
position = = (-6.7, -6.9, 2.7)
Boid Radius= 10
Boid Frame=
 0.54102	-0.67149	-0.50637	-6.71485
-0.21076	-0.69113	0.69132	-6.91130
0.81417	0.26729	0.51544	2.67294
0.00000	0.00000	0.00000	1.00000

boidNo = 3
boid Wall No = 1
position = = (-0.1, 10.0, 0.8)
Boid Radius= 10
Boid Frame=
 0.96116	-0.00697	-0.27592	-0.06975
0.02791	0.99701	0.07203	9.97012
-0.27459	0.07693	-0.95848	0.76929
0.00000	0.00000	0.00000	1.00000

boidNo = 4
boid Wall No = 1
position = = (-0.3, 4.8, -8.8)
Boid Radius= 10
Boid Frame=
 -0.79336	-0.03151	-0.60793	-0.31513
-0.54588	0.47883	0.68756	4.78835
-0.26943	-0.87734	0.39709	-8.77339
0.00000	0.00000	0.00000	1.00000

boidNo = 5
boid Wall No = 1
position = = (-0.1, 9.7, 2.2)
Boid Radius= 10
Boid Frame=
 0.96695	-0.00992	-0.25476	-0.09924
0.06622	0.97473	0.21336	9.74727
-0.24621	0.22318	-0.94317	2.23179
0.00000	0.00000	0.00000	1.00000

boidNo = 6
boid Wall No = 1
position = = (5.1, 7.9, 3.4)
Boid Radius= 10
Boid Frame=
 0.73772	0.51331	-0.43850	5.13312
-0.20622	0.78982	0.57763	7.89819
-0.64284	0.33570	-0.68852	3.35704
0.00000	0.00000	0.00000	1.00000

boidNo = 7
boid Wall No = 1
position = = (-2.5, 8.0, -5.4)
Boid Radius= 10
Boid Frame=
 -0.96589	-0.25439	0.04835	-2.54394
-0.18361	0.80448	0.56489	8.04481
0.18260	-0.53674	0.82375	-5.36743
0.00000	0.00000	0.00000	1.00000

boidNo = 8
boid Wall No = 0
position = = (-2.6, -0.9, 9.6)
Boid Radius= 10
Boid Frame=
 0.70304	-0.25669	0.66320	-2.56692
-0.70106	-0.09366	0.70692	-0.93665
0.11934	0.96194	0.24581	9.61944
0.00000	0.00000	0.00000	1.00000

boidNo = 9
boid Wall No = 0
position = = (-0.6, -9.8, 2.1)
Boid Radius= 10
Boid Frame=
 0.50739	-0.06218	-0.85947	-0.62181
0.14826	-0.97622	0.15815	-9.76221
0.84887	0.20767	0.48611	2.07670
0.00000	0.00000	0.00000	1.00000

boidNo = 10
boid Wall No = 0
position = = (-6.2, -6.7, 4.1)
Boid Radius= 10
Boid Frame=
 0.70370	-0.62160	-0.34413	-6.21597
-0.24869	-0.66920	0.70023	-6.69203
0.66556	0.40717	0.62550	4.07167
0.00000	0.00000	0.00000	1.00000

boidNo = 11
boid Wall No = 0
position = = (-5.7, -4.5, -6.9)
Boid Radius= 10
Boid Frame=
 -0.44778	-0.57453	-0.68513	-5.74533
-0.53086	-0.44576	0.72076	-4.45762
0.71950	-0.68645	0.10539	-6.86446
0.00000	0.00000	0.00000	1.00000

boidNo = 12
boid Wall No = 1
position = = (8.5, 4.9, 2.1)
Boid Radius= 10
Boid Frame=
 0.48142	0.84813	-0.22116	8.48128
-0.54220	0.48643	0.68513	4.86426
-0.68866	0.20993	-0.69403	2.09925
0.00000	0.00000	0.00000	1.00000

boidNo = 13
boid Wall No = 1
position = = (9.1, 1.7, -3.6)
Boid Radius= 10
Boid Frame=
 -0.15147	0.91484	-0.37434	9.14835
-0.68743	0.17464	0.70494	1.74641
-0.71028	-0.36411	-0.60243	-3.64111
0.00000	0.00000	0.00000	1.00000

boidNo = 14
boid Wall No = 0
position = = (4.9, -8.7, -0.9)
Boid Radius= 10
Boid Frame=
 -0.15599	0.49306	0.85590	4.93062
0.01649	-0.86508	0.50136	-8.65082
-0.98762	-0.09232	-0.12681	-0.92321
0.00000	0.00000	0.00000	1.00000

