Iteration Num of Simuation:0
m_SimulationDeltaT of action plan:0
boidNo = 0
boid Wall No = 1
position = = (8.2, 2.6, 5.0)
Boid Radius= 10
Boid Frame=
 0.53010	0.82477	0.19683	8.24773
-0.66311	0.25855	0.70245	2.58553
-0.52847	0.50289	-0.68397	5.02892
0.00000	0.00000	0.00000	1.00000

boidNo = 1
boid Wall No = 0
position = = (-9.9, -0.5, 1.0)
Boid Radius= 10
Boid Frame=
 0.11116	-0.99312	0.03684	-9.93120
-0.70484	-0.05265	0.70741	-0.52653
0.70060	0.10460	0.70584	1.04598
0.00000	0.00000	0.00000	1.00000

boidNo = 2
boid Wall No = 0
position = = (8.2, -2.2, 5.3)
Boid Radius= 10
Boid Frame=
 0.27057	0.82059	0.50341	8.20593
-0.66893	-0.21581	0.71131	-2.15808
-0.69234	0.52920	-0.49052	5.29202
0.00000	0.00000	0.00000	1.00000

boidNo = 3
boid Wall No = 0
position = = (0.3, -10.0, 0.1)
Boid Radius= 10
Boid Frame=
 -0.18788	0.02792	-0.98180	0.27924
0.00685	-0.99953	-0.02974	-9.99534
0.98217	0.01232	-0.18760	0.12317
0.00000	0.00000	0.00000	1.00000

boidNo = 4
boid Wall No = 1
position = = (-7.6, 6.3, 1.7)
Boid Radius= 10
Boid Frame=
 -0.14437	-0.75649	0.63787	-7.56491
-0.40914	0.63258	0.65761	6.32576
0.90098	0.16604	0.40083	1.66040
0.00000	0.00000	0.00000	1.00000

boidNo = 5
boid Wall No = 0
position = = (2.7, -2.5, 9.3)
Boid Radius= 10
Boid Frame=
 0.66053	0.26768	0.70146	2.67684
-0.65533	-0.25037	0.71264	-2.50370
-0.36639	0.93041	-0.01005	9.30409
0.00000	0.00000	0.00000	1.00000

boidNo = 6
boid Wall No = 1
position = = (6.0, 4.5, -6.7)
Boid Radius= 10
Boid Frame=
 -0.38292	0.59904	-0.70322	5.99037
-0.57042	0.44546	0.69007	4.45456
-0.72663	-0.66537	-0.17112	-6.65375
0.00000	0.00000	0.00000	1.00000

boidNo = 7
boid Wall No = 1
position = = (9.0, 4.4, -0.7)
Boid Radius= 9.999999
Boid Frame=
 0.22011	0.89693	-0.38348	8.96935
-0.57611	0.43677	0.69089	4.36769
-0.78717	-0.06886	-0.61288	-0.68855
0.00000	0.00000	0.00000	1.00000

boidNo = 8
boid Wall No = 1
position = = (-2.3, 7.8, -5.8)
Boid Radius= 10
Boid Frame=
 -0.97116	-0.22962	-0.06414	-2.29619
-0.22288	0.77893	0.58617	7.78930
0.08463	-0.58356	0.80765	-5.83561
0.00000	0.00000	0.00000	1.00000

boidNo = 9
boid Wall No = 0
position = = (0.0, -7.1, -7.0)
Boid Radius= 10
Boid Frame=
 -0.96855	-0.00079	-0.24880	-0.00786
-0.17433	-0.71135	0.68088	-7.11346
0.17752	-0.70284	-0.68884	-7.02842
0.00000	0.00000	0.00000	1.00000

boidNo = 10
boid Wall No = 0
position = = (-4.8, -8.1, 3.5)
Boid Radius= 9.999999
Boid Frame=
 0.57063	-0.47854	-0.66737	-4.78538
0.01448	-0.80668	0.59081	-8.06681
0.82108	0.34679	0.45338	3.46795
0.00000	0.00000	0.00000	1.00000

boidNo = 11
boid Wall No = 0
position = = (-2.4, -9.2, 3.2)
Boid Radius= 10
Boid Frame=
 0.45811	-0.23973	-0.85596	-2.39732
0.17997	-0.91799	0.35342	-9.17989
0.87049	0.31595	0.37740	3.15950
0.00000	0.00000	0.00000	1.00000

boidNo = 12
boid Wall No = 1
position = = (8.2, 3.3, -4.7)
Boid Radius= 10
Boid Frame=
 -0.17818	0.81657	-0.54906	8.16570
-0.63389	0.33152	0.69877	3.31523
-0.75262	-0.47255	-0.45855	-4.72552
0.00000	0.00000	0.00000	1.00000

boidNo = 13
boid Wall No = 1
position = = (7.3, 6.1, 2.9)
Boid Radius= 10
Boid Frame=
 0.62028	0.73324	-0.27858	7.33241
-0.42961	0.61474	0.66146	6.14739
-0.65626	0.29061	-0.69632	2.90609
0.00000	0.00000	0.00000	1.00000

boidNo = 14
boid Wall No = 0
position = = (-4.4, -8.8, -1.6)
Boid Radius= 10
Boid Frame=
 -0.58421	-0.44170	-0.68088	-4.41703
0.14536	-0.88231	0.44766	-8.82312
0.79848	-0.16256	-0.57967	-1.62555
0.00000	0.00000	0.00000	1.00000

