Iteration Num of Simuation:0
m_SimulationDeltaT of action plan:0
boidNo = 0
boid Wall No = 1
position = = (-2.0, 3.2, -9.3)
Boid Radius= 9.999999
Boid Frame=
 -0.76259	-0.19643	-0.61634	-1.96427
-0.64414	0.31827	0.69555	3.18269
-0.05954	-0.92743	0.36923	-9.27427
0.00000	0.00000	0.00000	1.00000

boidNo = 1
boid Wall No = 0
position = = (0.5, -7.4, 6.7)
Boid Radius= 10
Boid Frame=
 0.97677	0.05004	0.20837	0.50044
-0.10321	-0.74228	0.66210	-7.42278
-0.18780	0.66822	0.71987	6.68221
0.00000	0.00000	0.00000	1.00000

boidNo = 2
boid Wall No = 1
position = = (2.8, 9.6, -1.0)
Boid Radius= 9.999999
Boid Frame=
 -0.45884	0.27726	-0.84415	2.77262
0.04382	0.95597	0.29017	9.55971
-0.88744	-0.09615	0.45078	-0.96154
0.00000	0.00000	0.00000	1.00000

boidNo = 3
boid Wall No = 1
position = = (-1.4, 8.6, -4.9)
Boid Radius= 10
Boid Frame=
 -0.98810	-0.13776	0.06837	-1.37759
-0.08592	0.86318	0.49754	8.63176
0.12755	-0.48575	0.86474	-4.85747
0.00000	0.00000	0.00000	1.00000

boidNo = 4
boid Wall No = 1
position = = (1.0, 10.0, 0.2)
Boid Radius= 10
Boid Frame=
 -0.31548	0.09662	-0.94400	0.96615
0.05253	0.99506	0.08428	9.95056
-0.94748	0.02300	0.31899	0.23003
0.00000	0.00000	0.00000	1.00000

boidNo = 5
boid Wall No = 1
position = = (3.1, 7.9, -5.3)
Boid Radius= 10
Boid Frame=
 -0.68407	0.30588	-0.66218	3.05879
-0.20165	0.79314	0.57469	7.93142
-0.70099	-0.52665	0.48089	-5.26653
0.00000	0.00000	0.00000	1.00000

boidNo = 6
boid Wall No = 0
position = = (-1.0, -5.1, -8.6)
Boid Radius= 10
Boid Frame=
 -0.79768	-0.10448	-0.59397	-1.04479
-0.47083	-0.50758	0.72159	-5.07579
0.37688	-0.85525	-0.35569	-8.55247
0.00000	0.00000	0.00000	1.00000

boidNo = 7
boid Wall No = 0
position = = (-0.7, -10.0, -0.4)
Boid Radius= 10
Boid Frame=
 -0.48930	-0.07068	-0.86925	-0.70680
0.00053	-0.99673	0.08075	-9.96734
0.87212	-0.03905	-0.48774	-0.39052
0.00000	0.00000	0.00000	1.00000

boidNo = 8
boid Wall No = 1
position = = (9.0, 3.9, -1.9)
Boid Radius= 10
Boid Frame=
 0.08889	0.90006	-0.42659	9.00065
-0.58538	0.39372	0.70874	3.93725
-0.80587	-0.18672	-0.56188	-1.86720
0.00000	0.00000	0.00000	1.00000

boidNo = 9
boid Wall No = 1
position = = (-2.0, 9.4, 2.7)
Boid Radius= 10
Boid Frame=
 0.85983	-0.19983	0.46986	-1.99833
0.03415	0.94068	0.33758	9.40676
0.50944	0.27422	-0.81564	2.74217
0.00000	0.00000	0.00000	1.00000

boidNo = 10
boid Wall No = 1
position = = (-2.3, 9.7, 0.7)
Boid Radius= 10
Boid Frame=
 0.51755	-0.22951	0.82430	-2.29507
0.06267	0.97094	0.23099	9.70937
0.85335	0.06789	-0.51689	0.67887
0.00000	0.00000	0.00000	1.00000

boidNo = 11
boid Wall No = 0
position = = (-6.9, -6.8, -2.3)
Boid Radius= 10
Boid Frame=
 -0.12572	-0.69496	-0.70797	-6.94958
-0.19862	-0.68156	0.70430	-6.81556
0.97198	-0.22916	0.05235	-2.29163
0.00000	0.00000	0.00000	1.00000

boidNo = 12
boid Wall No = 0
position = = (-9.8, -1.3, -1.8)
Boid Radius= 10
Boid Frame=
 -0.03373	-0.97597	-0.21530	-9.75965
-0.72023	-0.12562	0.68226	-1.25620
0.69291	-0.17808	0.69869	-1.78078
0.00000	0.00000	0.00000	1.00000

boidNo = 13
boid Wall No = 1
position = = (2.0, 0.3, -9.8)
Boid Radius= 9.999999
Boid Frame=
 -0.66670	0.20293	-0.71717	2.02930
-0.72811	0.02825	0.68487	0.28249
-0.15924	-0.97879	-0.12892	-9.78786
0.00000	0.00000	0.00000	1.00000

boidNo = 14
boid Wall No = 0
position = = (-4.7, -8.7, 1.5)
Boid Radius= 9.999999
Boid Frame=
 0.11078	-0.47486	-0.87306	-4.74860
0.10602	-0.86781	0.48546	-8.67808
0.98817	0.14635	0.04579	1.46346
0.00000	0.00000	0.00000	1.00000

