Iteration Num of Simuation:0
m_SimulationDeltaT of action plan:0
boidNo = 0
boid Wall No = 0
position = = (-0.4, -9.9, -1.3)
Boid Radius= 10
Boid Frame=
 -0.99846	-0.03571	0.04256	-0.35710
0.04083	-0.99116	0.12620	-9.91165
-0.03767	-0.12774	-0.99109	-1.27741
0.00000	0.00000	0.00000	1.00000

boidNo = 1
boid Wall No = 0
position = = (-1.6, -4.8, 8.6)
Boid Radius= 10
Boid Frame=
 0.87914	-0.16348	0.44764	-1.63478
-0.46775	-0.47575	0.74489	-4.75751
-0.09119	0.86425	0.49472	8.64255
0.00000	0.00000	0.00000	1.00000

boidNo = 2
boid Wall No = 0
position = = (5.1, -7.7, -4.0)
Boid Radius= 10
Boid Frame=
 -0.70681	0.50518	0.49519	5.05183
-0.10123	-0.76503	0.63598	-7.65034
-0.70012	-0.39939	-0.59187	-3.99391
0.00000	0.00000	0.00000	1.00000

boidNo = 3
boid Wall No = 1
position = = (-2.0, 9.4, 2.8)
Boid Radius= 10
Boid Frame=
 0.85983	-0.20087	0.46940	-2.00867
0.03148	0.93847	0.34392	9.38470
0.50960	0.28094	-0.81325	2.80940
0.00000	0.00000	0.00000	1.00000

boidNo = 4
boid Wall No = 0
position = = (6.4, -7.7, -0.8)
Boid Radius= 10
Boid Frame=
 -0.20064	0.63885	0.74271	6.38851
-0.06753	-0.76534	0.64008	-7.65339
-0.97734	-0.07827	-0.19670	-0.78269
0.00000	0.00000	0.00000	1.00000

boidNo = 5
boid Wall No = 0
position = = (1.7, -9.5, 2.5)
Boid Radius= 10
Boid Frame=
 0.98448	0.17098	0.03963	1.70981
0.15516	-0.95338	0.25885	-9.53375
-0.08204	0.24868	0.96511	2.48679
0.00000	0.00000	0.00000	1.00000

boidNo = 6
boid Wall No = 0
position = = (3.0, -7.9, -5.4)
Boid Radius= 10
Boid Frame=
 -0.88547	0.29603	0.35819	2.96030
-0.01718	-0.79115	0.61138	-7.91148
-0.46437	-0.53521	-0.70563	-5.35211
0.00000	0.00000	0.00000	1.00000

boidNo = 7
boid Wall No = 1
position = = (1.9, 9.8, 0.8)
Boid Radius= 10
Boid Frame=
 0.15948	0.19090	-0.96857	1.90903
0.04712	0.97853	0.20063	9.78534
-0.98608	0.07764	-0.14707	0.77638
0.00000	0.00000	0.00000	1.00000

boidNo = 8
boid Wall No = 1
position = = (-1.2, 0.4, 9.9)
Boid Radius= 10
Boid Frame=
 0.70804	-0.12090	0.69575	-1.20897
-0.69629	0.04477	0.71637	0.44766
0.11775	0.99166	0.05248	9.91655
0.00000	0.00000	0.00000	1.00000

boidNo = 9
boid Wall No = 0
position = = (-4.8, -1.2, 8.7)
Boid Radius= 10
Boid Frame=
 0.69502	-0.48059	0.53477	-4.80592
-0.65592	-0.11920	0.74536	-1.19197
0.29447	0.86881	0.39808	8.68806
0.00000	0.00000	0.00000	1.00000

boidNo = 10
boid Wall No = 0
position = = (2.7, -6.5, 7.1)
Boid Radius= 10
Boid Frame=
 0.82034	0.26589	0.50631	2.65891
-0.23477	-0.65073	0.72211	-6.50729
-0.52147	0.71123	0.47139	7.11234
0.00000	0.00000	0.00000	1.00000

boidNo = 11
boid Wall No = 1
position = = (5.8, 6.5, 4.9)
Boid Radius= 10
Boid Frame=
 0.80743	0.58255	-0.09319	5.82551
-0.39306	0.64900	0.65139	6.48996
-0.43994	0.48932	-0.75300	4.89324
0.00000	0.00000	0.00000	1.00000

boidNo = 12
boid Wall No = 1
position = = (-0.7, 9.7, 2.3)
Boid Radius= 10
Boid Frame=
 0.99779	-0.06625	0.00474	-0.66250
0.06333	0.97042	0.23298	9.70419
0.02003	0.23216	-0.97247	2.32160
0.00000	0.00000	0.00000	1.00000

boidNo = 13
boid Wall No = 1
position = = (5.9, 5.9, 5.5)
Boid Radius= 10
Boid Frame=
 0.80210	0.58902	0.09844	5.89024
-0.50933	0.58867	0.62773	5.88674
-0.31180	0.55364	-0.77218	5.53637
0.00000	0.00000	0.00000	1.00000

boidNo = 14
boid Wall No = 1
position = = (-9.3, 2.1, -3.1)
Boid Radius= 10
Boid Frame=
 -0.36986	-0.92614	-0.07399	-9.26136
-0.67715	0.21418	0.70399	2.14185
0.63614	-0.31048	0.70635	-3.10479
0.00000	0.00000	0.00000	1.00000

