Iteration Num of Simuation:0
m_SimulationDeltaT of action plan:0
boidNo = 0
boid Wall No = 0
position = = (-9.4, -3.4, 0.1)
Boid Radius= 10
Boid Frame=
 0.21792	-0.94114	-0.25838	-9.41144
-0.58244	-0.33784	0.73934	-3.37840
0.78312	0.01062	0.62178	0.10623
0.00000	0.00000	0.00000	1.00000

boidNo = 1
boid Wall No = 0
position = = (-7.6, -2.3, -6.1)
Boid Radius= 10
Boid Frame=
 -0.36814	-0.75788	-0.53860	-7.57882
-0.62670	-0.22564	0.74588	-2.25638
0.68681	-0.61213	0.39190	-6.12129
0.00000	0.00000	0.00000	1.00000

boidNo = 2
boid Wall No = 1
position = = (3.5, 8.3, -4.3)
Boid Radius= 10
Boid Frame=
 -0.57667	0.34592	-0.74013	3.45922
-0.17498	0.83261	0.52549	8.32614
-0.79802	-0.43254	0.41962	-4.32541
0.00000	0.00000	0.00000	1.00000

boidNo = 3
boid Wall No = 1
position = = (9.4, 3.5, 0.3)
Boid Radius= 10
Boid Frame=
 0.27712	0.93540	-0.21960	9.35405
-0.67303	0.35209	0.65043	3.52087
-0.68573	0.03245	-0.72713	0.32448
0.00000	0.00000	0.00000	1.00000

boidNo = 4
boid Wall No = 0
position = = (0.6, -10.0, -0.4)
Boid Radius= 9.999999
Boid Frame=
 -0.27032	0.06499	0.96057	0.64991
0.02156	-0.99706	0.07353	-9.97060
-0.96253	-0.04059	-0.26813	-0.40588
0.00000	0.00000	0.00000	1.00000

boidNo = 5
boid Wall No = 0
position = = (-7.5, -5.2, 4.1)
Boid Radius= 10
Boid Frame=
 0.64730	-0.74934	-0.13961	-7.49342
-0.44174	-0.51805	0.73245	-5.18048
0.62118	0.41245	0.66635	4.12447
0.00000	0.00000	0.00000	1.00000

boidNo = 6
boid Wall No = 0
position = = (8.5, -5.2, -0.7)
Boid Radius= 10
Boid Frame=
 -0.36612	0.85006	0.37863	8.50058
-0.48356	-0.52142	0.70306	-5.21420
-0.79506	-0.07431	-0.60196	-0.74314
0.00000	0.00000	0.00000	1.00000

boidNo = 7
boid Wall No = 1
position = = (-2.8, 7.7, 5.7)
Boid Radius= 9.999999
Boid Frame=
 0.68616	-0.28349	0.66994	-2.83488
-0.24777	0.77480	0.58163	7.74803
0.68395	0.56508	-0.46140	5.65079
0.00000	0.00000	0.00000	1.00000

boidNo = 8
boid Wall No = 0
position = = (-7.6, -5.8, 2.8)
Boid Radius= 10
Boid Frame=
 0.55702	-0.76357	-0.32665	-7.63567
-0.37676	-0.58284	0.71997	-5.82837
0.74013	0.27797	0.61233	2.77970
0.00000	0.00000	0.00000	1.00000

boidNo = 9
boid Wall No = 1
position = = (-6.6, 2.5, 7.1)
Boid Radius= 10
Boid Frame=
 0.37523	-0.65995	0.65090	-6.59949
-0.70503	0.25268	0.66263	2.52679
0.60177	0.70755	0.37047	7.07546
0.00000	0.00000	0.00000	1.00000

boidNo = 10
boid Wall No = 1
position = = (8.6, 4.2, -3.1)
Boid Radius= 10
Boid Frame=
 -0.00227	0.85626	-0.51655	8.56257
-0.59147	0.41536	0.69112	4.15357
-0.80632	-0.30709	-0.50551	-3.07088
0.00000	0.00000	0.00000	1.00000

boidNo = 11
boid Wall No = 1
position = = (2.2, 5.5, 8.1)
Boid Radius= 10
Boid Frame=
 0.86914	0.21745	0.44420	2.17451
-0.48520	0.54886	0.68068	5.48860
0.09579	0.80714	-0.58254	8.07136
0.00000	0.00000	0.00000	1.00000

boidNo = 12
boid Wall No = 1
position = = (8.7, 2.2, 4.4)
Boid Radius= 10
Boid Frame=
 0.46899	0.87027	0.15058	8.70272
-0.63817	0.21605	0.73896	2.16051
-0.61056	0.44266	-0.65671	4.42661
0.00000	0.00000	0.00000	1.00000

boidNo = 13
boid Wall No = 0
position = = (-9.4, -3.3, -0.9)
Boid Radius= 10
Boid Frame=
 0.18030	-0.94002	-0.28959	-9.40017
-0.70256	-0.32912	0.63095	-3.29124
0.68841	-0.08969	0.71975	-0.89693
0.00000	0.00000	0.00000	1.00000

boidNo = 14
boid Wall No = 0
position = = (6.7, -6.7, -3.3)
Boid Radius= 10
Boid Frame=
 -0.59946	0.67151	0.43556	6.71515
-0.22972	-0.66563	0.71005	-6.65626
-0.76673	-0.32559	-0.55327	-3.25593
0.00000	0.00000	0.00000	1.00000

boidNo = 15
boid Wall No = 1
position = = (8.6, 3.3, 3.9)
Boid Radius= 10
Boid Frame=
 0.50978	0.85831	0.05852	8.58310
-0.63363	0.32859	0.70039	3.28585
-0.58193	0.39413	-0.71135	3.94127
0.00000	0.00000	0.00000	1.00000

boidNo = 16
boid Wall No = 1
position = = (1.1, 9.8, -1.9)
Boid Radius= 10
Boid Frame=
 -0.97238	0.11237	-0.20456	1.12373
0.06843	0.97521	0.21046	9.75206
-0.22314	-0.19065	0.95596	-1.90648
0.00000	0.00000	0.00000	1.00000

boidNo = 17
boid Wall No = 0
position = = (-4.7, -8.7, 1.3)
Boid Radius= 9.999999
Boid Frame=
 -0.01513	-0.46746	-0.88389	-4.67459
0.15489	-0.87441	0.45980	-8.74412
0.98782	0.12994	-0.08564	1.29944
0.00000	0.00000	0.00000	1.00000

boidNo = 18
boid Wall No = 1
position = = (2.2, 7.9, -5.8)
Boid Radius= 10
Boid Frame=
 -0.79367	0.21967	-0.56730	2.19667
-0.20044	0.78603	0.58479	7.86033
-0.57438	-0.57784	0.57982	-5.77840
0.00000	0.00000	0.00000	1.00000

boidNo = 19
boid Wall No = 0
position = = (-7.4, -6.4, -2.0)
Boid Radius= 10
Boid Frame=
 -0.03436	-0.74144	-0.67013	-7.41444
-0.26178	-0.64044	0.72201	-6.40443
0.96452	-0.20024	0.17209	-2.00235
0.00000	0.00000	0.00000	1.00000

boidNo = 20
boid Wall No = 1
position = = (-6.7, 4.7, 5.8)
Boid Radius= 10
Boid Frame=
 0.27849	-0.66517	0.69282	-6.65170
-0.56612	0.46903	0.67788	4.69034
0.77586	0.58100	0.24594	5.80996
0.00000	0.00000	0.00000	1.00000

boidNo = 21
boid Wall No = 0
position = = (-0.4, -9.8, -1.7)
Boid Radius= 10
Boid Frame=
 -0.90328	-0.03677	0.42748	-0.36767
0.10724	-0.98405	0.14196	-9.84047
-0.41544	-0.17407	-0.89281	-1.74069
0.00000	0.00000	0.00000	1.00000

boidNo = 22
boid Wall No = 0
position = = (-6.5, -7.1, 2.6)
Boid Radius= 10
Boid Frame=
 0.51715	-0.64980	-0.55706	-6.49798
-0.16585	-0.71460	0.67959	-7.14598
0.83967	0.25906	0.47732	2.59060
0.00000	0.00000	0.00000	1.00000

boidNo = 23
boid Wall No = 0
position = = (0.1, -10.0, 0.7)
Boid Radius= 10
Boid Frame=
 0.99993	0.01144	-0.00268	0.11441
0.01160	-0.99736	0.07162	-9.97364
0.00185	0.07165	0.99743	0.71647
0.00000	0.00000	0.00000	1.00000

boidNo = 24
boid Wall No = 0
position = = (1.0, -0.7, -9.9)
Boid Radius= 10
Boid Frame=
 -0.79799	0.10488	-0.59348	1.04878
-0.60128	-0.07158	0.79583	-0.71584
-0.04098	-0.99191	-0.12018	-9.91905
0.00000	0.00000	0.00000	1.00000

boidNo = 25
boid Wall No = 1
position = = (6.3, 0.8, 7.7)
Boid Radius= 10
Boid Frame=
 0.54564	0.63077	0.55173	6.30772
-0.75480	0.08387	0.65058	0.83868
-0.36409	0.77142	-0.52187	7.71422
0.00000	0.00000	0.00000	1.00000

boidNo = 26
boid Wall No = 0
position = = (7.7, -6.3, 0.9)
Boid Radius= 10
Boid Frame=
 -0.20520	0.77238	0.60111	7.72376
-0.37846	-0.62902	0.67905	-6.29019
-0.90259	0.08815	-0.42139	0.88153
0.00000	0.00000	0.00000	1.00000

boidNo = 27
boid Wall No = 1
position = = (1.4, 9.5, -2.8)
Boid Radius= 10
Boid Frame=
 -0.94265	0.14451	-0.30088	1.44506
0.04590	0.94898	0.31197	9.48983
-0.33061	-0.28027	0.90119	-2.80267
0.00000	0.00000	0.00000	1.00000

boidNo = 28
boid Wall No = 1
position = = (-7.5, 0.2, -6.6)
Boid Radius= 10
Boid Frame=
 -0.48121	-0.74900	-0.45546	-7.49000
-0.70671	0.02406	0.70710	0.24060
0.51866	-0.66213	0.54090	-6.62134
0.00000	0.00000	0.00000	1.00000

boidNo = 29
boid Wall No = 0
position = = (-6.4, -6.2, 4.6)
Boid Radius= 10
Boid Frame=
 0.74094	-0.64119	-0.19971	-6.41190
-0.34356	-0.61741	0.70765	-6.17413
0.57704	0.45572	0.67775	4.55716
0.00000	0.00000	0.00000	1.00000

