Iteration Num of Simuation:0
m_SimulationDeltaT of action plan:0
boidNo = 0
boid Wall No = 1
position = = (-3.3, 9.4, -1.1)
Boid Radius= 10
Boid Frame=
 -0.23520	-0.32710	0.91525	-3.27102
0.03175	0.93858	0.34360	9.38581
0.97143	-0.10987	0.21037	-1.09868
0.00000	0.00000	0.00000	1.00000

boidNo = 1
boid Wall No = 0
position = = (-0.1, -10.0, 0.1)
Boid Radius= 10
Boid Frame=
 0.54645	-0.00743	-0.83746	-0.07432
0.00187	-0.99995	0.01010	-9.99947
0.83749	0.00709	0.54641	0.07085
0.00000	0.00000	0.00000	1.00000

boidNo = 2
boid Wall No = 1
position = = (-6.9, 4.4, -5.7)
Boid Radius= 9.999999
Boid Frame=
 -0.70545	-0.68941	-0.16448	-6.89411
-0.58892	0.44105	0.67723	4.41053
0.39435	-0.57462	0.71715	-5.74617
0.00000	0.00000	0.00000	1.00000

boidNo = 3
boid Wall No = 0
position = = (-3.5, -8.6, 3.6)
Boid Radius= 10
Boid Frame=
 0.50706	-0.35397	-0.78587	-3.53969
0.14723	-0.86281	0.48362	-8.62807
0.84924	0.36093	0.38538	3.60930
0.00000	0.00000	0.00000	1.00000

boidNo = 4
boid Wall No = 0
position = = (-0.2, -10.0, -0.1)
Boid Radius= 10
Boid Frame=
 -0.58759	-0.01727	-0.80897	-0.17274
-0.00007	-0.99977	0.02140	-9.99771
0.80916	-0.01264	-0.58746	-0.12635
0.00000	0.00000	0.00000	1.00000

boidNo = 5
boid Wall No = 1
position = = (-1.2, 9.9, 0.5)
Boid Radius= 10
Boid Frame=
 0.72905	-0.12051	0.67377	-1.20513
0.05759	0.99169	0.11506	9.91688
0.68203	0.04508	-0.72993	0.45082
0.00000	0.00000	0.00000	1.00000

boidNo = 6
boid Wall No = 0
position = = (8.4, -4.8, 2.5)
Boid Radius= 10
Boid Frame=
 -0.03842	0.83779	0.54464	8.37791
-0.51176	-0.48463	0.70939	-4.84632
-0.85827	0.25147	-0.44736	2.51471
0.00000	0.00000	0.00000	1.00000

boidNo = 7
boid Wall No = 0
position = = (-8.5, -5.3, -0.2)
Boid Radius= 10
Boid Frame=
 0.23953	-0.84802	-0.47274	-8.48020
-0.42254	-0.52944	0.73563	-5.29441
0.87412	-0.02355	0.48514	-0.23547
0.00000	0.00000	0.00000	1.00000

boidNo = 8
boid Wall No = 1
position = = (7.4, 6.6, -1.3)
Boid Radius= 10
Boid Frame=
 0.21071	0.73972	-0.63908	7.39720
-0.41316	0.65988	0.62758	6.59881
-0.88595	-0.13180	-0.44466	-1.31804
0.00000	0.00000	0.00000	1.00000

boidNo = 9
boid Wall No = 0
position = = (7.4, -4.6, 4.9)
Boid Radius= 10
Boid Frame=
 0.20543	0.74063	0.63975	7.40626
-0.53366	-0.46318	0.70758	-4.63181
-0.82037	0.48676	-0.30009	4.86761
0.00000	0.00000	0.00000	1.00000

boidNo = 10
boid Wall No = 1
position = = (1.1, 9.5, -2.8)
Boid Radius= 10
Boid Frame=
 -0.97328	0.10528	-0.20404	1.05284
0.04095	0.95401	0.29695	9.54014
-0.22592	-0.28067	0.93284	-2.80666
0.00000	0.00000	0.00000	1.00000

boidNo = 11
boid Wall No = 0
position = = (-2.5, -2.9, 9.3)
Boid Radius= 9.999999
Boid Frame=
 0.62327	-0.24744	0.74183	-2.47438
-0.77845	-0.28660	0.55845	-2.86603
-0.07443	0.92555	0.37125	9.25545
0.00000	0.00000	0.00000	1.00000

boidNo = 12
boid Wall No = 1
position = = (-9.9, 0.1, 1.2)
Boid Radius= 10
Boid Frame=
 0.08399	-0.99222	0.09185	-9.92225
-0.68520	0.00942	0.72830	0.09417
0.72350	0.12410	0.67908	1.24101
0.00000	0.00000	0.00000	1.00000

boidNo = 13
boid Wall No = 0
position = = (3.7, -4.9, -7.9)
Boid Radius= 10
Boid Frame=
 -0.90236	0.36514	-0.22897	3.65136
-0.39510	-0.48861	0.77792	-4.88605
-0.17217	-0.79243	-0.58516	-7.92427
0.00000	0.00000	0.00000	1.00000

boidNo = 14
boid Wall No = 1
position = = (5.9, 7.9, -1.6)
Boid Radius= 10
Boid Frame=
 -0.01734	0.58943	-0.80763	5.89430
-0.19068	0.79098	0.58137	7.90979
-0.98150	-0.16408	-0.09868	-1.64084
0.00000	0.00000	0.00000	1.00000

