Iteration Num of Simuation:0
m_SimulationDeltaT of action plan:0
boidNo = 0
boid Wall No = 0
position = = (-0.2, -10.0, 0.2)
Boid Radius= 10
Boid Frame=
 -0.99825	-0.02450	-0.05386	-0.24503
0.02537	-0.99956	-0.01546	-9.99559
0.05346	0.01680	-0.99843	0.16804
0.00000	0.00000	0.00000	1.00000

boidNo = 1
boid Wall No = 0
position = = (-8.4, -2.0, -5.0)
Boid Radius= 10
Boid Frame=
 -0.24969	-0.84203	-0.47816	-8.42033
-0.67336	-0.20388	0.71065	-2.03880
0.69588	-0.49941	0.51608	-4.99414
0.00000	0.00000	0.00000	1.00000

boidNo = 2
boid Wall No = 1
position = = (1.8, 1.7, -9.7)
Boid Radius= 10
Boid Frame=
 -0.68244	0.17786	-0.70897	1.77862
-0.68872	0.16841	0.70520	1.68407
-0.24482	-0.96954	-0.00757	-9.69538
0.00000	0.00000	0.00000	1.00000

boidNo = 3
boid Wall No = 0
position = = (-1.4, -9.1, 3.9)
Boid Radius= 10
Boid Frame=
 0.72927	-0.13541	-0.67070	-1.35413
0.17512	-0.91064	0.37427	-9.10636
0.66144	0.39039	0.64038	3.90392
0.00000	0.00000	0.00000	1.00000

boidNo = 4
boid Wall No = 1
position = = (8.0, 3.0, -5.3)
Boid Radius= 9.999999
Boid Frame=
 -0.23887	0.79554	-0.55682	7.95544
-0.64917	0.29563	0.70085	2.95627
-0.72217	-0.52888	-0.44582	-5.28881
0.00000	0.00000	0.00000	1.00000

boidNo = 5
boid Wall No = 1
position = = (-9.7, 0.7, -2.4)
Boid Radius= 9.999999
Boid Frame=
 -0.22137	-0.96734	-0.12352	-9.67335
-0.70177	0.07007	0.70895	0.70069
0.67714	-0.24362	0.69436	-2.43624
0.00000	0.00000	0.00000	1.00000

boidNo = 6
boid Wall No = 1
position = = (-1.8, 9.8, -0.3)
Boid Radius= 10
Boid Frame=
 0.20373	-0.18374	0.96163	-1.83738
0.06355	0.98264	0.17429	9.82642
0.97696	-0.02560	-0.21187	-0.25603
0.00000	0.00000	0.00000	1.00000

boidNo = 7
boid Wall No = 0
position = = (-8.7, -4.3, -2.6)
Boid Radius= 10
Boid Frame=
 0.00951	-0.86604	-0.49988	-8.66042
-0.52476	-0.42986	0.73474	-4.29857
0.85120	-0.25533	0.45855	-2.55332
0.00000	0.00000	0.00000	1.00000

boidNo = 8
boid Wall No = 0
position = = (-3.9, -8.4, 3.9)
Boid Radius= 10
Boid Frame=
 0.62023	-0.38893	-0.68121	-3.88927
0.07187	-0.83660	0.54308	-8.36600
0.78112	0.38579	0.49094	3.85793
0.00000	0.00000	0.00000	1.00000

boidNo = 9
boid Wall No = 1
position = = (-1.8, 9.7, 1.7)
Boid Radius= 10
Boid Frame=
 0.84674	-0.17950	0.50082	-1.79499
0.06496	0.96920	0.23754	9.69202
0.52803	0.16860	-0.83232	1.68603
0.00000	0.00000	0.00000	1.00000

boidNo = 10
boid Wall No = 1
position = = (-3.1, 9.2, -2.6)
Boid Radius= 10
Boid Frame=
 -0.63835	-0.30928	0.70488	-3.09282
-0.00122	0.91613	0.40087	9.16134
0.76975	-0.25504	0.58519	-2.55036
0.00000	0.00000	0.00000	1.00000

boidNo = 11
boid Wall No = 1
position = = (-4.2, 5.4, 7.3)
Boid Radius= 10
Boid Frame=
 0.53841	-0.41974	0.73070	-4.19744
-0.50356	0.53502	0.67837	5.35016
0.67568	0.73319	-0.07669	7.33194
0.00000	0.00000	0.00000	1.00000

boidNo = 12
boid Wall No = 0
position = = (2.7, -8.8, -3.8)
Boid Radius= 10
Boid Frame=
 -0.58921	0.27061	0.76132	2.70606
0.16255	-0.88328	0.43976	-8.83283
-0.79146	-0.38286	-0.47645	-3.82864
0.00000	0.00000	0.00000	1.00000

boidNo = 13
boid Wall No = 1
position = = (0.3, 8.9, -4.5)
Boid Radius= 10
Boid Frame=
 -0.98999	0.02802	-0.13831	0.28023
-0.03721	0.89357	0.44737	8.93575
-0.13613	-0.44804	0.88359	-4.48039
0.00000	0.00000	0.00000	1.00000

boidNo = 14
boid Wall No = 1
position = = (-2.8, 8.7, -4.1)
Boid Radius= 10
Boid Frame=
 -0.89088	-0.28475	0.35390	-2.84749
-0.08169	0.86685	0.49183	8.66852
0.44682	-0.40925	0.79553	-4.09250
0.00000	0.00000	0.00000	1.00000

