Iteration Num of Simuation:0
m_SimulationDeltaT of action plan:0
boidNo = 0
boid Wall No = 0
position = = (-3.3, -7.7, -5.5)
Boid Radius= 10
Boid Frame=
 -0.79774	-0.32501	-0.50792	-3.25011
-0.08561	-0.77274	0.62892	-7.72742
0.59690	-0.54520	-0.58862	-5.45195
0.00000	0.00000	0.00000	1.00000

boidNo = 1
boid Wall No = 1
position = = (0.2, 10.0, 0.6)
Boid Radius= 10
Boid Frame=
 0.95714	0.02418	-0.28861	0.24176
-0.00671	0.99809	0.06135	9.98094
-0.28955	0.05679	-0.95548	0.56786
0.00000	0.00000	0.00000	1.00000

boidNo = 2
boid Wall No = 0
position = = (1.9, -7.7, -6.1)
Boid Radius= 10
Boid Frame=
 -0.97229	0.19166	0.13388	1.91657
-0.06344	-0.76747	0.63793	-7.67473
-0.22502	-0.61176	-0.75836	-6.11763
0.00000	0.00000	0.00000	1.00000

boidNo = 3
boid Wall No = 0
position = = (-8.5, -3.9, -3.5)
Boid Radius= 10
Boid Frame=
 0.34101	-0.84834	-0.40499	-8.48345
-0.91758	-0.39403	0.05276	-3.94033
0.20434	-0.35362	0.91280	-3.53623
0.00000	0.00000	0.00000	1.00000

boidNo = 4
boid Wall No = 0
position = = (-7.8, -0.9, -6.2)
Boid Radius= 10
Boid Frame=
 -0.42874	-0.78237	-0.45175	-7.82370
-0.64091	-0.08902	0.76244	-0.89016
0.63672	-0.61642	0.46327	-6.16420
0.00000	0.00000	0.00000	1.00000

boidNo = 5
boid Wall No = 0
position = = (-0.8, -9.0, -4.3)
Boid Radius= 9.999999
Boid Frame=
 -0.96040	-0.07671	0.26787	-0.76710
0.18352	-0.89752	0.40097	-8.97521
-0.20966	-0.43425	-0.87605	-4.34247
0.00000	0.00000	0.00000	1.00000

boidNo = 6
boid Wall No = 0
position = = (5.7, -8.1, 1.6)
Boid Radius= 10
Boid Frame=
 0.17177	0.56612	0.80622	5.66123
-0.07864	-0.80790	0.58405	-8.07897
-0.98199	0.16373	0.09425	1.63726
0.00000	0.00000	0.00000	1.00000

boidNo = 7
boid Wall No = 0
position = = (0.5, -10.0, 0.3)
Boid Radius= 10
Boid Frame=
 0.85451	0.05497	0.51652	0.54966
0.03291	-0.99812	0.05177	-9.98117
-0.51840	0.02724	0.85471	0.27236
0.00000	0.00000	0.00000	1.00000

boidNo = 8
boid Wall No = 0
position = = (9.0, -4.2, -1.2)
Boid Radius= 10
Boid Frame=
 -0.40145	0.89931	0.17341	8.99314
-0.68210	-0.41993	0.59866	-4.19926
-0.61121	-0.12205	-0.78200	-1.22051
0.00000	0.00000	0.00000	1.00000

boidNo = 9
boid Wall No = 1
position = = (7.8, 4.6, 4.2)
Boid Radius= 10
Boid Frame=
 0.61956	0.78237	-0.06358	7.82369
-0.50004	0.45582	0.73633	4.55823
-0.60506	0.42441	-0.67363	4.24410
0.00000	0.00000	0.00000	1.00000

boidNo = 10
boid Wall No = 0
position = = (-5.1, -5.5, 6.6)
Boid Radius= 10
Boid Frame=
 0.85388	-0.50891	0.10911	-5.08913
-0.42198	-0.55420	0.71749	-5.54201
0.30467	0.65869	0.68797	6.58687
0.00000	0.00000	0.00000	1.00000

boidNo = 11
boid Wall No = 1
position = = (-8.0, 3.0, -5.2)
Boid Radius= 10
Boid Frame=
 -0.58311	-0.80027	-0.13982	-8.00269
-0.58889	0.29782	0.75134	2.97820
0.55963	-0.52045	0.64493	-5.20455
0.00000	0.00000	0.00000	1.00000

boidNo = 12
boid Wall No = 1
position = = (-6.8, 6.5, 3.2)
Boid Radius= 10
Boid Frame=
 -0.01521	-0.68449	0.72887	-6.84486
-0.45660	0.65326	0.60395	6.53263
0.88954	0.32362	0.32248	3.23616
0.00000	0.00000	0.00000	1.00000

boidNo = 13
boid Wall No = 1
position = = (-5.2, 6.2, -5.8)
Boid Radius= 10
Boid Frame=
 -0.84910	-0.52317	-0.07297	-5.23172
-0.43822	0.62052	0.65032	6.20520
0.29495	-0.58416	0.75615	-5.84163
0.00000	0.00000	0.00000	1.00000

boidNo = 14
boid Wall No = 1
position = = (-1.2, 4.5, 8.8)
Boid Radius= 9.999999
Boid Frame=
 0.72782	-0.12330	0.67460	-1.23301
-0.56348	0.45315	0.69076	4.53146
0.39086	0.88287	-0.26033	8.82868
0.00000	0.00000	0.00000	1.00000

boidNo = 15
boid Wall No = 1
position = = (2.4, 9.0, -3.7)
Boid Radius= 10
Boid Frame=
 -0.69812	0.24214	-0.67379	2.42139
-0.10541	0.89606	0.43123	8.96061
-0.70818	-0.37208	0.60003	-3.72081
0.00000	0.00000	0.00000	1.00000

boidNo = 16
boid Wall No = 0
position = = (4.9, -7.9, -3.6)
Boid Radius= 10
Boid Frame=
 -0.64657	0.48740	0.58685	4.87404
-0.04769	-0.79359	0.60657	-7.93595
-0.76136	-0.36420	-0.53636	-3.64204
0.00000	0.00000	0.00000	1.00000

boidNo = 17
boid Wall No = 1
position = = (-4.5, 8.8, 1.3)
Boid Radius= 10
Boid Frame=
 0.18167	-0.45109	0.87379	-4.51093
-0.05471	0.88256	0.46700	8.82565
0.98184	0.13264	-0.13565	1.32642
0.00000	0.00000	0.00000	1.00000

boidNo = 18
boid Wall No = 0
position = = (-3.6, -8.4, -4.1)
Boid Radius= 10
Boid Frame=
 -0.73897	-0.36035	-0.56927	-3.60349
-0.00895	-0.83962	0.54309	-8.39625
0.67368	-0.40642	-0.61723	-4.06423
0.00000	0.00000	0.00000	1.00000

boidNo = 19
boid Wall No = 1
position = = (0.9, 9.8, 1.9)
Boid Radius= 10
Boid Frame=
 0.89204	0.09117	-0.44267	0.91172
0.00409	0.97778	0.20962	9.77775
-0.45195	0.18879	-0.87184	1.88794
0.00000	0.00000	0.00000	1.00000

