Iteration Num of Simuation:0
m_SimulationDeltaT of action plan:0
boidNo = 0
boid Wall No = 1
position = = (3.3, 7.5, -5.8)
Boid Radius= 10
Boid Frame=
 -0.66170	0.33184	-0.67234	3.31845
-0.25166	0.74640	0.61608	7.46402
-0.70628	-0.57686	0.41038	-5.76856
0.00000	0.00000	0.00000	1.00000

boidNo = 1
boid Wall No = 0
position = = (1.1, -9.0, -4.1)
Boid Radius= 10
Boid Frame=
 -0.98663	0.11174	0.11863	1.11742
-0.05164	-0.90476	0.42277	-9.04763
-0.15457	-0.41100	-0.89844	-4.10997
0.00000	0.00000	0.00000	1.00000

boidNo = 2
boid Wall No = 0
position = = (-2.8, -8.2, -5.0)
Boid Radius= 10
Boid Frame=
 -0.86228	-0.27871	-0.42284	-2.78710
-0.01377	-0.82173	0.56971	-8.21733
0.50625	-0.49707	-0.70473	-4.97068
0.00000	0.00000	0.00000	1.00000

boidNo = 3
boid Wall No = 0
position = = (8.2, -2.8, 5.0)
Boid Radius= 10
Boid Frame=
 0.24589	0.82242	0.51299	8.22421
-0.61212	-0.27861	0.74006	-2.78608
-0.75157	0.49598	-0.43491	4.95985
0.00000	0.00000	0.00000	1.00000

boidNo = 4
boid Wall No = 0
position = = (4.3, -8.5, 3.0)
Boid Radius= 10
Boid Frame=
 0.69973	0.43218	0.56886	4.32185
0.10582	-0.85018	0.51575	-8.50177
-0.70653	0.30069	0.64063	3.00690
0.00000	0.00000	0.00000	1.00000

boidNo = 5
boid Wall No = 0
position = = (1.5, -9.9, 0.1)
Boid Radius= 10
Boid Frame=
 0.25377	0.15243	0.95518	1.52431
0.02817	-0.98825	0.15022	-9.88251
-0.96685	0.01121	0.25509	0.11212
0.00000	0.00000	0.00000	1.00000

boidNo = 6
boid Wall No = 1
position = = (-0.1, 5.4, 8.4)
Boid Radius= 10
Boid Frame=
 0.72006	-0.01399	0.69378	-0.13992
-0.57955	0.53772	0.61235	5.37721
0.38163	0.84301	-0.37908	8.43007
0.00000	0.00000	0.00000	1.00000

boidNo = 7
boid Wall No = 0
position = = (3.3, -3.7, -8.7)
Boid Radius= 10
Boid Frame=
 -0.64229	0.33074	-0.69143	3.30742
-0.76232	-0.36936	0.53146	-3.69356
0.07961	-0.86844	-0.48936	-8.68439
0.00000	0.00000	0.00000	1.00000

boidNo = 8
boid Wall No = 0
position = = (-3.7, -9.3, -0.1)
Boid Radius= 10
Boid Frame=
 -0.05411	-0.36699	-0.92865	-3.66987
0.01506	-0.93021	0.36672	-9.30208
0.99842	-0.00585	-0.05586	-0.05852
0.00000	0.00000	0.00000	1.00000

boidNo = 9
boid Wall No = 0
position = = (0.6, -8.4, -5.4)
Boid Radius= 10
Boid Frame=
 -0.99270	0.06027	0.10446	0.60266
0.00657	-0.83788	0.54581	-8.37882
-0.12042	-0.54251	-0.83137	-5.42514
0.00000	0.00000	0.00000	1.00000

boidNo = 10
boid Wall No = 0
position = = (-1.0, -9.6, 2.5)
Boid Radius= 10
Boid Frame=
 0.98927	-0.09875	0.10764	-0.98746
-0.12258	-0.96198	0.24406	-9.61981
-0.07944	0.25464	0.96377	2.54641
0.00000	0.00000	0.00000	1.00000

boidNo = 11
boid Wall No = 1
position = = (-2.5, 8.9, 3.8)
Boid Radius= 10
Boid Frame=
 0.78031	-0.24639	0.57481	-2.46386
-0.05251	0.89006	0.45280	8.90063
0.62318	0.38351	-0.68159	3.83513
0.00000	0.00000	0.00000	1.00000

boidNo = 12
boid Wall No = 1
position = = (-1.8, 9.5, 2.7)
Boid Radius= 10
Boid Frame=
 0.74962	-0.17660	0.63787	-1.76602
-0.04989	0.94593	0.32052	9.45926
0.65999	0.27209	-0.70027	2.72095
0.00000	0.00000	0.00000	1.00000

boidNo = 13
boid Wall No = 1
position = = (9.4, 2.6, 2.3)
Boid Radius= 10
Boid Frame=
 0.34304	0.93792	-0.05131	9.37918
-0.60727	0.26312	0.74966	2.63117
-0.71662	0.22601	-0.65983	2.26009
0.00000	0.00000	0.00000	1.00000

boidNo = 14
boid Wall No = 1
position = = (-1.3, 8.1, 5.8)
Boid Radius= 10
Boid Frame=
 0.86547	-0.12730	0.48451	-1.27296
-0.19282	0.80801	0.55673	8.08007
0.46236	0.57526	-0.67476	5.75257
0.00000	0.00000	0.00000	1.00000

