Iteration Num of Simuation:0
m_SimulationDeltaT of action plan:0
boidNo = 0
boid Wall No = 0
position = = (6.8, -4.7, 5.6)
Boid Radius= 10
Boid Frame=
 0.37404	0.68269	0.62772	6.82690
-0.42608	-0.47469	0.77015	-4.74686
-0.82374	0.55552	-0.11333	5.55525
0.00000	0.00000	0.00000	1.00000

boidNo = 1
boid Wall No = 1
position = = (7.9, 4.7, -4.0)
Boid Radius= 10
Boid Frame=
 -0.13576	0.78913	-0.59904	7.89128
-0.49445	0.46999	0.73119	4.69987
-0.85854	-0.39546	-0.32638	-3.95461
0.00000	0.00000	0.00000	1.00000

boidNo = 2
boid Wall No = 0
position = = (-0.8, -6.8, -7.3)
Boid Radius= 10
Boid Frame=
 -0.91766	-0.07650	-0.38993	-0.76505
-0.23618	-0.68415	0.69004	-6.84149
0.31956	-0.72532	-0.60975	-7.25319
0.00000	0.00000	0.00000	1.00000

boidNo = 3
boid Wall No = 1
position = = (1.1, 4.3, -8.9)
Boid Radius= 10
Boid Frame=
 -0.78298	0.11487	-0.61135	1.14872
-0.51469	0.43230	0.74041	4.32304
-0.34934	-0.89438	0.27936	-8.94381
0.00000	0.00000	0.00000	1.00000

boidNo = 4
boid Wall No = 1
position = = (-7.5, 6.6, -0.8)
Boid Radius= 10
Boid Frame=
 -0.44624	-0.75181	0.48544	-7.51813
-0.42128	0.65505	0.62724	6.55053
0.78955	-0.07539	0.60903	-0.75394
0.00000	0.00000	0.00000	1.00000

boidNo = 5
boid Wall No = 0
position = = (-0.2, -9.9, 1.0)
Boid Radius= 10
Boid Frame=
 0.98766	-0.02460	-0.15468	-0.24600
-0.00850	-0.99455	0.10387	-9.94555
0.15639	0.10127	0.98249	1.01271
0.00000	0.00000	0.00000	1.00000

boidNo = 6
boid Wall No = 0
position = = (-3.4, -8.8, 3.3)
Boid Radius= 10
Boid Frame=
 0.48432	-0.33905	-0.80653	-3.39046
0.14214	-0.87912	0.45492	-8.79118
0.86327	0.33496	0.37758	3.34961
0.00000	0.00000	0.00000	1.00000

boidNo = 7
boid Wall No = 1
position = = (-7.5, 6.3, 2.1)
Boid Radius= 10
Boid Frame=
 -0.06859	-0.74744	0.66078	-7.47435
-0.39308	0.62901	0.67069	6.29013
0.91694	0.21374	0.33695	2.13735
0.00000	0.00000	0.00000	1.00000

boidNo = 8
boid Wall No = 0
position = = (5.8, -0.6, -8.1)
Boid Radius= 10
Boid Frame=
 -0.69286	0.57847	-0.43050	5.78466
-0.56259	-0.06021	0.82454	-0.60210
-0.45105	-0.81348	-0.36716	-8.13481
0.00000	0.00000	0.00000	1.00000

boidNo = 9
boid Wall No = 1
position = = (9.3, 2.3, -2.9)
Boid Radius= 10
Boid Frame=
 -0.06346	0.92907	-0.36442	9.29070
-0.66578	0.23260	0.70896	2.32604
-0.74344	-0.28762	-0.60380	-2.87617
0.00000	0.00000	0.00000	1.00000

boidNo = 10
boid Wall No = 1
position = = (-5.6, 5.7, 6.0)
Boid Radius= 10
Boid Frame=
 0.28198	-0.56095	0.77835	-5.60946
-0.55082	0.56959	0.61005	5.69595
0.78555	0.60075	0.14836	6.00751
0.00000	0.00000	0.00000	1.00000

boidNo = 11
boid Wall No = 1
position = = (-4.4, 8.4, -3.2)
Boid Radius= 10
Boid Frame=
 -0.75482	-0.43831	0.48800	-4.38306
-0.14958	0.83939	0.52255	8.39385
0.63865	-0.32144	0.69914	-3.21435
0.00000	0.00000	0.00000	1.00000

boidNo = 12
boid Wall No = 0
position = = (-1.7, -9.7, 1.6)
Boid Radius= 10
Boid Frame=
 0.74856	-0.16614	-0.64192	-1.66142
-0.01828	-0.97290	0.23049	-9.72903
0.66282	0.16080	0.73131	1.60803
0.00000	0.00000	0.00000	1.00000

boidNo = 13
boid Wall No = 0
position = = (8.9, -2.4, 3.8)
Boid Radius= 10
Boid Frame=
 0.20202	0.89243	0.40342	8.92433
-0.54211	-0.24116	0.80496	-2.41164
-0.81566	0.38132	-0.43508	3.81318
0.00000	0.00000	0.00000	1.00000

boidNo = 14
boid Wall No = 1
position = = (-0.6, 9.4, -3.4)
Boid Radius= 10
Boid Frame=
 -0.97025	-0.06441	0.23337	-0.64410
0.02087	0.93812	0.34568	9.38122
0.24120	-0.34026	0.90887	-3.40264
0.00000	0.00000	0.00000	1.00000

boidNo = 15
boid Wall No = 0
position = = (6.0, -3.6, -7.1)
Boid Radius= 10
Boid Frame=
 -0.24889	0.60363	-0.75742	6.03631
-0.93196	-0.36213	0.01764	-3.62130
0.26363	-0.71028	-0.65269	-7.10276
0.00000	0.00000	0.00000	1.00000

boidNo = 16
boid Wall No = 1
position = = (-1.5, 9.2, 3.5)
Boid Radius= 10
Boid Frame=
 0.03071	-0.14987	0.98823	-1.49866
-0.35186	0.92379	0.15103	9.23790
0.93555	0.35235	0.02436	3.52352
0.00000	0.00000	0.00000	1.00000

boidNo = 17
boid Wall No = 1
position = = (-6.4, 2.2, -7.3)
Boid Radius= 10
Boid Frame=
 -0.56787	-0.64464	-0.51181	-6.44643
-0.78045	0.22411	0.58367	2.24107
0.26156	-0.73090	0.63038	-7.30898
0.00000	0.00000	0.00000	1.00000

boidNo = 18
boid Wall No = 0
position = = (-9.0, -4.4, 0.8)
Boid Radius= 10
Boid Frame=
 0.30929	-0.89545	-0.32017	-8.95448
-0.47630	-0.43728	0.76284	-4.37276
0.82309	0.08344	0.56175	0.83441
0.00000	0.00000	0.00000	1.00000

boidNo = 19
boid Wall No = 1
position = = (3.8, 5.7, 7.3)
Boid Radius= 10
Boid Frame=
 0.85652	0.37552	0.35405	3.75521
-0.51474	0.57168	0.63892	5.71684
-0.03752	0.72949	-0.68296	7.29494
0.00000	0.00000	0.00000	1.00000

