Iteration Num of Simuation:0
m_SimulationDeltaT of action plan:0
boidNo = 0
boid Wall No = 0
position = = (4.5, -7.4, -5.1)
Boid Radius= 10
Boid Frame=
 -0.82416	0.44614	0.34887	4.46144
-0.11506	-0.73505	0.66818	-7.35047
-0.55454	-0.51055	-0.65713	-5.10550
0.00000	0.00000	0.00000	1.00000

boidNo = 1
boid Wall No = 0
position = = (3.5, -1.7, -9.2)
Boid Radius= 10
Boid Frame=
 -0.80908	0.35143	-0.47104	3.51431
-0.54978	-0.16937	0.81796	-1.69374
-0.20767	-0.92077	-0.33025	-9.20765
0.00000	0.00000	0.00000	1.00000

boidNo = 2
boid Wall No = 1
position = = (5.6, 2.7, 7.8)
Boid Radius= 10
Boid Frame=
 0.57561	0.56481	0.59133	5.64809
-0.80535	0.26623	0.52965	2.66229
-0.14172	0.78110	-0.60811	7.81098
0.00000	0.00000	0.00000	1.00000

boidNo = 3
boid Wall No = 1
position = = (3.7, 6.3, -6.8)
Boid Radius= 10
Boid Frame=
 -0.63232	0.36947	-0.68092	3.69474
-0.36958	0.62861	0.68429	6.28610
-0.68086	-0.68435	0.26093	-6.84353
0.00000	0.00000	0.00000	1.00000

boidNo = 4
boid Wall No = 0
position = = (4.6, -4.8, 7.4)
Boid Radius= 10
Boid Frame=
 0.62582	0.46214	0.62831	4.62141
-0.41665	-0.48291	0.77020	-4.82907
-0.65935	0.74379	0.10966	7.43792
0.00000	0.00000	0.00000	1.00000

boidNo = 5
boid Wall No = 0
position = = (-8.9, -0.3, -4.6)
Boid Radius= 10
Boid Frame=
 -0.28750	-0.88833	-0.35807	-8.88330
-0.74488	-0.02764	0.66663	-0.27636
0.60208	-0.45837	0.65375	-4.58373
0.00000	0.00000	0.00000	1.00000

boidNo = 6
boid Wall No = 0
position = = (9.5, -2.6, -1.6)
Boid Radius= 10
Boid Frame=
 -0.30447	0.95192	-0.03396	9.51917
-0.85995	-0.25937	0.43956	-2.59370
-0.40962	-0.16304	-0.89757	-1.63040
0.00000	0.00000	0.00000	1.00000

boidNo = 7
boid Wall No = 0
position = = (2.5, -8.2, -5.2)
Boid Radius= 10
Boid Frame=
 -0.88761	0.24707	0.38872	2.47068
0.02529	-0.81654	0.57673	-8.16541
-0.45990	-0.52174	-0.71852	-5.21745
0.00000	0.00000	0.00000	1.00000

boidNo = 8
boid Wall No = 0
position = = (-5.6, -8.2, 1.2)
Boid Radius= 10
Boid Frame=
 0.15814	-0.56170	-0.81209	-5.61697
0.03837	-0.81832	0.57348	-8.18321
0.98667	0.12185	0.10786	1.21849
0.00000	0.00000	0.00000	1.00000

boidNo = 9
boid Wall No = 1
position = = (9.2, 2.0, -3.4)
Boid Radius= 9.999999
Boid Frame=
 -0.05398	0.91697	-0.39528	9.16973
-0.78763	0.20422	0.58131	2.04221
-0.61377	-0.34272	-0.71122	-3.42716
0.00000	0.00000	0.00000	1.00000

boidNo = 10
boid Wall No = 1
position = = (5.7, 7.7, -2.9)
Boid Radius= 10
Boid Frame=
 -0.15473	0.56513	-0.81036	5.65129
-0.24927	0.77137	0.58553	7.71374
-0.95599	-0.29259	-0.02151	-2.92595
0.00000	0.00000	0.00000	1.00000

boidNo = 11
boid Wall No = 0
position = = (-7.7, -4.8, -4.2)
Boid Radius= 10
Boid Frame=
 -0.23026	-0.77201	-0.59243	-7.72012
-0.39792	-0.48088	0.78129	-4.80876
0.88806	-0.41564	0.19647	-4.15639
0.00000	0.00000	0.00000	1.00000

boidNo = 12
boid Wall No = 0
position = = (-7.7, -5.9, -2.6)
Boid Radius= 10
Boid Frame=
 0.57165	-0.76656	-0.29257	-7.66559
-0.80830	-0.58738	-0.04035	-5.87384
0.14092	-0.25955	0.95539	-2.59554
0.00000	0.00000	0.00000	1.00000

boidNo = 13
boid Wall No = 1
position = = (-1.7, 1.6, -9.7)
Boid Radius= 10
Boid Frame=
 -0.69404	-0.16773	-0.70013	-1.67727
-0.71993	0.15661	0.67615	1.56607
0.00376	-0.97332	0.22944	-9.73315
0.00000	0.00000	0.00000	1.00000

boidNo = 14
boid Wall No = 0
position = = (-8.6, -1.7, -4.9)
Boid Radius= 10
Boid Frame=
 0.00074	-0.85839	-0.51300	-8.58387
-0.94590	-0.16705	0.27815	-1.67050
0.32445	-0.48504	0.81207	-4.85043
0.00000	0.00000	0.00000	1.00000

boidNo = 15
boid Wall No = 1
position = = (-1.9, 9.6, -2.2)
Boid Radius= 10
Boid Frame=
 -0.82966	-0.19268	0.52397	-1.92683
-0.03629	0.95518	0.29380	9.55178
0.55709	-0.22474	0.79946	-2.24742
0.00000	0.00000	0.00000	1.00000

boidNo = 16
boid Wall No = 1
position = = (5.5, 7.5, -3.5)
Boid Radius= 10
Boid Frame=
 -0.23187	0.55249	-0.80062	5.52489
-0.26957	0.75432	0.59861	7.54320
-0.93465	-0.35462	0.02597	-3.54623
0.00000	0.00000	0.00000	1.00000

boidNo = 17
boid Wall No = 1
position = = (-1.0, 8.5, -5.1)
Boid Radius= 10
Boid Frame=
 -0.99433	-0.10321	-0.02562	-1.03211
-0.10163	0.85127	0.51480	8.51266
0.03132	-0.51448	0.85693	-5.14483
0.00000	0.00000	0.00000	1.00000

boidNo = 18
boid Wall No = 1
position = = (2.5, 3.7, 8.9)
Boid Radius= 10
Boid Frame=
 0.83644	0.25191	0.48674	2.51906
-0.54799	0.37023	0.75009	3.70228
-0.00875	0.89413	-0.44771	8.94134
0.00000	0.00000	0.00000	1.00000

boidNo = 19
boid Wall No = 0
position = = (-1.5, -9.2, 3.6)
Boid Radius= 10
Boid Frame=
 0.84762	-0.14940	-0.50913	-1.49401
0.06852	-0.92068	0.38425	-9.20684
0.52615	0.36058	0.77016	3.60584
0.00000	0.00000	0.00000	1.00000

