Iteration Num of Simuation:0
m_SimulationDeltaT of action plan:0
boidNo = 0
boid Wall No = 0
position = = (-0.3, -4.3, 9.0)
Boid Radius= 10
Boid Frame=
 0.71033	-0.03181	0.70315	-0.31808
-0.64419	-0.43195	0.63123	-4.31948
-0.28365	0.90134	0.32732	9.01337
0.00000	0.00000	0.00000	1.00000

boidNo = 1
boid Wall No = 1
position = = (-7.1, 6.2, 3.3)
Boid Radius= 10
Boid Frame=
 0.01035	-0.71342	0.70066	-7.13419
-0.45815	0.61944	0.63749	6.19444
0.88882	0.32760	0.32044	3.27602
0.00000	0.00000	0.00000	1.00000

boidNo = 2
boid Wall No = 1
position = = (-0.6, 10.0, 0.1)
Boid Radius= 10
Boid Frame=
 0.38030	-0.05696	0.92311	-0.56963
0.01124	0.99831	0.05697	9.98313
0.92479	0.01129	-0.38030	0.11292
0.00000	0.00000	0.00000	1.00000

boidNo = 3
boid Wall No = 0
position = = (-6.6, -0.3, -7.5)
Boid Radius= 10
Boid Frame=
 -0.52205	-0.66217	-0.53759	-6.62167
-0.69708	-0.03195	0.71628	-0.31954
0.49148	-0.74868	0.44490	-7.48675
0.00000	0.00000	0.00000	1.00000

boidNo = 4
boid Wall No = 0
position = = (3.8, -3.1, -8.7)
Boid Radius= 9.999999
Boid Frame=
 -0.65416	0.37569	-0.65645	3.75686
-0.75626	-0.31150	0.57536	-3.11498
-0.01167	-0.87283	-0.48789	-8.72828
0.00000	0.00000	0.00000	1.00000

boidNo = 5
boid Wall No = 0
position = = (-9.8, -1.8, 0.1)
Boid Radius= 10
Boid Frame=
 0.13083	-0.98279	-0.13043	-9.82789
-0.64832	-0.18434	0.73871	-1.84338
0.75004	0.01209	0.66128	0.12087
0.00000	0.00000	0.00000	1.00000

boidNo = 6
boid Wall No = 0
position = = (-0.6, -9.9, 0.9)
Boid Radius= 10
Boid Frame=
 0.45842	-0.05814	-0.88683	-0.58139
0.05436	-0.99416	0.09327	-9.94155
0.88707	0.09097	0.45258	0.90966
0.00000	0.00000	0.00000	1.00000

boidNo = 7
boid Wall No = 1
position = = (7.1, 2.4, 6.6)
Boid Radius= 10
Boid Frame=
 0.59597	0.71227	0.37081	7.12268
-0.70315	0.23987	0.66935	2.39872
-0.38781	0.65965	-0.64379	6.59648
0.00000	0.00000	0.00000	1.00000

boidNo = 8
boid Wall No = 0
position = = (7.3, -6.8, 0.3)
Boid Radius= 10
Boid Frame=
 -0.21511	0.72904	0.64980	7.29036
-0.27293	-0.68374	0.67677	-6.83737
-0.93768	0.03177	-0.34605	0.31769
0.00000	0.00000	0.00000	1.00000

boidNo = 9
boid Wall No = 1
position = = (-0.4, 1.2, 9.9)
Boid Radius= 10
Boid Frame=
 0.72132	-0.04336	0.69124	-0.43364
-0.68367	0.11517	0.72064	1.15168
0.11086	0.99240	-0.05343	9.92399
0.00000	0.00000	0.00000	1.00000

boidNo = 10
boid Wall No = 0
position = = (-0.9, -1.9, -9.8)
Boid Radius= 10
Boid Frame=
 -0.71386	-0.08618	-0.69497	-0.86183
-0.67314	-0.18922	0.71490	-1.89218
0.19311	-0.97815	-0.07706	-9.78146
0.00000	0.00000	0.00000	1.00000

boidNo = 11
boid Wall No = 1
position = = (-9.5, 3.2, 0.2)
Boid Radius= 10
Boid Frame=
 -0.20137	-0.94864	0.24398	-9.48643
-0.64368	0.31591	0.69705	3.15910
0.73833	0.01668	0.67423	0.16683
0.00000	0.00000	0.00000	1.00000

boidNo = 12
boid Wall No = 0
position = = (4.3, -7.9, -4.3)
Boid Radius= 10
Boid Frame=
 -0.72312	0.42697	0.54295	4.26973
-0.01173	-0.79354	0.60841	-7.93540
-0.69063	-0.43358	-0.57883	-4.33577
0.00000	0.00000	0.00000	1.00000

boidNo = 13
boid Wall No = 0
position = = (-6.6, -4.1, -6.3)
Boid Radius= 10
Boid Frame=
 -0.37517	-0.65784	-0.65306	-6.57843
-0.54708	-0.41160	0.72889	-4.11599
0.74830	-0.63074	0.20548	-6.30736
0.00000	0.00000	0.00000	1.00000

boidNo = 14
boid Wall No = 1
position = = (-2.9, 9.4, -1.6)
Boid Radius= 10
Boid Frame=
 -0.39666	-0.28912	0.87125	-2.89117
0.02987	0.94454	0.32704	9.44538
0.91748	-0.15575	0.36603	-1.55753
0.00000	0.00000	0.00000	1.00000

