Iteration Num of Simuation:0
m_SimulationDeltaT of action plan:0
boidNo = 0
boid Wall No = 0
position = = (5.1, -8.2, 2.4)
Boid Radius= 10
Boid Frame=
 0.48204	0.51429	0.70933	5.14288
0.04535	-0.82316	0.56600	-8.23157
-0.87497	0.24067	0.42012	2.40668
0.00000	0.00000	0.00000	1.00000

boidNo = 1
boid Wall No = 1
position = = (-6.0, 7.8, -1.5)
Boid Radius= 10
Boid Frame=
 -0.47983	-0.60288	0.63741	-6.02882
-0.20901	0.78414	0.58432	7.84144
0.85210	-0.14715	0.50227	-1.47148
0.00000	0.00000	0.00000	1.00000

boidNo = 2
boid Wall No = 0
position = = (9.0, -3.5, 2.6)
Boid Radius= 10
Boid Frame=
 -0.07120	0.90003	0.42997	9.00031
-0.70066	-0.35193	0.62066	-3.51932
-0.70993	0.25708	-0.65568	2.57076
0.00000	0.00000	0.00000	1.00000

boidNo = 3
boid Wall No = 0
position = = (8.6, -4.3, 2.6)
Boid Radius= 10
Boid Frame=
 -0.33727	0.86362	0.37471	8.63621
-0.88074	-0.43004	0.19841	-4.30040
-0.33250	0.26311	-0.90566	2.63106
0.00000	0.00000	0.00000	1.00000

boidNo = 4
boid Wall No = 0
position = = (-3.9, -8.8, 2.9)
Boid Radius= 10
Boid Frame=
 0.50209	-0.39010	-0.77184	-3.90100
0.05750	-0.87545	0.47987	-8.75452
0.86290	0.28532	0.41712	2.85318
0.00000	0.00000	0.00000	1.00000

boidNo = 5
boid Wall No = 1
position = = (9.5, 2.1, -2.3)
Boid Radius= 10
Boid Frame=
 -0.02342	0.95107	-0.30810	9.51065
-0.69410	0.20634	0.68968	2.06335
-0.71950	-0.23000	-0.65530	-2.30002
0.00000	0.00000	0.00000	1.00000

boidNo = 6
boid Wall No = 1
position = = (-0.9, 9.5, 3.0)
Boid Radius= 10
Boid Frame=
 0.98459	-0.09064	0.14954	-0.90642
0.04042	0.94997	0.30972	9.49968
0.17013	0.29891	-0.93899	2.98907
0.00000	0.00000	0.00000	1.00000

boidNo = 7
boid Wall No = 0
position = = (4.4, -0.9, 8.9)
Boid Radius= 9.999999
Boid Frame=
 0.71474	0.44106	0.54278	4.41062
-0.56839	-0.08591	0.81826	-0.85906
-0.40753	0.89336	-0.18929	8.93356
0.00000	0.00000	0.00000	1.00000

boidNo = 8
boid Wall No = 0
position = = (0.9, -9.9, -0.9)
Boid Radius= 9.999999
Boid Frame=
 -0.20417	0.09495	0.97432	0.94951
0.07163	-0.99117	0.11160	-9.91168
-0.97631	-0.09258	-0.19557	-0.92577
0.00000	0.00000	0.00000	1.00000

boidNo = 9
boid Wall No = 0
position = = (-3.9, -5.1, -7.7)
Boid Radius= 10
Boid Frame=
 -0.51836	-0.38566	-0.76326	-3.85665
-0.56818	-0.51173	0.64445	-5.11727
0.63912	-0.76772	-0.04614	-7.67723
0.00000	0.00000	0.00000	1.00000

boidNo = 10
boid Wall No = 1
position = = (5.2, 3.0, -8.0)
Boid Radius= 10
Boid Frame=
 -0.50958	0.51606	-0.68848	5.16062
-0.64256	0.30391	0.70339	3.03914
-0.57223	-0.80082	-0.17673	-8.00822
0.00000	0.00000	0.00000	1.00000

boidNo = 11
boid Wall No = 0
position = = (1.8, -8.9, -4.1)
Boid Radius= 10
Boid Frame=
 -0.71644	0.18049	0.67390	1.80487
0.16836	-0.89268	0.41807	-8.92678
-0.67703	-0.41298	-0.60916	-4.12978
0.00000	0.00000	0.00000	1.00000

boidNo = 12
boid Wall No = 1
position = = (-4.8, 3.4, -8.1)
Boid Radius= 10
Boid Frame=
 -0.77192	-0.48238	-0.41406	-4.82381
-0.60179	0.34452	0.72052	3.44523
0.20491	-0.80536	0.55624	-8.05365
0.00000	0.00000	0.00000	1.00000

boidNo = 13
boid Wall No = 0
position = = (9.6, -1.3, -2.4)
Boid Radius= 9.999999
Boid Frame=
 -0.25890	0.96280	-0.07733	9.62804
-0.68738	-0.12740	0.71503	-1.27405
-0.67858	-0.23828	-0.69480	-2.38279
0.00000	0.00000	0.00000	1.00000

boidNo = 14
boid Wall No = 0
position = = (2.0, -8.8, -4.3)
Boid Radius= 10
Boid Frame=
 -0.80539	0.20327	0.55680	2.03268
0.09741	-0.88120	0.46260	-8.81201
-0.58468	-0.42681	-0.68991	-4.26811
0.00000	0.00000	0.00000	1.00000

