Iteration Num of Simuation:0
m_SimulationDeltaT of action plan:0
boidNo = 0
boid Wall No = 1
position = = (1.9, 9.8, -1.1)
Boid Radius= 10
Boid Frame=
 -0.75426	0.18988	-0.62852	1.89877
0.06998	0.97507	0.21059	9.75067
-0.65283	-0.11485	0.74875	-1.14854
0.00000	0.00000	0.00000	1.00000

boidNo = 1
boid Wall No = 1
position = = (0.8, 7.0, 7.1)
Boid Radius= 10
Boid Frame=
 0.91441	0.08193	0.39641	0.81930
-0.33735	0.69549	0.63442	6.95488
0.22372	0.71385	-0.66360	7.13852
0.00000	0.00000	0.00000	1.00000

boidNo = 2
boid Wall No = 0
position = = (-0.7, -8.8, 4.8)
Boid Radius= 10
Boid Frame=
 0.91210	-0.06603	-0.40461	-0.66033
0.14030	-0.87707	0.45941	-8.77074
0.38521	0.47580	0.79072	4.75795
0.00000	0.00000	0.00000	1.00000

boidNo = 3
boid Wall No = 0
position = = (3.6, -7.9, 4.9)
Boid Radius= 10
Boid Frame=
 0.79427	0.36228	0.48773	3.62275
-0.00992	-0.79494	0.60661	-7.94941
-0.60748	0.48665	0.62781	4.86648
0.00000	0.00000	0.00000	1.00000

boidNo = 4
boid Wall No = 1
position = = (1.1, 9.8, -1.5)
Boid Radius= 10
Boid Frame=
 -0.95753	0.11186	-0.26577	1.11859
0.06486	0.98162	0.17947	9.81623
-0.28096	-0.15461	0.94718	-1.54610
0.00000	0.00000	0.00000	1.00000

boidNo = 5
boid Wall No = 1
position = = (-2.3, 4.0, 8.9)
Boid Radius= 10
Boid Frame=
 0.64189	-0.22614	0.73269	-2.26135
-0.62675	0.39577	0.67123	3.95774
0.44177	0.89007	-0.11232	8.90070
0.00000	0.00000	0.00000	1.00000

boidNo = 6
boid Wall No = 0
position = = (3.9, -2.3, -8.9)
Boid Radius= 10
Boid Frame=
 -0.71019	0.39462	-0.58302	3.94618
-0.69102	-0.23235	0.68448	-2.32351
-0.13464	-0.88898	-0.43770	-8.88982
0.00000	0.00000	0.00000	1.00000

boidNo = 7
boid Wall No = 0
position = = (7.1, -5.8, 4.1)
Boid Radius= 9.999999
Boid Frame=
 0.21092	0.70769	0.67431	7.07687
-0.37743	-0.57737	0.72401	-5.77369
-0.90170	0.40722	-0.14533	4.07215
0.00000	0.00000	0.00000	1.00000

boidNo = 8
boid Wall No = 1
position = = (-0.8, 10.0, -0.6)
Boid Radius= 10
Boid Frame=
 -0.08977	-0.07770	0.99293	-0.77702
0.04921	0.99539	0.08234	9.95388
0.99475	-0.05625	0.08553	-0.56252
0.00000	0.00000	0.00000	1.00000

boidNo = 9
boid Wall No = 1
position = = (1.9, 7.7, -6.0)
Boid Radius= 9.999999
Boid Frame=
 -0.81032	0.18594	-0.55570	1.85944
-0.22723	0.77442	0.59047	7.74416
-0.54014	-0.60474	0.58527	-6.04736
0.00000	0.00000	0.00000	1.00000

boidNo = 10
boid Wall No = 1
position = = (-9.0, 2.1, 3.8)
Boid Radius= 10
Boid Frame=
 0.15411	-0.90201	0.40328	-9.02007
-0.66475	0.20731	0.71773	2.07310
0.73100	0.37869	0.56766	3.78690
0.00000	0.00000	0.00000	1.00000

boidNo = 11
boid Wall No = 0
position = = (7.5, -4.7, -4.7)
Boid Radius= 10
Boid Frame=
 -0.66413	0.74519	0.06018	7.45191
-0.45809	-0.46922	0.75497	-4.69224
-0.59084	-0.47383	-0.65299	-4.73835
0.00000	0.00000	0.00000	1.00000

boidNo = 12
boid Wall No = 1
position = = (3.5, 5.9, 7.3)
Boid Radius= 10
Boid Frame=
 0.89393	0.35081	0.27897	3.50811
-0.44250	0.59170	0.67386	5.91697
-0.07133	0.72583	-0.68417	7.25828
0.00000	0.00000	0.00000	1.00000

boidNo = 13
boid Wall No = 0
position = = (1.4, -9.5, 2.8)
Boid Radius= 10
Boid Frame=
 0.97283	0.13795	-0.18593	1.37954
0.18279	-0.95053	0.25114	-9.50534
0.14208	0.27830	0.94993	2.78305
0.00000	0.00000	0.00000	1.00000

boidNo = 14
boid Wall No = 0
position = = (4.6, -6.0, -6.5)
Boid Radius= 10
Boid Frame=
 -0.88150	0.46448	-0.08501	4.64476
-0.38504	-0.60283	0.69881	-6.02831
-0.27333	-0.64874	-0.71023	-6.48735
0.00000	0.00000	0.00000	1.00000

