Iteration Num of Simuation:0
m_SimulationDeltaT of action plan:0
boidNo = 0
boid Wall No = 1
position = = (-3.6, 9.0, -2.5)
Boid Radius= 9.999999
Boid Frame=
 -0.63686	-0.35959	0.68199	-3.59589
-0.04110	0.89915	0.43571	8.99147
0.76988	-0.24946	0.58741	-2.49462
0.00000	0.00000	0.00000	1.00000

boidNo = 1
boid Wall No = 1
position = = (-9.1, 4.0, 1.3)
Boid Radius= 10
Boid Frame=
 -0.17382	-0.90668	0.38435	-9.06675
-0.63109	0.40217	0.66331	4.02174
0.75598	0.12726	0.64210	1.27264
0.00000	0.00000	0.00000	1.00000

boidNo = 2
boid Wall No = 1
position = = (9.0, 2.3, 3.7)
Boid Radius= 10
Boid Frame=
 0.42699	0.89906	0.09676	8.99065
-0.64568	0.22823	0.72871	2.28225
-0.63307	0.37363	-0.67795	3.73626
0.00000	0.00000	0.00000	1.00000

boidNo = 3
boid Wall No = 0
position = = (-1.1, -9.7, 1.9)
Boid Radius= 10
Boid Frame=
 0.51359	-0.11419	-0.85040	-1.14188
0.10641	-0.97498	0.19518	-9.74977
0.85141	0.19074	0.48859	1.90737
0.00000	0.00000	0.00000	1.00000

boidNo = 4
boid Wall No = 1
position = = (2.1, 9.8, 0.3)
Boid Radius= 10
Boid Frame=
 -0.16564	0.21423	-0.96264	2.14234
0.06540	0.97636	0.20603	9.76357
-0.98401	0.02883	0.17574	0.28831
0.00000	0.00000	0.00000	1.00000

boidNo = 5
boid Wall No = 1
position = = (-7.7, 5.7, 3.0)
Boid Radius= 10
Boid Frame=
 -0.01024	-0.76844	0.63983	-7.68445
-0.47638	0.56634	0.67255	5.66336
0.87918	0.29792	0.37187	2.97921
0.00000	0.00000	0.00000	1.00000

boidNo = 6
boid Wall No = 0
position = = (3.1, -8.1, 5.0)
Boid Radius= 10
Boid Frame=
 0.86486	0.30726	0.39699	3.07259
0.01851	-0.80979	0.58643	-8.09787
-0.50167	0.49984	0.70604	4.99837
0.00000	0.00000	0.00000	1.00000

boidNo = 7
boid Wall No = 1
position = = (7.9, 5.3, 3.0)
Boid Radius= 10
Boid Frame=
 0.59651	0.79139	-0.13372	7.91388
-0.56760	0.53375	0.62685	5.33747
-0.56746	0.29803	-0.76758	2.98026
0.00000	0.00000	0.00000	1.00000

boidNo = 8
boid Wall No = 1
position = = (6.5, 1.6, 7.4)
Boid Radius= 10
Boid Frame=
 0.62557	0.64843	0.43382	6.48427
-0.66956	0.16082	0.72514	1.60823
-0.40043	0.74410	-0.53477	7.44096
0.00000	0.00000	0.00000	1.00000

boidNo = 9
boid Wall No = 0
position = = (3.8, -7.8, -5.1)
Boid Radius= 10
Boid Frame=
 -0.84452	0.37640	0.38093	3.76401
-0.06190	-0.77516	0.62872	-7.75164
-0.53193	-0.50739	-0.67794	-5.07388
0.00000	0.00000	0.00000	1.00000

boidNo = 10
boid Wall No = 1
position = = (5.5, 0.3, -8.3)
Boid Radius= 10
Boid Frame=
 -0.58993	0.55352	-0.58787	5.53523
-0.69319	0.02619	0.72028	0.26193
-0.41409	-0.83242	-0.36824	-8.32422
0.00000	0.00000	0.00000	1.00000

boidNo = 11
boid Wall No = 1
position = = (5.7, 0.8, -8.2)
Boid Radius= 10
Boid Frame=
 -0.56793	0.57103	-0.59278	5.71030
-0.68037	0.07960	0.72853	0.79600
-0.46320	-0.81706	-0.34331	-8.17061
0.00000	0.00000	0.00000	1.00000

boidNo = 12
boid Wall No = 1
position = = (-1.8, 9.4, -2.8)
Boid Radius= 10
Boid Frame=
 -0.88891	-0.17578	0.42301	-1.75777
-0.03011	0.94387	0.32895	9.43866
0.45708	-0.27968	0.84431	-2.79676
0.00000	0.00000	0.00000	1.00000

boidNo = 13
boid Wall No = 1
position = = (-0.3, 6.8, -7.4)
Boid Radius= 10
Boid Frame=
 -0.90713	-0.02693	-0.41999	-0.26932
-0.32559	0.67721	0.65983	6.77214
-0.26665	-0.73529	0.62309	-7.35293
0.00000	0.00000	0.00000	1.00000

boidNo = 14
boid Wall No = 0
position = = (-3.1, -6.9, -6.5)
Boid Radius= 10
Boid Frame=
 -0.79385	-0.31328	-0.52121	-3.13281
-0.18451	-0.69259	0.69733	-6.92593
0.57944	-0.64975	-0.49201	-6.49747
0.00000	0.00000	0.00000	1.00000

