Iteration Num of Simuation:0
m_SimulationDeltaT of action plan:0
boidNo = 0
boid Wall No = 0
position = = (7.0, -7.1, 1.0)
Boid Radius= 10
Boid Frame=
 -0.17568	0.70123	0.69095	7.01233
-0.31265	-0.70527	0.63628	-7.05270
-0.93348	0.10424	-0.34314	1.04244
0.00000	0.00000	0.00000	1.00000

boidNo = 1
boid Wall No = 1
position = = (7.9, 5.4, 2.9)
Boid Radius= 10
Boid Frame=
 0.57667	0.78899	-0.21201	7.88989
-0.48932	0.54137	0.68373	5.41365
-0.65423	0.29055	-0.69826	2.90550
0.00000	0.00000	0.00000	1.00000

boidNo = 2
boid Wall No = 1
position = = (3.6, 8.6, -3.7)
Boid Radius= 10
Boid Frame=
 -0.33083	0.36118	-0.87184	3.61178
-0.24895	0.85773	0.44980	8.57732
-0.91026	-0.36585	0.19384	-3.65850
0.00000	0.00000	0.00000	1.00000

boidNo = 3
boid Wall No = 1
position = = (2.7, 9.6, 1.0)
Boid Radius= 10
Boid Frame=
 0.93776	0.26592	-0.22338	2.65920
-0.23278	0.95861	0.16394	9.58612
-0.25773	0.10174	-0.96085	1.01737
0.00000	0.00000	0.00000	1.00000

boidNo = 4
boid Wall No = 0
position = = (-4.2, -8.1, -4.1)
Boid Radius= 10
Boid Frame=
 -0.71212	-0.42001	-0.56256	-4.20013
0.01327	-0.80922	0.58736	-8.09216
0.70194	-0.41080	-0.58183	-4.10802
0.00000	0.00000	0.00000	1.00000

boidNo = 5
boid Wall No = 1
position = = (10.0, 0.3, 0.7)
Boid Radius= 10
Boid Frame=
 0.06960	0.99726	0.02513	9.97258
-0.64244	0.02554	0.76591	0.25542
-0.76317	0.06945	-0.64246	0.69453
0.00000	0.00000	0.00000	1.00000

boidNo = 6
boid Wall No = 1
position = = (4.6, 8.8, 0.5)
Boid Radius= 10
Boid Frame=
 0.70831	0.46376	-0.53219	4.63763
-0.33975	0.88481	0.31886	8.84814
-0.61877	0.04504	-0.78428	0.45042
0.00000	0.00000	0.00000	1.00000

boidNo = 7
boid Wall No = 1
position = = (-2.1, 9.4, 2.5)
Boid Radius= 10
Boid Frame=
 -0.03022	-0.20921	0.97740	-2.09208
-0.26670	0.94409	0.19383	9.44087
0.96331	0.25482	0.08433	2.54818
0.00000	0.00000	0.00000	1.00000

boidNo = 8
boid Wall No = 0
position = = (-7.1, -6.6, -2.6)
Boid Radius= 10
Boid Frame=
 -0.14146	-0.70902	-0.69085	-7.09022
-0.22752	-0.65590	0.71974	-6.55902
0.96344	-0.25900	0.06853	-2.58998
0.00000	0.00000	0.00000	1.00000

boidNo = 9
boid Wall No = 1
position = = (-7.1, 6.4, 2.9)
Boid Radius= 10
Boid Frame=
 -0.16463	-0.71006	0.68463	-7.10060
-0.55513	0.64043	0.53074	6.40433
0.81531	0.29268	0.49961	2.92679
0.00000	0.00000	0.00000	1.00000

boidNo = 10
boid Wall No = 0
position = = (-1.8, -9.5, -2.4)
Boid Radius= 10
Boid Frame=
 -0.76354	-0.18030	-0.62008	-1.80296
-0.01527	-0.95492	0.29646	-9.54924
0.64558	-0.23582	-0.72637	-2.35825
0.00000	0.00000	0.00000	1.00000

boidNo = 11
boid Wall No = 0
position = = (4.2, -9.1, -0.3)
Boid Radius= 10
Boid Frame=
 0.27298	0.42077	0.86512	4.20767
0.15351	-0.90681	0.39260	-9.06807
-0.94969	-0.02563	0.31213	-0.25630
0.00000	0.00000	0.00000	1.00000

boidNo = 12
boid Wall No = 0
position = = (-8.3, -3.0, 4.7)
Boid Radius= 10
Boid Frame=
 0.52727	-0.83040	0.18007	-8.30398
-0.69112	-0.29584	0.65942	-2.95843
0.49431	0.47214	0.72989	4.72140
0.00000	0.00000	0.00000	1.00000

boidNo = 13
boid Wall No = 0
position = = (-0.1, -10.0, 0.4)
Boid Radius= 10
Boid Frame=
 0.96704	-0.00882	-0.25446	-0.08817
0.00090	-0.99928	0.03803	-9.99276
0.25462	0.03701	0.96633	0.37008
0.00000	0.00000	0.00000	1.00000

boidNo = 14
boid Wall No = 1
position = = (-1.3, 9.7, -2.2)
Boid Radius= 10
Boid Frame=
 -0.77804	-0.13455	0.61364	-1.34548
0.03259	0.96684	0.25331	9.66837
0.62737	-0.21708	0.74785	-2.17079
0.00000	0.00000	0.00000	1.00000

boidNo = 15
boid Wall No = 0
position = = (6.7, -6.6, 3.5)
Boid Radius= 10
Boid Frame=
 0.26959	0.66618	0.69535	6.66185
-0.22008	-0.66035	0.71798	-6.60355
-0.93749	0.34660	0.03141	3.46597
0.00000	0.00000	0.00000	1.00000

boidNo = 16
boid Wall No = 0
position = = (3.0, -8.8, -3.7)
Boid Radius= 10
Boid Frame=
 -0.65313	0.29952	0.69549	2.99519
0.09743	-0.87758	0.46943	-8.77576
-0.75095	-0.37436	-0.54399	-3.74364
0.00000	0.00000	0.00000	1.00000

boidNo = 17
boid Wall No = 1
position = = (-1.0, 8.3, -5.6)
Boid Radius= 10
Boid Frame=
 -0.98661	-0.09963	-0.12915	-0.99630
-0.15444	0.82536	0.54307	8.25361
-0.05249	-0.55575	0.82969	-5.55746
0.00000	0.00000	0.00000	1.00000

boidNo = 18
boid Wall No = 1
position = = (-3.4, 7.4, 5.8)
Boid Radius= 10
Boid Frame=
 0.66169	-0.33820	0.66916	-3.38202
-0.25216	0.74012	0.62341	7.40118
0.70610	0.58124	-0.40445	5.81244
0.00000	0.00000	0.00000	1.00000

boidNo = 19
boid Wall No = 1
position = = (1.2, 9.9, 0.3)
Boid Radius= 10
Boid Frame=
 0.01301	0.12162	-0.99249	1.21620
0.03239	0.99200	0.12199	9.92003
-0.99939	0.03373	-0.00897	0.33729
0.00000	0.00000	0.00000	1.00000

