Iteration Num of Simuation:0
m_SimulationDeltaT of action plan:0
boidNo = 0
boid Wall No = 1
position = = (-5.9, 3.2, 7.4)
Boid Radius= 10
Boid Frame=
 0.45335	-0.58581	0.67179	-5.85805
-0.62942	0.32325	0.70664	3.23254
0.63111	0.74320	0.22217	7.43196
0.00000	0.00000	0.00000	1.00000

boidNo = 1
boid Wall No = 1
position = = (1.0, 9.0, -4.2)
Boid Radius= 10
Boid Frame=
 -0.93033	0.10497	-0.35139	1.04971
-0.06002	0.90165	0.42828	9.01652
-0.36178	-0.41953	0.83253	-4.19529
0.00000	0.00000	0.00000	1.00000

boidNo = 2
boid Wall No = 1
position = = (-0.8, 2.3, 9.7)
Boid Radius= 10
Boid Frame=
 0.70924	-0.08115	0.70028	-0.81155
-0.66982	0.23219	0.70529	2.32188
0.21983	0.96928	-0.11032	9.69279
0.00000	0.00000	0.00000	1.00000

boidNo = 3
boid Wall No = 1
position = = (6.0, 7.1, -3.8)
Boid Radius= 10
Boid Frame=
 -0.15357	0.59893	-0.78594	5.98926
-0.36002	0.70680	0.60896	7.06795
-0.92022	-0.37647	-0.10708	-3.76469
0.00000	0.00000	0.00000	1.00000

boidNo = 4
boid Wall No = 1
position = = (0.8, 9.9, -1.4)
Boid Radius= 10
Boid Frame=
 -0.94965	0.08295	-0.30213	0.82947
0.03570	0.98669	0.15867	9.86686
-0.31127	-0.13989	0.93997	-1.39894
0.00000	0.00000	0.00000	1.00000

boidNo = 5
boid Wall No = 1
position = = (-0.1, 9.9, -1.1)
Boid Radius= 10
Boid Frame=
 -0.83075	-0.01355	0.55649	-0.13553
0.04773	0.99429	0.09547	9.94287
0.55460	-0.10587	0.82535	-1.05872
0.00000	0.00000	0.00000	1.00000

boidNo = 6
boid Wall No = 1
position = = (-0.5, 10.0, -0.7)
Boid Radius= 10
Boid Frame=
 -0.39311	-0.04669	0.91831	-0.46692
0.04605	0.99646	0.07038	9.96457
0.91834	-0.06995	0.38957	-0.69952
0.00000	0.00000	0.00000	1.00000

boidNo = 7
boid Wall No = 1
position = = (-0.4, 9.8, 2.2)
Boid Radius= 10
Boid Frame=
 0.99825	-0.04049	-0.04321	-0.40492
0.04887	0.97538	0.21505	9.75379
-0.03344	0.21679	-0.97565	2.16785
0.00000	0.00000	0.00000	1.00000

boidNo = 8
boid Wall No = 1
position = = (9.7, 0.5, 2.4)
Boid Radius= 10
Boid Frame=
 0.20326	0.96845	0.14420	9.68448
-0.71796	0.04728	0.69448	0.47278
-0.66575	0.24469	-0.70491	2.44692
0.00000	0.00000	0.00000	1.00000

boidNo = 9
boid Wall No = 0
position = = (2.9, -4.2, 8.6)
Boid Radius= 10
Boid Frame=
 0.53212	0.28843	0.79602	2.88428
-0.67928	-0.41579	0.60474	-4.15785
-0.50540	0.86251	0.02533	8.62515
0.00000	0.00000	0.00000	1.00000

boidNo = 10
boid Wall No = 1
position = = (-1.5, 6.6, -7.3)
Boid Radius= 10
Boid Frame=
 -0.90523	-0.14554	-0.39923	-1.45535
-0.38881	0.66272	0.64002	6.62717
-0.17143	-0.73459	0.65650	-7.34592
0.00000	0.00000	0.00000	1.00000

boidNo = 11
boid Wall No = 0
position = = (-9.2, -3.2, -2.4)
Boid Radius= 10
Boid Frame=
 0.00447	-0.91587	-0.40146	-9.15866
-0.59569	-0.32490	0.73457	-3.24901
0.80321	-0.23586	0.54702	-2.35859
0.00000	0.00000	0.00000	1.00000

boidNo = 12
boid Wall No = 1
position = = (7.6, 6.0, -2.3)
Boid Radius= 10
Boid Frame=
 0.42016	0.76219	-0.49248	7.62185
-0.73510	0.60409	0.30775	6.04085
-0.53207	-0.23271	-0.81410	-2.32713
0.00000	0.00000	0.00000	1.00000

boidNo = 13
boid Wall No = 0
position = = (-5.8, -3.0, 7.6)
Boid Radius= 10
Boid Frame=
 0.69335	-0.58117	0.42604	-5.81170
-0.66995	-0.30214	0.67814	-3.02144
0.26539	0.75561	0.59885	7.55613
0.00000	0.00000	0.00000	1.00000

boidNo = 14
boid Wall No = 0
position = = (2.0, -9.8, 1.0)
Boid Radius= 10
Boid Frame=
 0.84160	0.19949	0.50190	1.99486
0.12066	-0.97525	0.18530	-9.75247
-0.52644	0.09539	0.84484	0.95387
0.00000	0.00000	0.00000	1.00000

