Iteration Num of Simuation:0
m_SimulationDeltaT of action plan:0
boidNo = 0
boid Wall No = 0
position = = (3.2, -6.4, 7.0)
Boid Radius= 10
Boid Frame=
 0.05472	0.31648	0.94702	3.16477
-0.72198	-0.64263	0.25647	-6.42630
-0.68975	0.69776	-0.19332	6.97760
0.00000	0.00000	0.00000	1.00000

boidNo = 1
boid Wall No = 0
position = = (-1.4, -8.0, 5.8)
Boid Radius= 10
Boid Frame=
 0.97397	-0.13603	-0.18132	-1.36025
-0.00009	-0.80016	0.59979	-8.00155
0.22667	0.58417	0.77934	5.84165
0.00000	0.00000	0.00000	1.00000

boidNo = 2
boid Wall No = 0
position = = (-3.0, -7.7, 5.7)
Boid Radius= 10
Boid Frame=
 0.91885	-0.29672	-0.26013	-2.96724
-0.06586	-0.76530	0.64030	-7.65296
0.38907	0.57121	0.72274	5.71207
0.00000	0.00000	0.00000	1.00000

boidNo = 3
boid Wall No = 0
position = = (2.2, -7.8, 5.9)
Boid Radius= 10
Boid Frame=
 0.74865	0.21715	0.62639	2.17153
-0.25725	-0.77566	0.57635	-7.75656
-0.61102	0.59262	0.52483	5.92623
0.00000	0.00000	0.00000	1.00000

boidNo = 4
boid Wall No = 0
position = = (6.8, -5.5, -4.9)
Boid Radius= 10
Boid Frame=
 -0.72043	0.68316	0.11948	6.83161
-0.39422	-0.54513	0.73988	-5.45128
-0.57059	-0.48593	-0.66204	-4.85929
0.00000	0.00000	0.00000	1.00000

boidNo = 5
boid Wall No = 1
position = = (-4.4, 8.9, -1.0)
Boid Radius= 10
Boid Frame=
 -0.42811	-0.44003	0.78937	-4.40027
-0.11222	0.89258	0.43670	8.92580
0.89673	-0.09837	0.43150	-0.98371
0.00000	0.00000	0.00000	1.00000

boidNo = 6
boid Wall No = 1
position = = (-6.7, 7.2, 1.5)
Boid Radius= 10
Boid Frame=
 -0.08734	-0.67327	0.73422	-6.73273
-0.27437	0.72479	0.63199	7.24786
0.95765	0.14625	0.24803	1.46248
0.00000	0.00000	0.00000	1.00000

boidNo = 7
boid Wall No = 0
position = = (-2.4, -9.4, -2.5)
Boid Radius= 10
Boid Frame=
 -0.82543	-0.24110	0.51043	-2.41101
0.33303	-0.93807	0.09545	-9.38074
-0.45581	-0.24877	-0.85461	-2.48774
0.00000	0.00000	0.00000	1.00000

boidNo = 8
boid Wall No = 1
position = = (3.6, 8.9, 2.8)
Boid Radius= 10
Boid Frame=
 0.79052	0.35720	-0.49748	3.57195
-0.12601	0.88979	0.43863	8.89787
-0.59933	0.28406	-0.74841	2.84061
0.00000	0.00000	0.00000	1.00000

boidNo = 9
boid Wall No = 1
position = = (-1.1, 3.9, 9.1)
Boid Radius= 10
Boid Frame=
 0.68059	-0.10837	0.72460	-1.08373
-0.64018	0.39302	0.66008	3.93022
0.35632	0.91312	-0.19811	9.13121
0.00000	0.00000	0.00000	1.00000

boidNo = 10
boid Wall No = 1
position = = (3.5, 8.9, 3.0)
Boid Radius= 10
Boid Frame=
 0.71065	0.35217	-0.60906	3.52165
-0.04798	0.88795	0.45743	8.87948
-0.70190	0.29585	-0.64792	2.95852
0.00000	0.00000	0.00000	1.00000

boidNo = 11
boid Wall No = 0
position = = (4.8, -6.0, -6.4)
Boid Radius= 10
Boid Frame=
 -0.87453	0.48488	0.00972	4.84883
-0.32314	-0.59753	0.73385	-5.97531
-0.36164	-0.63863	-0.67924	-6.38628
0.00000	0.00000	0.00000	1.00000

boidNo = 12
boid Wall No = 0
position = = (4.7, -2.8, -8.4)
Boid Radius= 10
Boid Frame=
 -0.62663	0.47137	-0.62060	4.71371
-0.77345	-0.27859	0.56936	-2.78590
-0.09548	-0.83678	-0.53915	-8.36778
0.00000	0.00000	0.00000	1.00000

boidNo = 13
boid Wall No = 0
position = = (-1.5, -9.3, 3.2)
Boid Radius= 10
Boid Frame=
 0.98601	-0.14857	0.07557	-1.48565
-0.16500	-0.93423	0.31622	-9.34227
-0.02362	0.32427	0.94567	3.24265
0.00000	0.00000	0.00000	1.00000

boidNo = 14
boid Wall No = 1
position = = (-5.8, 8.1, -1.2)
Boid Radius= 10
Boid Frame=
 -0.45387	-0.57527	0.68049	-5.75270
-0.19620	0.80945	0.55343	8.09455
0.86920	-0.11767	0.48026	-1.17673
0.00000	0.00000	0.00000	1.00000

boidNo = 15
boid Wall No = 1
position = = (1.4, 1.7, 9.8)
Boid Radius= 10
Boid Frame=
 0.67963	0.13887	0.72029	1.38872
-0.73282	0.17261	0.65817	1.72608
0.03293	0.97515	-0.21908	9.75152
0.00000	0.00000	0.00000	1.00000

boidNo = 16
boid Wall No = 0
position = = (0.0, -9.9, 1.6)
Boid Radius= 10
Boid Frame=
 0.97658	-0.00482	0.21509	-0.04816
-0.03914	-0.98704	0.15562	-9.87042
-0.21156	0.16039	0.96411	1.60394
0.00000	0.00000	0.00000	1.00000

boidNo = 17
boid Wall No = 0
position = = (-5.9, -4.3, 6.8)
Boid Radius= 10
Boid Frame=
 0.79445	-0.59364	0.12823	-5.93637
-0.44510	-0.42547	0.78795	-4.25471
0.41320	0.68306	0.60224	6.83060
0.00000	0.00000	0.00000	1.00000

boidNo = 18
boid Wall No = 0
position = = (-2.9, -9.1, -3.0)
Boid Radius= 10
Boid Frame=
 -0.67689	-0.28772	-0.67753	-2.87715
-0.03243	-0.90790	0.41794	-9.07897
0.73537	-0.30487	-0.60522	-3.04866
0.00000	0.00000	0.00000	1.00000

boidNo = 19
boid Wall No = 1
position = = (5.5, 8.3, 1.3)
Boid Radius= 10
Boid Frame=
 0.42996	0.54820	-0.71737	5.48198
-0.14127	0.82562	0.54625	8.25622
-0.89173	0.13352	-0.43243	1.33523
0.00000	0.00000	0.00000	1.00000

