Iteration Num of Simuation:0
m_SimulationDeltaT of action plan:0
boidNo = 0
boid Wall No = 0
position = = (1.7, -9.9, 0.0)
Boid Radius= 10
Boid Frame=
 -0.08856	0.17105	0.98127	1.71048
-0.02028	-0.98525	0.16991	-9.85251
-0.99586	0.00485	-0.09072	0.04851
0.00000	0.00000	0.00000	1.00000

boidNo = 1
boid Wall No = 1
position = = (4.0, 8.3, 3.9)
Boid Radius= 10
Boid Frame=
 0.91834	0.39543	-0.01675	3.95429
-0.34925	0.82955	0.43575	8.29548
-0.18620	0.39432	-0.89991	3.94318
0.00000	0.00000	0.00000	1.00000

boidNo = 2
boid Wall No = 0
position = = (2.7, -9.6, -1.0)
Boid Radius= 10
Boid Frame=
 -0.53064	0.27379	0.80216	2.73792
-0.06316	-0.95653	0.28470	-9.56533
-0.84524	-0.10041	-0.52487	-1.00414
0.00000	0.00000	0.00000	1.00000

boidNo = 3
boid Wall No = 0
position = = (2.5, -9.6, 1.6)
Boid Radius= 10
Boid Frame=
 0.62628	0.24899	0.73876	2.48992
0.03291	-0.95522	0.29405	-9.55224
-0.77890	0.15985	0.60644	1.59846
0.00000	0.00000	0.00000	1.00000

boidNo = 4
boid Wall No = 1
position = = (8.1, 5.8, -1.3)
Boid Radius= 10
Boid Frame=
 0.25373	0.80749	-0.53253	8.07486
-0.53230	0.57625	0.62016	5.76250
-0.80764	-0.12611	-0.57604	-1.26106
0.00000	0.00000	0.00000	1.00000

boidNo = 5
boid Wall No = 0
position = = (3.2, -8.9, -3.3)
Boid Radius= 10
Boid Frame=
 -0.57263	0.32230	0.75380	3.22301
0.09895	-0.88559	0.45381	-8.85586
-0.81382	-0.33445	-0.47522	-3.34454
0.00000	0.00000	0.00000	1.00000

boidNo = 6
boid Wall No = 1
position = = (-5.1, 5.7, 6.5)
Boid Radius= 10
Boid Frame=
 0.07489	-0.51052	0.85660	-5.10520
-0.71857	0.56797	0.40133	5.67970
0.69141	0.64558	0.32431	6.45584
0.00000	0.00000	0.00000	1.00000

boidNo = 7
boid Wall No = 0
position = = (-4.5, -0.3, -8.9)
Boid Radius= 10
Boid Frame=
 -0.68923	-0.45459	-0.56419	-4.54590
-0.62079	-0.03102	0.78337	-0.31017
0.37361	-0.89016	0.26083	-8.90161
0.00000	0.00000	0.00000	1.00000

boidNo = 8
boid Wall No = 0
position = = (-7.7, -4.3, 4.7)
Boid Radius= 10
Boid Frame=
 0.63746	-0.76836	-0.05707	-7.68365
-0.45081	-0.43202	0.78110	-4.32024
0.62483	0.47220	0.62179	4.72198
0.00000	0.00000	0.00000	1.00000

boidNo = 9
boid Wall No = 0
position = = (-6.1, -6.8, 4.1)
Boid Radius= 10
Boid Frame=
 0.47752	-0.60667	0.63555	-6.06675
-0.72539	-0.68037	-0.10443	-6.80368
-0.49576	0.41115	0.76497	4.11152
0.00000	0.00000	0.00000	1.00000

boidNo = 10
boid Wall No = 0
position = = (0.4, -4.5, 8.9)
Boid Radius= 10
Boid Frame=
 0.68283	0.04107	0.72942	0.41067
-0.63783	-0.45334	0.62262	-4.53338
-0.35624	0.89039	0.28336	8.90392
0.00000	0.00000	0.00000	1.00000

boidNo = 11
boid Wall No = 1
position = = (-8.1, 5.1, -3.0)
Boid Radius= 9.999999
Boid Frame=
 -0.54692	-0.81003	0.21147	-8.10034
-0.47100	0.50655	0.72220	5.06551
0.69213	-0.29538	0.65857	-2.95383
0.00000	0.00000	0.00000	1.00000

boidNo = 12
boid Wall No = 1
position = = (-3.9, 6.6, -6.4)
Boid Radius= 10
Boid Frame=
 -0.91724	-0.39066	-0.07780	-3.90664
-0.33910	0.66333	0.66709	6.63326
0.20900	-0.63826	0.74090	-6.38263
0.00000	0.00000	0.00000	1.00000

boidNo = 13
boid Wall No = 0
position = = (-0.4, -9.6, -2.6)
Boid Radius= 10
Boid Frame=
 -0.99426	-0.03750	0.10024	-0.37502
0.06214	-0.96483	0.25541	-9.64833
-0.08714	-0.26018	-0.96162	-2.60176
0.00000	0.00000	0.00000	1.00000

boidNo = 14
boid Wall No = 0
position = = (-4.9, -8.1, -3.3)
Boid Radius= 10
Boid Frame=
 -0.58148	-0.48732	-0.65146	-4.87321
0.01773	-0.80815	0.58871	-8.08148
0.81336	-0.33078	-0.47856	-3.30778
0.00000	0.00000	0.00000	1.00000

boidNo = 15
boid Wall No = 0
position = = (-1.5, -9.8, 1.4)
Boid Radius= 10
Boid Frame=
 0.74602	-0.15276	-0.64817	-1.52764
-0.02294	-0.97865	0.20426	-9.78649
0.66553	0.13751	0.73359	1.37512
0.00000	0.00000	0.00000	1.00000

boidNo = 16
boid Wall No = 0
position = = (6.5, -7.6, 0.4)
Boid Radius= 10
Boid Frame=
 -0.12823	0.65289	0.74652	6.52889
-0.15600	-0.75664	0.63495	-7.56643
-0.97940	0.03504	-0.19887	0.35038
0.00000	0.00000	0.00000	1.00000

boidNo = 17
boid Wall No = 1
position = = (-1.2, 6.8, -7.2)
Boid Radius= 9.999999
Boid Frame=
 -0.89341	-0.11644	-0.43390	-1.16435
-0.38923	0.68291	0.61817	6.82912
-0.22434	-0.72116	0.65544	-7.21161
0.00000	0.00000	0.00000	1.00000

boidNo = 18
boid Wall No = 0
position = = (-5.6, -2.4, -7.9)
Boid Radius= 10
Boid Frame=
 -0.42928	-0.56164	-0.70730	-5.61642
-0.73240	-0.24178	0.63650	-2.41781
0.52850	-0.79126	0.30755	-7.91265
0.00000	0.00000	0.00000	1.00000

boidNo = 19
boid Wall No = 1
position = = (2.2, 9.7, 0.8)
Boid Radius= 9.999999
Boid Frame=
 0.11206	0.21500	-0.97016	2.15000
0.05332	0.97361	0.22192	9.73606
-0.99227	0.07660	-0.09764	0.76597
0.00000	0.00000	0.00000	1.00000

