Iteration Num of Simuation:0
m_SimulationDeltaT of action plan:0
boidNo = 0
boid Wall No = 0
position = = (3.0, -1.7, 9.4)
Boid Radius= 10
Boid Frame=
 0.68964	0.30189	0.65823	3.01893
-0.63988	-0.17153	0.74909	-1.71527
-0.33905	0.93778	-0.07488	9.37784
0.00000	0.00000	0.00000	1.00000

boidNo = 1
boid Wall No = 0
position = = (3.6, -5.7, -7.4)
Boid Radius= 10
Boid Frame=
 -0.91955	0.36080	-0.15575	3.60803
-0.35026	-0.57276	0.74112	-5.72761
-0.17819	-0.73605	-0.65306	-7.36048
0.00000	0.00000	0.00000	1.00000

boidNo = 2
boid Wall No = 0
position = = (-5.5, -7.2, 4.2)
Boid Radius= 10
Boid Frame=
 0.72298	-0.55469	-0.41184	-5.54692
-0.16354	-0.71659	0.67805	-7.16590
0.67123	0.42287	0.60880	4.22866
0.00000	0.00000	0.00000	1.00000

boidNo = 3
boid Wall No = 1
position = = (3.2, 9.3, 2.0)
Boid Radius= 10
Boid Frame=
 0.48888	0.32384	-0.81001	3.23842
0.01317	0.92569	0.37804	9.25695
-0.87225	0.19549	-0.44829	1.95487
0.00000	0.00000	0.00000	1.00000

boidNo = 4
boid Wall No = 1
position = = (-8.2, 3.0, 4.9)
Boid Radius= 10
Boid Frame=
 0.21138	-0.81665	0.53702	-8.16655
-0.64181	0.29840	0.70642	2.98404
0.73715	0.49399	0.46106	4.93994
0.00000	0.00000	0.00000	1.00000

boidNo = 5
boid Wall No = 1
position = = (3.0, 9.4, -1.8)
Boid Radius= 10
Boid Frame=
 -0.57405	0.30236	-0.76095	3.02356
0.02658	0.93572	0.35175	9.35717
-0.81839	-0.18170	0.54518	-1.81698
0.00000	0.00000	0.00000	1.00000

boidNo = 6
boid Wall No = 0
position = = (1.8, -9.8, -1.1)
Boid Radius= 10
Boid Frame=
 -0.05004	0.17532	0.98324	1.75318
0.10730	-0.97783	0.17981	-9.77831
-0.99297	-0.11450	-0.03011	-1.14504
0.00000	0.00000	0.00000	1.00000

boidNo = 7
boid Wall No = 0
position = = (-1.3, -9.5, -2.9)
Boid Radius= 10
Boid Frame=
 -0.98987	-0.13336	0.04873	-1.33364
0.14174	-0.94855	0.28313	-9.48551
-0.00847	-0.28717	-0.95784	-2.87166
0.00000	0.00000	0.00000	1.00000

boidNo = 8
boid Wall No = 0
position = = (2.4, -9.4, -2.5)
Boid Radius= 10
Boid Frame=
 -0.54570	0.23758	0.80360	2.37585
0.08598	-0.93803	0.33572	-9.38031
-0.83356	-0.25229	-0.49145	-2.52293
0.00000	0.00000	0.00000	1.00000

boidNo = 9
boid Wall No = 1
position = = (8.0, 3.7, -4.7)
Boid Radius= 10
Boid Frame=
 -0.18446	0.80157	-0.56874	8.01567
-0.58916	0.37299	0.71677	3.72992
-0.78668	-0.46730	-0.40345	-4.67298
0.00000	0.00000	0.00000	1.00000

boidNo = 10
boid Wall No = 1
position = = (8.1, 5.9, -0.4)
Boid Radius= 10
Boid Frame=
 0.27168	0.80605	-0.52580	8.06054
-0.42925	0.59049	0.68343	5.90487
-0.86136	-0.04003	-0.50642	-0.40028
0.00000	0.00000	0.00000	1.00000

boidNo = 11
boid Wall No = 0
position = = (-7.5, -6.1, 2.5)
Boid Radius= 10
Boid Frame=
 0.51204	-0.75084	-0.41720	-7.50839
-0.29347	-0.60940	0.73656	-6.09396
0.80728	0.25471	0.53238	2.54710
0.00000	0.00000	0.00000	1.00000

boidNo = 12
boid Wall No = 1
position = = (-4.3, 0.8, 9.0)
Boid Radius= 9.999999
Boid Frame=
 0.60552	-0.42790	0.67101	-4.27901
-0.71270	0.08361	0.69646	0.83613
0.35412	0.89995	0.25434	8.99950
0.00000	0.00000	0.00000	1.00000

boidNo = 13
boid Wall No = 0
position = = (4.8, -7.4, 4.7)
Boid Radius= 10
Boid Frame=
 0.59196	0.47588	0.65048	4.75881
-0.12551	-0.74280	0.65765	-7.42798
-0.79613	0.47094	0.37998	4.70944
0.00000	0.00000	0.00000	1.00000

boidNo = 14
boid Wall No = 0
position = = (2.9, -9.5, -1.4)
Boid Radius= 10
Boid Frame=
 -0.15494	0.28778	0.94508	2.87776
0.09563	-0.94777	0.30427	-9.47772
-0.98328	-0.13753	-0.11933	-1.37527
0.00000	0.00000	0.00000	1.00000

