Iteration Num of Simuation:0
m_SimulationDeltaT of action plan:0
boidNo = 0
boid Wall No = 0
position = = (-0.3, -8.2, -5.8)
Boid Radius= 10
Boid Frame=
 -0.99939	-0.02645	0.02266	-0.26446
0.03467	-0.81696	0.57565	-8.16962
-0.00329	-0.57608	-0.81738	-5.76085
0.00000	0.00000	0.00000	1.00000

boidNo = 1
boid Wall No = 0
position = = (-7.7, -6.1, 1.8)
Boid Radius= 10
Boid Frame=
 0.46044	-0.77193	-0.43831	-7.71929
-0.34243	-0.61001	0.71459	-6.10007
0.81898	0.17893	0.54521	1.78933
0.00000	0.00000	0.00000	1.00000

boidNo = 2
boid Wall No = 1
position = = (-6.6, 2.3, -7.2)
Boid Radius= 10
Boid Frame=
 -0.63951	-0.65619	-0.40055	-6.56186
-0.67343	0.22683	0.70359	2.26830
0.37083	-0.71970	0.58696	-7.19700
0.00000	0.00000	0.00000	1.00000

boidNo = 3
boid Wall No = 1
position = = (-5.9, 8.1, -0.2)
Boid Radius= 10
Boid Frame=
 -0.28371	-0.58928	0.75648	-5.89281
-0.17850	0.80756	0.56213	8.07558
0.94215	-0.02445	0.33430	-0.24448
0.00000	0.00000	0.00000	1.00000

boidNo = 4
boid Wall No = 0
position = = (2.1, -8.7, 4.5)
Boid Radius= 10
Boid Frame=
 0.96652	0.21428	0.14115	2.14279
0.12075	-0.86520	0.48666	-8.65204
-0.22640	0.45333	0.86211	4.53328
0.00000	0.00000	0.00000	1.00000

boidNo = 5
boid Wall No = 1
position = = (-6.5, 6.9, 3.1)
Boid Radius= 10
Boid Frame=
 0.08475	-0.65261	0.75294	-6.52613
-0.34487	0.68974	0.63665	6.89739
0.93482	0.31362	0.16661	3.13620
0.00000	0.00000	0.00000	1.00000

boidNo = 6
boid Wall No = 1
position = = (-2.2, 6.3, 7.4)
Boid Radius= 10
Boid Frame=
 0.71754	-0.22049	0.66070	-2.20489
-0.40956	0.63369	0.65627	6.33692
0.56338	0.74150	-0.36439	7.41498
0.00000	0.00000	0.00000	1.00000

boidNo = 7
boid Wall No = 1
position = = (-4.9, 3.7, -7.9)
Boid Radius= 10
Boid Frame=
 -0.76505	-0.49484	-0.41212	-4.94839
-0.61466	0.37023	0.69650	3.70231
0.19208	-0.78617	0.58740	-7.86170
0.00000	0.00000	0.00000	1.00000

boidNo = 8
boid Wall No = 1
position = = (3.7, 8.4, -3.9)
Boid Radius= 9.999999
Boid Frame=
 -0.57805	0.36931	-0.72764	3.69315
-0.12213	0.84252	0.52464	8.42519
-0.80681	-0.39213	0.44191	-3.92133
0.00000	0.00000	0.00000	1.00000

boidNo = 9
boid Wall No = 0
position = = (-1.5, -9.8, 1.7)
Boid Radius= 10
Boid Frame=
 0.04266	-0.14587	-0.98838	-1.45869
0.16169	-0.97523	0.15091	-9.75235
0.98592	0.16625	0.01801	1.66252
0.00000	0.00000	0.00000	1.00000

boidNo = 10
boid Wall No = 1
position = = (-9.1, 0.1, -4.2)
Boid Radius= 10
Boid Frame=
 -0.30049	-0.90907	-0.28861	-9.09071
-0.70711	0.00925	0.70705	0.09255
0.64008	-0.41654	0.64559	-4.16540
0.00000	0.00000	0.00000	1.00000

boidNo = 11
boid Wall No = 1
position = = (-8.6, 2.7, -4.4)
Boid Radius= 10
Boid Frame=
 -0.49445	-0.85840	-0.13665	-8.58397
-0.65961	0.26818	0.70213	2.68175
0.56606	-0.43731	0.69881	-4.37305
0.00000	0.00000	0.00000	1.00000

boidNo = 12
boid Wall No = 1
position = = (3.5, 9.3, -1.0)
Boid Radius= 10
Boid Frame=
 -0.33042	0.34552	-0.87832	3.45516
0.01827	0.93275	0.36006	9.32752
-0.94366	-0.10292	0.31451	-1.02921
0.00000	0.00000	0.00000	1.00000

boidNo = 13
boid Wall No = 0
position = = (-1.2, -8.4, -5.3)
Boid Radius= 9.999999
Boid Frame=
 -0.99213	-0.11905	-0.03891	-1.19049
0.07993	-0.84099	0.53511	-8.40991
0.09643	-0.52779	-0.84388	-5.27789
0.00000	0.00000	0.00000	1.00000

boidNo = 14
boid Wall No = 0
position = = (-5.1, -7.2, 4.8)
Boid Radius= 10
Boid Frame=
 0.78857	-0.50786	-0.34676	-5.07859
-0.16355	-0.71677	0.67786	-7.16772
0.59280	0.47783	0.64828	4.77826
0.00000	0.00000	0.00000	1.00000

