Iteration Num of Simuation:0
m_SimulationDeltaT of action plan:0
boidNo = 0
boid Wall No = 1
position = = (-4.3, 7.6, -4.9)
Boid Radius= 10
Boid Frame=
 -0.89860	-0.42527	0.10802	-4.25266
-0.28922	0.75922	0.58304	7.59221
0.32996	-0.49268	0.80523	-4.92679
0.00000	0.00000	0.00000	1.00000

boidNo = 1
boid Wall No = 0
position = = (-7.7, -4.4, 4.7)
Boid Radius= 10
Boid Frame=
 0.64178	-0.76617	0.03337	-7.66165
-0.56506	-0.44301	0.69602	-4.43005
0.51848	0.46555	0.71724	4.65550
0.00000	0.00000	0.00000	1.00000

boidNo = 2
boid Wall No = 0
position = = (-6.7, -3.2, -6.7)
Boid Radius= 10
Boid Frame=
 -0.40466	-0.66727	-0.62531	-6.67267
-0.59728	-0.32494	0.73326	-3.24937
0.69247	-0.67020	0.26706	-6.70202
0.00000	0.00000	0.00000	1.00000

boidNo = 3
boid Wall No = 1
position = = (-3.5, 0.8, -9.3)
Boid Radius= 10
Boid Frame=
 -0.71955	-0.34911	-0.60031	-3.49110
-0.66188	0.08317	0.74498	0.83171
0.21015	-0.93338	0.29092	-9.33384
0.00000	0.00000	0.00000	1.00000

boidNo = 4
boid Wall No = 1
position = = (-8.9, 0.9, -4.4)
Boid Radius= 10
Boid Frame=
 -0.36407	-0.89359	-0.26258	-8.93590
-0.72008	0.09126	0.68786	0.91258
0.59070	-0.43951	0.67668	-4.39511
0.00000	0.00000	0.00000	1.00000

boidNo = 5
boid Wall No = 0
position = = (1.4, -5.5, 8.3)
Boid Radius= 10
Boid Frame=
 0.80174	0.14072	0.58087	1.40721
-0.42636	-0.54643	0.72086	-5.46430
-0.41884	0.82560	0.37810	8.25598
0.00000	0.00000	0.00000	1.00000

boidNo = 6
boid Wall No = 1
position = = (0.6, 9.5, -3.1)
Boid Radius= 10
Boid Frame=
 -0.99795	0.05591	-0.03119	0.55906
0.04348	0.94949	0.31078	9.49487
-0.04699	-0.30879	0.94997	-3.08785
0.00000	0.00000	0.00000	1.00000

boidNo = 7
boid Wall No = 1
position = = (3.5, 0.1, 9.4)
Boid Radius= 10
Boid Frame=
 0.66572	0.34749	0.66036	3.47491
-0.70786	0.01403	0.70622	0.14034
-0.23614	0.93758	-0.25532	9.37578
0.00000	0.00000	0.00000	1.00000

boidNo = 8
boid Wall No = 0
position = = (4.0, -6.1, 6.8)
Boid Radius= 10
Boid Frame=
 0.68939	0.39889	0.60467	3.98894
-0.29182	-0.61106	0.73583	-6.11065
-0.66301	0.68373	0.30486	6.83728
0.00000	0.00000	0.00000	1.00000

boidNo = 9
boid Wall No = 0
position = = (-4.8, -3.0, 8.3)
Boid Radius= 10
Boid Frame=
 0.75230	-0.47645	0.45501	-4.76450
-0.62577	-0.30077	0.71969	-3.00767
0.20604	0.82616	0.52442	8.26156
0.00000	0.00000	0.00000	1.00000

boidNo = 10
boid Wall No = 1
position = = (-5.2, 8.5, -1.3)
Boid Radius= 10
Boid Frame=
 -0.58995	-0.51643	0.62069	-5.16434
-0.24149	0.84638	0.47469	8.46379
0.77048	-0.13015	0.62403	-1.30152
0.00000	0.00000	0.00000	1.00000

boidNo = 11
boid Wall No = 0
position = = (8.7, -0.8, -4.8)
Boid Radius= 10
Boid Frame=
 -0.42073	0.87407	-0.24287	8.74072
-0.62087	-0.08224	0.77958	-0.82242
-0.66144	-0.47878	-0.57729	-4.78784
0.00000	0.00000	0.00000	1.00000

boidNo = 12
boid Wall No = 1
position = = (-1.7, 3.3, -9.3)
Boid Radius= 10
Boid Frame=
 -0.79191	-0.17262	-0.58573	-1.72621
-0.60708	0.32594	0.72472	3.25944
-0.06581	-0.92950	0.36291	-9.29496
0.00000	0.00000	0.00000	1.00000

boidNo = 13
boid Wall No = 0
position = = (2.3, -9.6, -1.4)
Boid Radius= 10
Boid Frame=
 0.12996	0.23220	0.96395	2.32205
0.17215	-0.96271	0.20870	-9.62710
-0.97646	-0.13882	0.16509	-1.38818
0.00000	0.00000	0.00000	1.00000

boidNo = 14
boid Wall No = 0
position = = (-4.1, -0.2, -9.1)
Boid Radius= 9.999999
Boid Frame=
 -0.60392	-0.40530	-0.68631	-4.05298
-0.74438	-0.02100	0.66742	-0.21002
0.28492	-0.91394	0.28901	-9.13943
0.00000	0.00000	0.00000	1.00000

