Iteration Num of Simuation:0
m_SimulationDeltaT of action plan:0
boidNo = 0
boid Wall No = 1
position = = (-2.7, 9.6, -0.6)
Boid Radius= 9.999999
Boid Frame=
 -0.00401	-0.26955	0.96298	-2.69545
0.05962	0.96121	0.26930	9.61209
0.99821	-0.05850	-0.01222	-0.58497
0.00000	0.00000	0.00000	1.00000

boidNo = 1
boid Wall No = 1
position = = (-7.4, 3.9, 5.4)
Boid Radius= 10
Boid Frame=
 0.23669	-0.74285	0.62622	-7.42853
-0.60082	0.39461	0.69519	3.94611
0.76354	0.54079	0.35292	5.40788
0.00000	0.00000	0.00000	1.00000

boidNo = 2
boid Wall No = 1
position = = (9.5, 2.9, -1.2)
Boid Radius= 10
Boid Frame=
 0.10345	0.94822	-0.30030	9.48220
-0.65054	0.29289	0.70072	2.92889
-0.75239	-0.12286	-0.64715	-1.22863
0.00000	0.00000	0.00000	1.00000

boidNo = 3
boid Wall No = 0
position = = (3.4, -0.2, 9.4)
Boid Radius= 10
Boid Frame=
 0.65952	0.33798	0.67142	3.37979
-0.70729	-0.02341	0.70653	-0.23409
-0.25451	0.94086	-0.22361	9.40863
0.00000	0.00000	0.00000	1.00000

boidNo = 4
boid Wall No = 0
position = = (-0.8, -8.4, 5.3)
Boid Radius= 10
Boid Frame=
 0.95551	-0.08418	-0.28268	-0.84184
0.08307	-0.84279	0.53180	-8.42786
0.28301	0.53162	0.79830	5.31624
0.00000	0.00000	0.00000	1.00000

boidNo = 5
boid Wall No = 0
position = = (7.0, -4.9, -5.2)
Boid Radius= 10
Boid Frame=
 -0.71781	0.69613	-0.01266	6.96126
-0.48867	-0.49076	0.72136	-4.90765
-0.49594	-0.52398	-0.69245	-5.23984
0.00000	0.00000	0.00000	1.00000

boidNo = 6
boid Wall No = 1
position = = (-9.0, 1.5, 4.1)
Boid Radius= 10
Boid Frame=
 0.20048	-0.90005	0.38694	-9.00047
-0.69270	0.14907	0.70565	1.49070
0.69280	0.40950	0.59358	4.09505
0.00000	0.00000	0.00000	1.00000

boidNo = 7
boid Wall No = 1
position = = (1.0, 7.0, 7.1)
Boid Radius= 10
Boid Frame=
 0.92043	0.09771	0.37851	0.97705
-0.33520	0.69548	0.63557	6.95478
0.20115	0.71187	-0.67289	7.11874
0.00000	0.00000	0.00000	1.00000

boidNo = 8
boid Wall No = 0
position = = (3.4, -5.9, -7.3)
Boid Radius= 10
Boid Frame=
 -0.91668	0.34180	-0.20706	3.41796
-0.38019	-0.58633	0.71531	-5.86327
-0.12309	-0.73444	-0.66742	-7.34436
0.00000	0.00000	0.00000	1.00000

boidNo = 9
boid Wall No = 1
position = = (-4.3, 2.0, -8.8)
Boid Radius= 10
Boid Frame=
 -0.70753	-0.43326	-0.55830	-4.33256
-0.68019	0.20319	0.70431	2.03195
0.19170	-0.87807	0.43846	-8.78067
0.00000	0.00000	0.00000	1.00000

boidNo = 10
boid Wall No = 1
position = = (2.6, 9.6, -1.0)
Boid Radius= 10
Boid Frame=
 -0.54239	0.25521	-0.80042	2.55206
0.05581	0.96159	0.26877	9.61586
-0.83827	-0.10111	0.53580	-1.01107
0.00000	0.00000	0.00000	1.00000

boidNo = 11
boid Wall No = 1
position = = (7.4, 3.3, 5.9)
Boid Radius= 10
Boid Frame=
 0.63392	0.73835	0.23016	7.38355
-0.63545	0.32763	0.69919	3.27626
-0.44084	0.58949	-0.67688	5.89486
0.00000	0.00000	0.00000	1.00000

boidNo = 12
boid Wall No = 1
position = = (-8.2, 5.4, -2.1)
Boid Radius= 10
Boid Frame=
 -0.51128	-0.81611	0.26935	-8.16112
-0.50163	0.53788	0.67753	5.37881
0.69782	-0.21129	0.68440	-2.11294
0.00000	0.00000	0.00000	1.00000

boidNo = 13
boid Wall No = 1
position = = (1.9, 7.4, -6.5)
Boid Radius= 10
Boid Frame=
 -0.78118	0.19345	-0.59357	1.93453
-0.28425	0.73630	0.61406	7.36299
-0.55584	-0.64841	0.52020	-6.48414
0.00000	0.00000	0.00000	1.00000

boidNo = 14
boid Wall No = 0
position = = (2.6, -9.2, 2.9)
Boid Radius= 10
Boid Frame=
 0.94503	0.26021	0.19801	2.60213
0.18174	-0.92141	0.34347	-9.21411
-0.27183	0.28860	0.91805	2.88601
0.00000	0.00000	0.00000	1.00000

