Iteration Num of Simuation:0
m_SimulationDeltaT of action plan:0
boidNo = 0
boid Wall No = 0
position = = (3.7, -6.2, -6.9)
Boid Radius= 10
Boid Frame=
 -0.92068	0.37148	-0.11978	3.71476
-0.34199	-0.61989	0.70624	-6.19889
-0.18810	-0.69119	-0.69776	-6.91190
0.00000	0.00000	0.00000	1.00000

boidNo = 1
boid Wall No = 0
position = = (-0.8, -9.9, -1.0)
Boid Radius= 10
Boid Frame=
 -0.99625	-0.08144	0.02928	-0.81441
0.08396	-0.99157	0.09866	-9.91573
-0.02100	-0.10075	-0.99469	-1.00746
0.00000	0.00000	0.00000	1.00000

boidNo = 2
boid Wall No = 1
position = = (1.5, 9.8, 1.3)
Boid Radius= 10
Boid Frame=
 0.84352	0.14900	-0.51601	1.48995
-0.05915	0.98068	0.18648	9.80677
-0.53382	0.12678	-0.83604	1.26780
0.00000	0.00000	0.00000	1.00000

boidNo = 3
boid Wall No = 1
position = = (0.9, 9.6, -2.8)
Boid Radius= 10
Boid Frame=
 -0.98937	0.08993	-0.11428	0.89934
0.05313	0.95506	0.29162	9.55058
-0.13537	-0.28245	0.94968	-2.82446
0.00000	0.00000	0.00000	1.00000

boidNo = 4
boid Wall No = 1
position = = (-1.0, 1.9, 9.8)
Boid Radius= 10
Boid Frame=
 0.69961	-0.09852	0.70770	-0.98524
-0.68556	0.18659	0.70370	1.86587
0.20138	0.97749	-0.06299	9.77486
0.00000	0.00000	0.00000	1.00000

boidNo = 5
boid Wall No = 0
position = = (2.4, -6.7, -7.1)
Boid Radius= 10
Boid Frame=
 -0.93732	0.23904	-0.25355	2.39038
-0.34828	-0.66630	0.65936	-6.66296
0.01133	-0.70634	-0.70779	-7.06336
0.00000	0.00000	0.00000	1.00000

boidNo = 6
boid Wall No = 1
position = = (8.5, 4.2, 3.3)
Boid Radius= 10
Boid Frame=
 0.52958	0.84778	-0.02860	8.47777
-0.63264	0.41720	0.65246	4.17205
-0.56507	0.32744	-0.75728	3.27436
0.00000	0.00000	0.00000	1.00000

boidNo = 7
boid Wall No = 1
position = = (2.6, 9.5, -1.6)
Boid Radius= 10
Boid Frame=
 -0.59072	0.26335	-0.76269	2.63352
0.02993	0.95174	0.30545	9.51738
-0.80632	-0.15761	0.57009	-1.57609
0.00000	0.00000	0.00000	1.00000

boidNo = 8
boid Wall No = 0
position = = (6.4, -0.1, -7.7)
Boid Radius= 10
Boid Frame=
 -0.44741	0.63610	-0.62865	6.36101
-0.82116	-0.01372	0.57053	-0.13717
-0.35429	-0.77148	-0.52848	-7.71484
0.00000	0.00000	0.00000	1.00000

boidNo = 9
boid Wall No = 0
position = = (-5.0, -8.4, -2.2)
Boid Radius= 10
Boid Frame=
 -0.51114	-0.50131	-0.69816	-5.01311
0.08094	-0.83675	0.54157	-8.36750
0.85568	-0.22031	-0.46828	-2.20309
0.00000	0.00000	0.00000	1.00000

boidNo = 10
boid Wall No = 0
position = = (-1.1, -8.1, 5.7)
Boid Radius= 9.999999
Boid Frame=
 0.97507	-0.10552	-0.19522	-1.05517
0.02798	-0.81424	0.57986	-8.14237
0.22014	0.57086	0.79098	5.70863
0.00000	0.00000	0.00000	1.00000

boidNo = 11
boid Wall No = 0
position = = (-4.3, -6.5, -6.2)
Boid Radius= 10
Boid Frame=
 -0.67164	-0.42707	-0.60541	-4.27066
-0.23276	-0.65414	0.71967	-6.54145
0.70337	-0.62427	-0.33994	-6.24267
0.00000	0.00000	0.00000	1.00000

boidNo = 12
boid Wall No = 0
position = = (8.3, -4.4, 3.5)
Boid Radius= 9.999999
Boid Frame=
 -0.06975	0.82669	0.55832	8.26687
-0.69506	-0.44174	0.56723	-4.41739
-0.71556	0.34851	-0.60541	3.48505
0.00000	0.00000	0.00000	1.00000

boidNo = 13
boid Wall No = 0
position = = (-1.3, -8.1, -5.7)
Boid Radius= 10
Boid Frame=
 -0.97966	-0.12754	-0.15493	-1.27541
0.01269	-0.80986	0.58648	-8.09862
0.20027	-0.57259	-0.79501	-5.72587
0.00000	0.00000	0.00000	1.00000

boidNo = 14
boid Wall No = 1
position = = (-9.2, 1.8, 3.5)
Boid Radius= 10
Boid Frame=
 0.12660	-0.92017	0.37048	-9.20174
-0.69945	0.18202	0.69112	1.82023
0.70338	0.34662	0.62057	3.46624
0.00000	0.00000	0.00000	1.00000

