Iteration Num of Simuation:0
m_SimulationDeltaT of action plan:0
boidNo = 0
boid Wall No = 0
position = = (-7.5, -1.9, -6.3)
Boid Radius= 10
Boid Frame=
 -0.38008	-0.75185	-0.53876	-7.51847
-0.65542	-0.19208	0.73043	-1.92084
0.65266	-0.63074	0.41977	-6.30738
0.00000	0.00000	0.00000	1.00000

boidNo = 1
boid Wall No = 1
position = = (3.9, 7.7, -5.1)
Boid Radius= 10
Boid Frame=
 -0.56505	0.38848	-0.72787	3.88480
-0.24247	0.76506	0.59656	7.65064
-0.78862	-0.51358	0.33811	-5.13576
0.00000	0.00000	0.00000	1.00000

boidNo = 2
boid Wall No = 0
position = = (-7.8, -3.7, -5.0)
Boid Radius= 10
Boid Frame=
 -0.22207	-0.78252	-0.58167	-7.82521
-0.59294	-0.36520	0.71767	-3.65201
0.77402	-0.50427	0.38289	-5.04271
0.00000	0.00000	0.00000	1.00000

boidNo = 3
boid Wall No = 1
position = = (8.6, 1.8, -4.9)
Boid Radius= 10
Boid Frame=
 -0.24610	0.85610	-0.45444	8.56104
-0.68883	0.17536	0.70339	1.75364
-0.68187	-0.48614	-0.54655	-4.86142
0.00000	0.00000	0.00000	1.00000

boidNo = 4
boid Wall No = 0
position = = (2.0, -9.4, -2.7)
Boid Radius= 10
Boid Frame=
 -0.35420	0.20023	0.91348	2.00229
0.18490	-0.94253	0.27829	-9.42532
-0.91671	-0.26747	-0.29682	-2.67473
0.00000	0.00000	0.00000	1.00000

boidNo = 5
boid Wall No = 1
position = = (-8.9, 3.5, -2.8)
Boid Radius= 9.999999
Boid Frame=
 -0.44546	-0.89403	0.04762	-8.94035
-0.62564	0.34890	0.69774	3.48897
0.64042	-0.28102	0.71477	-2.81021
0.00000	0.00000	0.00000	1.00000

boidNo = 6
boid Wall No = 0
position = = (0.9, -9.9, -0.8)
Boid Radius= 9.999999
Boid Frame=
 0.11709	0.08596	0.98939	0.85957
0.09016	-0.99305	0.07561	-9.93054
-0.98902	-0.08035	0.12402	-0.80349
0.00000	0.00000	0.00000	1.00000

boidNo = 7
boid Wall No = 0
position = = (9.4, -0.2, -3.3)
Boid Radius= 9.999999
Boid Frame=
 -0.24551	0.94457	-0.21799	9.44567
-0.70676	-0.02050	0.70716	-0.20502
-0.66349	-0.32768	-0.67261	-3.27678
0.00000	0.00000	0.00000	1.00000

boidNo = 8
boid Wall No = 0
position = = (5.8, -7.2, -3.7)
Boid Radius= 10
Boid Frame=
 -0.65872	0.58193	0.47691	5.81929
-0.15112	-0.72328	0.67381	-7.23282
-0.73705	-0.37178	-0.56438	-3.71782
0.00000	0.00000	0.00000	1.00000

boidNo = 9
boid Wall No = 0
position = = (3.1, -1.0, 9.5)
Boid Radius= 10
Boid Frame=
 0.65461	0.30710	0.69078	3.07100
-0.69823	-0.10464	0.70819	-1.04641
-0.28977	0.94591	-0.14593	9.45907
0.00000	0.00000	0.00000	1.00000

boidNo = 10
boid Wall No = 1
position = = (-1.4, 9.9, 0.2)
Boid Radius= 10
Boid Frame=
 0.50108	-0.14156	0.85374	-1.41563
0.05642	0.98977	0.13101	9.89775
0.86356	0.01748	-0.50394	0.17478
0.00000	0.00000	0.00000	1.00000

boidNo = 11
boid Wall No = 1
position = = (-3.6, 9.1, -1.9)
Boid Radius= 10
Boid Frame=
 -0.46806	-0.35805	0.80791	-3.58051
-0.00310	0.91490	0.40367	9.14899
0.88369	-0.18644	0.42934	-1.86437
0.00000	0.00000	0.00000	1.00000

boidNo = 12
boid Wall No = 0
position = = (7.2, -1.0, 6.9)
Boid Radius= 10
Boid Frame=
 0.44407	0.71829	0.53560	7.18286
-0.69974	-0.09533	0.70801	-0.95328
-0.55961	0.68919	-0.46028	6.89186
0.00000	0.00000	0.00000	1.00000

boidNo = 13
boid Wall No = 1
position = = (5.3, 1.4, 8.3)
Boid Radius= 10
Boid Frame=
 0.65617	0.53150	0.53568	5.31495
-0.69331	0.14433	0.70604	1.44331
-0.29794	0.83467	-0.46319	8.34675
0.00000	0.00000	0.00000	1.00000

boidNo = 14
boid Wall No = 1
position = = (4.2, 6.4, -6.4)
Boid Radius= 10
Boid Frame=
 -0.52395	0.42478	-0.73826	4.24782
-0.39825	0.64400	0.65319	6.44004
-0.75291	-0.63625	0.16826	-6.36253
0.00000	0.00000	0.00000	1.00000

