Iteration Num of Simuation:0
m_SimulationDeltaT of action plan:0
boidNo = 0
boid Wall No = 0
position = = (-7.2, -5.4, 4.3)
Boid Radius= 9.999999
Boid Frame=
 0.68737	-0.71784	-0.11058	-7.17844
-0.45493	-0.54421	0.70490	-5.44205
0.56619	0.43421	0.70064	4.34213
0.00000	0.00000	0.00000	1.00000

boidNo = 1
boid Wall No = 0
position = = (-8.4, -5.0, -2.0)
Boid Radius= 10
Boid Frame=
 0.02269	-0.84473	-0.53471	-8.44729
-0.40228	-0.49736	0.76864	-4.97355
0.91523	-0.19766	0.35110	-1.97665
0.00000	0.00000	0.00000	1.00000

boidNo = 2
boid Wall No = 1
position = = (-0.8, 0.3, 10.0)
Boid Radius= 10
Boid Frame=
 0.70773	-0.07912	0.70204	-0.79116
-0.70212	0.03147	0.71136	0.31472
0.07837	0.99637	0.03328	9.96369
0.00000	0.00000	0.00000	1.00000

boidNo = 3
boid Wall No = 1
position = = (-3.5, 9.3, 0.5)
Boid Radius= 10
Boid Frame=
 0.19425	-0.35189	0.91566	-3.51893
0.02239	0.93479	0.35449	9.34790
0.98070	0.04835	-0.18946	0.48354
0.00000	0.00000	0.00000	1.00000

boidNo = 4
boid Wall No = 0
position = = (6.9, -6.8, 2.5)
Boid Radius= 10
Boid Frame=
 0.13761	0.69056	0.71007	6.90556
-0.20952	-0.68037	0.70228	-6.80371
-0.96807	0.24541	-0.05106	2.45415
0.00000	0.00000	0.00000	1.00000

boidNo = 5
boid Wall No = 1
position = = (2.6, 7.3, -6.3)
Boid Radius= 10
Boid Frame=
 -0.70294	0.25830	-0.66269	2.58302
-0.30463	0.73260	0.60869	7.32598
-0.64271	-0.62975	0.43628	-6.29746
0.00000	0.00000	0.00000	1.00000

boidNo = 6
boid Wall No = 0
position = = (5.9, -8.1, 0.4)
Boid Radius= 10
Boid Frame=
 0.07546	0.58649	0.80644	5.86487
0.00819	-0.80908	0.58764	-8.09079
-0.99712	0.03774	0.06585	0.37741
0.00000	0.00000	0.00000	1.00000

boidNo = 7
boid Wall No = 0
position = = (-0.8, -10.0, 0.3)
Boid Radius= 9.999999
Boid Frame=
 0.42303	-0.07610	-0.90292	-0.76095
-0.00711	-0.99672	0.08067	-9.96716
0.90609	0.02771	0.42218	0.27707
0.00000	0.00000	0.00000	1.00000

boidNo = 8
boid Wall No = 0
position = = (9.5, -1.4, 2.8)
Boid Radius= 10
Boid Frame=
 0.13466	0.94826	0.28754	9.48256
-0.63414	-0.14050	0.76035	-1.40504
-0.76140	0.28473	-0.58241	2.84728
0.00000	0.00000	0.00000	1.00000

boidNo = 9
boid Wall No = 1
position = = (-0.2, 9.9, -1.0)
Boid Radius= 10
Boid Frame=
 -0.76821	-0.02066	0.63987	-0.20661
0.04835	0.99475	0.09016	9.94753
0.63838	-0.10020	0.76318	-1.00200
0.00000	0.00000	0.00000	1.00000

boidNo = 10
boid Wall No = 1
position = = (3.9, 4.1, -8.3)
Boid Radius= 10
Boid Frame=
 -0.56650	0.38729	-0.72739	3.87286
-0.60315	0.40658	0.68622	4.06581
-0.56151	-0.82747	-0.00327	-8.27467
0.00000	0.00000	0.00000	1.00000

boidNo = 11
boid Wall No = 0
position = = (-4.6, -8.9, -0.3)
Boid Radius= 10
Boid Frame=
 -0.31244	-0.46314	-0.82939	-4.63138
0.13634	-0.88592	0.44335	-8.85921
0.94010	-0.02544	-0.33994	-0.25443
0.00000	0.00000	0.00000	1.00000

boidNo = 12
boid Wall No = 0
position = = (3.2, -9.3, 1.7)
Boid Radius= 10
Boid Frame=
 0.70250	0.32464	0.63332	3.24641
0.11884	-0.93091	0.34536	-9.30914
-0.70169	0.16736	0.69255	1.67356
0.00000	0.00000	0.00000	1.00000

boidNo = 13
boid Wall No = 0
position = = (-9.7, -2.2, 0.9)
Boid Radius= 10
Boid Frame=
 0.22635	-0.97072	-0.08042	-9.70720
-0.71147	-0.22116	0.66700	-2.21158
0.66526	0.09377	0.74070	0.93766
0.00000	0.00000	0.00000	1.00000

boidNo = 14
boid Wall No = 0
position = = (9.3, -3.5, -0.4)
Boid Radius= 9.999999
Boid Frame=
 -0.23490	0.93441	0.26777	9.34409
-0.52997	-0.35405	0.77057	-3.54048
-0.81483	-0.03910	-0.57838	-0.39099
0.00000	0.00000	0.00000	1.00000

