Iteration Num of Simuation:0
m_SimulationDeltaT of action plan:0
boidNo = 0
boid Wall No = 0
position = = (-3.1, -9.4, 1.6)
Boid Radius= 10
Boid Frame=
 -0.12158	-0.31408	-0.94158	-3.14081
0.20263	-0.93649	0.28622	-9.36493
0.97168	0.15599	-0.17750	1.55993
0.00000	0.00000	0.00000	1.00000

boidNo = 1
boid Wall No = 1
position = = (-8.5, 5.1, 1.5)
Boid Radius= 9.999999
Boid Frame=
 -0.16762	-0.84977	0.49980	-8.49765
-0.52116	0.50672	0.68675	5.06721
0.83684	0.14537	0.52780	1.45370
0.00000	0.00000	0.00000	1.00000

boidNo = 2
boid Wall No = 1
position = = (-7.3, 6.4, 2.4)
Boid Radius= 10
Boid Frame=
 -0.06322	-0.72683	0.68390	-7.26830
-0.40826	0.64415	0.64684	6.44147
0.91068	0.23831	0.33745	2.38314
0.00000	0.00000	0.00000	1.00000

boidNo = 3
boid Wall No = 0
position = = (6.6, -0.9, 7.5)
Boid Radius= 10
Boid Frame=
 0.43333	0.65737	0.61652	6.57366
-0.76958	-0.08609	0.63272	-0.86089
-0.46900	0.74864	-0.46859	7.48638
0.00000	0.00000	0.00000	1.00000

boidNo = 4
boid Wall No = 0
position = = (-3.3, -8.9, -3.0)
Boid Radius= 10
Boid Frame=
 -0.83725	-0.33211	-0.43442	-3.32114
0.13224	-0.89382	0.42848	-8.93824
0.53060	-0.30129	-0.79227	-3.01295
0.00000	0.00000	0.00000	1.00000

boidNo = 5
boid Wall No = 1
position = = (-1.9, 7.2, -6.7)
Boid Radius= 10
Boid Frame=
 -0.91530	-0.18887	-0.35574	-1.88868
-0.37519	0.72101	0.58256	7.21007
-0.14646	-0.66669	0.73080	-6.66692
0.00000	0.00000	0.00000	1.00000

boidNo = 6
boid Wall No = 1
position = = (6.9, 7.2, 0.1)
Boid Radius= 10
Boid Frame=
 0.36524	0.69022	-0.62465	6.90221
-0.33325	0.72349	0.60457	7.23488
-0.86922	0.01265	-0.49427	0.12645
0.00000	0.00000	0.00000	1.00000

boidNo = 7
boid Wall No = 0
position = = (3.0, -2.2, -9.3)
Boid Radius= 10
Boid Frame=
 -0.79794	0.30193	-0.52166	3.01934
-0.59103	-0.22213	0.77547	-2.22131
-0.11826	-0.92709	-0.35570	-9.27089
0.00000	0.00000	0.00000	1.00000

boidNo = 8
boid Wall No = 1
position = = (-0.6, 6.2, -7.9)
Boid Radius= 10
Boid Frame=
 -0.85092	-0.05573	-0.52233	-0.55734
-0.44082	0.61653	0.65235	6.16534
-0.28568	-0.78535	0.54919	-7.85353
0.00000	0.00000	0.00000	1.00000

boidNo = 9
boid Wall No = 1
position = = (-1.3, 1.0, 9.9)
Boid Radius= 10
Boid Frame=
 0.69429	-0.13314	0.70728	-1.33140
-0.70109	0.09692	0.70646	0.96920
0.16261	0.98635	0.02605	9.86347
0.00000	0.00000	0.00000	1.00000

boidNo = 10
boid Wall No = 1
position = = (2.1, 2.4, 9.5)
Boid Radius= 10
Boid Frame=
 0.75442	0.21273	0.62097	2.12730
-0.65639	0.24316	0.71416	2.43158
-0.00093	0.94637	-0.32308	9.46372
0.00000	0.00000	0.00000	1.00000

boidNo = 11
boid Wall No = 1
position = = (-1.0, 9.9, -0.3)
Boid Radius= 10
Boid Frame=
 0.23965	-0.10406	0.96527	-1.04057
0.05505	0.99410	0.09350	9.94096
0.96930	-0.03073	-0.24396	-0.30734
0.00000	0.00000	0.00000	1.00000

boidNo = 12
boid Wall No = 0
position = = (-2.5, -8.5, 4.6)
Boid Radius= 10
Boid Frame=
 0.76944	-0.24831	-0.58847	-2.48313
0.11492	-0.85248	0.50997	-8.52481
0.62830	0.46002	0.62740	4.60018
0.00000	0.00000	0.00000	1.00000

boidNo = 13
boid Wall No = 1
position = = (-3.1, 7.7, -5.6)
Boid Radius= 10
Boid Frame=
 -0.94924	-0.31218	-0.03859	-3.12177
-0.27665	0.77018	0.57471	7.70179
0.14969	-0.55621	0.81745	-5.56210
0.00000	0.00000	0.00000	1.00000

boidNo = 14
boid Wall No = 0
position = = (-0.4, -4.9, -8.7)
Boid Radius= 10
Boid Frame=
 -0.78285	-0.03940	-0.62096	-0.39398
-0.52612	-0.49088	0.69443	-4.90878
0.33218	-0.87034	-0.36355	-8.70337
0.00000	0.00000	0.00000	1.00000

