Iteration Num of Simuation:0
m_SimulationDeltaT of action plan:0
boidNo = 0
boid Wall No = 0
position = = (6.3, -4.3, -6.4)
Boid Radius= 10
Boid Frame=
 -0.19935	0.63443	-0.74683	6.34434
-0.89603	-0.42657	-0.12319	-4.26566
0.39673	-0.64462	-0.65351	-6.44621
0.00000	0.00000	0.00000	1.00000

boidNo = 1
boid Wall No = 1
position = = (-0.9, 5.6, 8.2)
Boid Radius= 10
Boid Frame=
 0.77207	-0.08878	0.62931	-0.88777
-0.48230	0.56299	0.67114	5.62990
0.41388	0.82168	-0.39185	8.21682
0.00000	0.00000	0.00000	1.00000

boidNo = 2
boid Wall No = 0
position = = (-0.1, -10.0, 0.9)
Boid Radius= 10
Boid Frame=
 0.97798	-0.01348	-0.20828	-0.13484
0.00504	-0.99609	0.08816	-9.96093
0.20865	0.08727	0.97409	0.87273
0.00000	0.00000	0.00000	1.00000

boidNo = 3
boid Wall No = 0
position = = (-1.8, -9.8, -0.9)
Boid Radius= 10
Boid Frame=
 -0.23013	-0.18471	-0.95547	-1.84711
-0.04135	-0.97908	0.19923	-9.79079
0.97228	-0.08536	-0.21768	-0.85358
0.00000	0.00000	0.00000	1.00000

boidNo = 4
boid Wall No = 0
position = = (-5.6, -0.8, -8.2)
Boid Radius= 10
Boid Frame=
 -0.65090	-0.56200	-0.51038	-5.62003
-0.56938	-0.08328	0.81784	-0.83279
0.50213	-0.82293	0.26579	-8.22932
0.00000	0.00000	0.00000	1.00000

boidNo = 5
boid Wall No = 1
position = = (1.8, 9.8, -1.1)
Boid Radius= 10
Boid Frame=
 -0.76760	0.18326	-0.61417	1.83257
0.07048	0.97658	0.20330	9.76576
-0.63704	-0.11276	0.76254	-1.12763
0.00000	0.00000	0.00000	1.00000

boidNo = 6
boid Wall No = 1
position = = (-3.4, 7.2, 6.1)
Boid Radius= 10
Boid Frame=
 0.66034	-0.33971	0.66974	-3.39715
-0.27783	0.71804	0.63814	7.18043
0.69769	0.60746	-0.37977	6.07460
0.00000	0.00000	0.00000	1.00000

boidNo = 7
boid Wall No = 0
position = = (7.9, -5.6, -2.5)
Boid Radius= 10
Boid Frame=
 -0.61145	0.78758	-0.07652	7.87578
-0.76436	-0.56285	0.31457	-5.62854
-0.20468	-0.25083	-0.94615	-2.50831
0.00000	0.00000	0.00000	1.00000

boidNo = 8
boid Wall No = 1
position = = (-3.8, 3.1, 8.7)
Boid Radius= 10
Boid Frame=
 0.59312	-0.37507	0.71241	-3.75066
-0.64516	0.30794	0.69925	3.07937
0.48164	0.87436	0.05933	8.74357
0.00000	0.00000	0.00000	1.00000

boidNo = 9
boid Wall No = 1
position = = (-6.5, 0.8, -7.6)
Boid Radius= 10
Boid Frame=
 -0.56425	-0.64864	-0.51078	-6.48637
-0.71777	0.07971	0.69170	0.79706
0.40795	-0.75691	0.51055	-7.56913
0.00000	0.00000	0.00000	1.00000

boidNo = 10
boid Wall No = 0
position = = (-0.6, -9.9, 1.4)
Boid Radius= 10
Boid Frame=
 0.89168	-0.06371	-0.44816	-0.63709
0.00836	-0.98756	0.15703	-9.87559
0.45259	0.14377	0.88005	1.43769
0.00000	0.00000	0.00000	1.00000

boidNo = 11
boid Wall No = 1
position = = (3.4, 6.7, -6.6)
Boid Radius= 9.999999
Boid Frame=
 -0.64510	0.33554	-0.68648	3.35541
-0.34704	0.67174	0.65446	6.71743
-0.68074	-0.66043	0.31690	-6.60434
0.00000	0.00000	0.00000	1.00000

boidNo = 12
boid Wall No = 1
position = = (2.4, 8.6, 4.4)
Boid Radius= 10
Boid Frame=
 0.94787	0.24068	-0.20882	2.40680
-0.11046	0.86290	0.49315	8.62903
-0.29889	0.44438	-0.84451	4.44378
0.00000	0.00000	0.00000	1.00000

boidNo = 13
boid Wall No = 1
position = = (-3.8, 4.9, 7.8)
Boid Radius= 10
Boid Frame=
 0.41644	-0.38144	0.82528	-3.81440
-0.66227	0.49462	0.56280	4.94619
0.62287	0.78093	0.04664	7.80933
0.00000	0.00000	0.00000	1.00000

boidNo = 14
boid Wall No = 1
position = = (-7.6, 2.9, -5.8)
Boid Radius= 10
Boid Frame=
 -0.58416	-0.75993	-0.28507	-7.59933
-0.69606	0.28841	0.65751	2.88411
0.41745	-0.58251	0.69743	-5.82514
0.00000	0.00000	0.00000	1.00000

boidNo = 15
boid Wall No = 0
position = = (-0.6, -9.7, -2.3)
Boid Radius= 10
Boid Frame=
 -0.74414	-0.06176	-0.66516	-0.61764
-0.10904	-0.97113	0.21216	-9.71132
0.65907	-0.23041	-0.71592	-2.30410
0.00000	0.00000	0.00000	1.00000

boidNo = 16
boid Wall No = 1
position = = (-8.5, 1.9, 4.8)
Boid Radius= 10
Boid Frame=
 0.24423	-0.85357	0.46018	-8.53570
-0.67063	0.19410	0.71594	1.94099
0.70043	0.48347	0.52503	4.83472
0.00000	0.00000	0.00000	1.00000

boidNo = 17
boid Wall No = 0
position = = (0.6, -9.9, 0.9)
Boid Radius= 10
Boid Frame=
 0.79390	0.06013	0.60506	0.60130
-0.00754	-0.99405	0.10868	-9.94049
-0.60800	0.09084	0.78873	0.90838
0.00000	0.00000	0.00000	1.00000

boidNo = 18
boid Wall No = 1
position = = (8.1, 5.9, 0.9)
Boid Radius= 10
Boid Frame=
 0.44829	0.80545	-0.38767	8.05450
-0.49767	0.58515	0.64025	5.85148
-0.74254	0.09409	-0.66316	0.94087
0.00000	0.00000	0.00000	1.00000

boidNo = 19
boid Wall No = 1
position = = (0.5, 10.0, 0.8)
Boid Radius= 9.999999
Boid Frame=
 0.95974	0.05460	0.27555	0.54600
-0.07410	0.99539	0.06086	9.95392
0.27095	0.07883	-0.95936	0.78829
0.00000	0.00000	0.00000	1.00000

