Iteration Num of Simuation:0
m_SimulationDeltaT of action plan:0
boidNo = 0
boid Wall No = 1
position = = (0.7, 9.9, 1.4)
Boid Radius= 10
Boid Frame=
 0.86556	0.07217	-0.49558	0.72171
0.00705	0.98771	0.15616	9.87707
-0.50076	0.13866	-0.85441	1.38662
0.00000	0.00000	0.00000	1.00000

boidNo = 1
boid Wall No = 1
position = = (-0.3, 9.8, -2.1)
Boid Radius= 10
Boid Frame=
 -0.90990	-0.03175	0.41361	-0.31750
0.05774	0.97767	0.20207	9.77668
0.41079	-0.20774	0.88775	-2.07743
0.00000	0.00000	0.00000	1.00000

boidNo = 2
boid Wall No = 0
position = = (-6.1, -6.8, 4.1)
Boid Radius= 10
Boid Frame=
 0.69849	-0.60767	-0.37795	-6.07668
-0.20974	-0.67879	0.70374	-6.78793
0.68419	0.41229	0.60158	4.12287
0.00000	0.00000	0.00000	1.00000

boidNo = 3
boid Wall No = 0
position = = (-4.2, -8.7, 2.4)
Boid Radius= 10
Boid Frame=
 0.23553	-0.42319	-0.87489	-4.23186
0.14506	-0.87483	0.46221	-8.74827
0.96098	0.23578	0.14466	2.35777
0.00000	0.00000	0.00000	1.00000

boidNo = 4
boid Wall No = 1
position = = (-0.1, 10.0, 0.9)
Boid Radius= 10
Boid Frame=
 0.93730	-0.00649	-0.34846	-0.06490
0.03767	0.99586	0.08278	9.95855
-0.34648	0.09072	-0.93366	0.90720
0.00000	0.00000	0.00000	1.00000

boidNo = 5
boid Wall No = 1
position = = (-7.9, 6.1, 0.5)
Boid Radius= 10
Boid Frame=
 -0.27329	-0.79342	0.54388	-7.93416
-0.42521	0.60681	0.67155	6.06805
0.86285	0.04773	0.50320	0.47730
0.00000	0.00000	0.00000	1.00000

boidNo = 6
boid Wall No = 0
position = = (-6.8, -6.8, -2.5)
Boid Radius= 9.999999
Boid Frame=
 0.08465	-0.68476	-0.72384	-6.84756
-0.42065	-0.68310	0.59702	-6.83098
0.90327	-0.25394	0.34587	-2.53941
0.00000	0.00000	0.00000	1.00000

boidNo = 7
boid Wall No = 1
position = = (-7.0, 7.1, 0.2)
Boid Radius= 10
Boid Frame=
 -0.32236	-0.70286	0.63410	-7.02857
-0.33886	0.71114	0.61599	7.11145
0.88389	0.01630	0.46741	0.16301
0.00000	0.00000	0.00000	1.00000

boidNo = 8
boid Wall No = 1
position = = (-8.1, 5.6, 1.8)
Boid Radius= 10
Boid Frame=
 -0.14045	-0.80634	0.57453	-8.06339
-0.47292	0.56445	0.67657	5.64447
0.86984	0.17668	0.46061	1.76684
0.00000	0.00000	0.00000	1.00000

boidNo = 9
boid Wall No = 1
position = = (-4.5, 8.8, 1.3)
Boid Radius= 10
Boid Frame=
 0.18073	-0.44692	0.87613	-4.46921
-0.05818	0.88438	0.46313	8.84378
0.98181	0.13467	-0.13383	1.34673
0.00000	0.00000	0.00000	1.00000

boidNo = 10
boid Wall No = 1
position = = (-3.8, 6.7, 6.4)
Boid Radius= 10
Boid Frame=
 0.58854	-0.38315	0.71192	-3.83148
-0.35435	0.66924	0.65312	6.69238
0.72668	0.63665	-0.25810	6.36646
0.00000	0.00000	0.00000	1.00000

boidNo = 11
boid Wall No = 1
position = = (7.2, 6.8, -1.7)
Boid Radius= 10
Boid Frame=
 0.09870	0.71531	-0.69180	7.15314
-0.34341	0.67697	0.65098	6.76968
-0.93398	-0.17332	-0.31247	-1.73319
0.00000	0.00000	0.00000	1.00000

boidNo = 12
boid Wall No = 1
position = = (9.7, 2.2, -1.4)
Boid Radius= 10
Boid Frame=
 0.05757	0.96539	-0.25437	9.65392
-0.69205	0.22223	0.68679	2.22229
-0.71955	-0.13650	-0.68089	-1.36501
0.00000	0.00000	0.00000	1.00000

boidNo = 13
boid Wall No = 1
position = = (2.3, 9.2, 3.3)
Boid Radius= 10
Boid Frame=
 0.85933	0.23303	-0.45525	2.33030
-0.03714	0.91624	0.39890	9.16242
-0.51007	0.32588	-0.79601	3.25880
0.00000	0.00000	0.00000	1.00000

boidNo = 14
boid Wall No = 1
position = = (-0.4, 7.2, 6.9)
Boid Radius= 10
Boid Frame=
 0.87981	-0.03946	0.47368	-0.39455
-0.30469	0.71807	0.62573	7.18074
0.36483	0.69485	-0.61975	6.94848
0.00000	0.00000	0.00000	1.00000

