Iteration Num of Simuation:0
m_SimulationDeltaT of action plan:0
boidNo = 0
boid Wall No = 1
position = = (3.1, 9.4, -1.4)
Boid Radius= 10
Boid Frame=
 -0.38149	0.31315	-0.86971	3.13151
-0.01122	0.93923	0.34310	9.39230
-0.92431	-0.14065	0.35479	-1.40653
0.00000	0.00000	0.00000	1.00000

boidNo = 1
boid Wall No = 1
position = = (5.8, 5.7, -5.8)
Boid Radius= 10
Boid Frame=
 -0.28522	0.58315	-0.76065	5.83148
-0.52168	0.57131	0.63360	5.71312
-0.80405	-0.57753	-0.14127	-5.77530
0.00000	0.00000	0.00000	1.00000

boidNo = 2
boid Wall No = 0
position = = (-7.4, -5.5, -3.8)
Boid Radius= 9.999999
Boid Frame=
 -0.18499	-0.74144	-0.64502	-7.41439
-0.37597	-0.55302	0.74352	-5.53017
0.90798	-0.38005	0.17645	-3.80053
0.00000	0.00000	0.00000	1.00000

boidNo = 3
boid Wall No = 1
position = = (4.8, 8.8, -0.5)
Boid Radius= 10
Boid Frame=
 0.10147	0.47609	-0.87352	4.76092
-0.10605	0.87823	0.46634	8.78227
-0.98917	-0.04532	-0.13960	-0.45316
0.00000	0.00000	0.00000	1.00000

boidNo = 4
boid Wall No = 1
position = = (-3.2, 0.2, -9.5)
Boid Radius= 10
Boid Frame=
 -0.71083	-0.31712	-0.62781	-3.17125
-0.66768	0.02355	0.74408	0.23552
0.22118	-0.94809	0.22848	-9.48091
0.00000	0.00000	0.00000	1.00000

boidNo = 5
boid Wall No = 0
position = = (0.0, -10.0, 0.9)
Boid Radius= 10
Boid Frame=
 0.99595	-0.00190	0.08989	-0.01903
-0.01015	-0.99576	0.09141	-9.95761
-0.08934	0.09196	0.99175	0.91957
0.00000	0.00000	0.00000	1.00000

boidNo = 6
boid Wall No = 1
position = = (9.0, 1.9, 3.9)
Boid Radius= 10
Boid Frame=
 0.40771	0.90009	0.15367	9.00087
-0.68490	0.19015	0.70339	1.90147
-0.60389	0.39203	-0.69399	3.92031
0.00000	0.00000	0.00000	1.00000

boidNo = 7
boid Wall No = 1
position = = (-6.2, 3.6, -7.0)
Boid Radius= 10
Boid Frame=
 -0.68807	-0.61932	-0.37816	-6.19322
-0.67614	0.35798	0.64397	3.57977
0.26345	-0.69878	0.66506	-6.98780
0.00000	0.00000	0.00000	1.00000

boidNo = 8
boid Wall No = 1
position = = (2.2, 9.3, -3.1)
Boid Radius= 10
Boid Frame=
 -0.12116	0.21602	-0.96884	2.16021
-0.28933	0.92597	0.24264	9.25967
-0.94953	-0.30971	0.04969	-3.09710
0.00000	0.00000	0.00000	1.00000

boidNo = 9
boid Wall No = 1
position = = (1.7, 7.1, 6.8)
Boid Radius= 10
Boid Frame=
 0.43089	0.16635	0.88694	1.66347
-0.67484	0.71192	0.19432	7.11923
0.59911	0.68227	-0.41902	6.82272
0.00000	0.00000	0.00000	1.00000

boidNo = 10
boid Wall No = 0
position = = (-8.0, -4.8, 3.5)
Boid Radius= 10
Boid Frame=
 0.57506	-0.80405	-0.15101	-8.04055
-0.48175	-0.48199	0.73184	-4.81994
0.66123	0.34811	0.66453	3.48106
0.00000	0.00000	0.00000	1.00000

boidNo = 11
boid Wall No = 1
position = = (1.8, 9.4, 2.8)
Boid Radius= 10
Boid Frame=
 0.88389	0.18123	-0.43116	1.81228
-0.03281	0.94363	0.32937	9.43630
-0.46655	0.27698	-0.84001	2.76982
0.00000	0.00000	0.00000	1.00000

boidNo = 12
boid Wall No = 0
position = = (0.0, -10.0, 0.0)
Boid Radius= 10
Boid Frame=
 -0.46747	0.00457	0.88400	0.04570
-0.00041	-0.99999	0.00495	-9.99988
-0.88401	-0.00195	-0.46746	-0.01951
0.00000	0.00000	0.00000	1.00000

boidNo = 13
boid Wall No = 1
position = = (7.3, 5.9, -3.5)
Boid Radius= 10
Boid Frame=
 0.07203	0.72585	-0.68407	7.25851
-0.56594	0.59449	0.57121	5.94495
-0.82129	-0.34600	-0.45361	-3.46000
0.00000	0.00000	0.00000	1.00000

boidNo = 14
boid Wall No = 0
position = = (-4.1, -8.7, -2.7)
Boid Radius= 10
Boid Frame=
 -0.49911	-0.40841	-0.76426	-4.08412
-0.03564	-0.87154	0.48902	-8.71544
0.86581	-0.27131	-0.42044	-2.71314
0.00000	0.00000	0.00000	1.00000

boidNo = 15
boid Wall No = 1
position = = (-6.4, 4.7, -6.1)
Boid Radius= 10
Boid Frame=
 -0.75837	-0.64202	-0.11262	-6.42024
-0.50361	0.46743	0.72656	4.67429
0.41383	-0.60771	0.67781	-6.07714
0.00000	0.00000	0.00000	1.00000

boidNo = 16
boid Wall No = 0
position = = (-7.3, -4.8, -4.9)
Boid Radius= 10
Boid Frame=
 -0.20497	-0.72937	-0.65269	-7.29370
-0.52515	-0.48078	0.70219	-4.80782
0.82596	-0.48669	0.28448	-4.86690
0.00000	0.00000	0.00000	1.00000

boidNo = 17
boid Wall No = 1
position = = (5.3, 8.2, -2.2)
Boid Radius= 10
Boid Frame=
 -0.16103	0.53359	-0.83027	5.33593
-0.15256	0.81768	0.55509	8.17680
-0.97509	-0.21605	0.05027	-2.16050
0.00000	0.00000	0.00000	1.00000

boidNo = 18
boid Wall No = 0
position = = (2.8, -9.3, 2.3)
Boid Radius= 10
Boid Frame=
 0.55734	0.27836	0.78224	2.78361
-0.04071	-0.93183	0.36060	-9.31832
-0.82929	0.23282	0.50801	2.32818
0.00000	0.00000	0.00000	1.00000

boidNo = 19
boid Wall No = 0
position = = (-3.6, -2.1, 9.1)
Boid Radius= 10
Boid Frame=
 0.61577	-0.36074	0.70050	-3.60743
-0.78543	-0.21025	0.58215	-2.10246
0.06273	0.90866	0.41280	9.08659
0.00000	0.00000	0.00000	1.00000

