Iteration Num of Simuation:0
m_SimulationDeltaT of action plan:0
boidNo = 0
boid Wall No = 1
position = = (4.0, 9.1, 1.0)
Boid Radius= 10
Boid Frame=
 0.42350	0.40374	-0.81095	4.03743
-0.08557	0.90902	0.40788	9.09017
-0.90185	0.10334	-0.41952	1.03343
0.00000	0.00000	0.00000	1.00000

boidNo = 1
boid Wall No = 1
position = = (-4.3, 4.4, -7.9)
Boid Radius= 10
Boid Frame=
 -0.77868	-0.42514	-0.46143	-4.25142
-0.62326	0.43951	0.64682	4.39512
0.07219	-0.79125	0.60721	-7.91254
0.00000	0.00000	0.00000	1.00000

boidNo = 2
boid Wall No = 0
position = = (-6.6, -7.3, 2.0)
Boid Radius= 10
Boid Frame=
 0.42783	-0.65857	-0.61906	-6.58575
-0.14366	-0.72575	0.67279	-7.25752
0.89237	0.19890	0.40511	1.98904
0.00000	0.00000	0.00000	1.00000

boidNo = 3
boid Wall No = 1
position = = (9.0, 0.7, -4.2)
Boid Radius= 10
Boid Frame=
 -0.26545	0.90270	-0.33863	9.02699
-0.68017	0.07359	0.72935	0.73586
-0.68330	-0.42393	-0.59446	-4.23933
0.00000	0.00000	0.00000	1.00000

boidNo = 4
boid Wall No = 1
position = = (8.8, 2.1, 4.3)
Boid Radius= 9.999999
Boid Frame=
 0.45679	0.87600	0.15483	8.76000
-0.64826	0.20861	0.73228	2.08607
-0.60918	0.43487	-0.66317	4.34865
0.00000	0.00000	0.00000	1.00000

boidNo = 5
boid Wall No = 0
position = = (2.3, -9.7, -0.9)
Boid Radius= 10
Boid Frame=
 -0.41178	0.23059	0.88163	2.30586
-0.01424	-0.96897	0.24678	-9.68967
-0.91117	-0.08907	-0.40229	-0.89067
0.00000	0.00000	0.00000	1.00000

boidNo = 6
boid Wall No = 0
position = = (-3.6, -6.9, 6.3)
Boid Radius= 10
Boid Frame=
 0.93025	-0.35576	-0.08985	-3.55757
-0.19651	-0.68982	0.69681	-6.89817
0.30987	0.63055	0.71161	6.30547
0.00000	0.00000	0.00000	1.00000

boidNo = 7
boid Wall No = 1
position = = (5.9, 3.0, -7.5)
Boid Radius= 10
Boid Frame=
 -0.39615	0.59028	-0.70330	5.90283
-0.69866	0.30321	0.64803	3.03209
-0.59576	-0.74808	-0.29229	-7.48085
0.00000	0.00000	0.00000	1.00000

boidNo = 8
boid Wall No = 0
position = = (5.7, -8.2, 0.9)
Boid Radius= 10
Boid Frame=
 0.15238	0.56835	0.80855	5.68354
0.00038	-0.81814	0.57502	-8.18138
-0.98832	0.08732	0.12488	0.87316
0.00000	0.00000	0.00000	1.00000

boidNo = 9
boid Wall No = 1
position = = (6.7, 7.1, -1.9)
Boid Radius= 10
Boid Frame=
 0.55596	0.67404	-0.48639	6.74042
-0.66189	0.71297	0.23147	7.12968
-0.50280	-0.19325	-0.84252	-1.93248
0.00000	0.00000	0.00000	1.00000

boidNo = 10
boid Wall No = 1
position = = (-4.0, 9.2, 0.0)
Boid Radius= 10
Boid Frame=
 -0.13529	-0.39982	0.90655	-3.99818
-0.05580	0.91659	0.39592	9.16590
0.98923	-0.00298	0.14632	-0.02975
0.00000	0.00000	0.00000	1.00000

boidNo = 11
boid Wall No = 0
position = = (-3.1, -9.1, -2.9)
Boid Radius= 10
Boid Frame=
 -0.89251	-0.30784	-0.32965	-3.07836
0.16890	-0.90580	0.38858	-9.05802
0.41822	-0.29114	-0.86043	-2.91136
0.00000	0.00000	0.00000	1.00000

boidNo = 12
boid Wall No = 0
position = = (-6.3, -6.9, 3.5)
Boid Radius= 10
Boid Frame=
 0.66954	-0.63395	-0.38706	-6.33954
-0.26110	-0.68872	0.67638	-6.88722
0.69537	0.35180	0.62665	3.51802
0.00000	0.00000	0.00000	1.00000

boidNo = 13
boid Wall No = 1
position = = (0.4, 7.1, 7.0)
Boid Radius= 10
Boid Frame=
 0.86182	0.04495	0.50522	0.44954
-0.38376	0.70909	0.59154	7.09086
0.33165	0.70369	-0.62836	7.03688
0.00000	0.00000	0.00000	1.00000

boidNo = 14
boid Wall No = 0
position = = (-9.4, -1.8, 2.8)
Boid Radius= 10
Boid Frame=
 0.30744	-0.94413	0.11876	-9.44126
-0.78197	-0.17956	0.59689	-1.79561
0.54221	0.27638	0.79349	2.76376
0.00000	0.00000	0.00000	1.00000

boidNo = 15
boid Wall No = 0
position = = (-5.6, -2.5, 7.9)
Boid Radius= 10
Boid Frame=
 0.76523	-0.55545	0.32543	-5.55451
-0.52490	-0.24567	0.81494	-2.45674
0.37271	0.79443	0.47955	7.94429
0.00000	0.00000	0.00000	1.00000

boidNo = 16
boid Wall No = 0
position = = (6.7, -6.0, -4.5)
Boid Radius= 10
Boid Frame=
 -0.71287	0.66696	0.21675	6.66961
-0.33690	-0.59676	0.72827	-5.96760
-0.61507	-0.44614	-0.65011	-4.46139
0.00000	0.00000	0.00000	1.00000

boidNo = 17
boid Wall No = 0
position = = (5.9, -7.7, 2.2)
Boid Radius= 10
Boid Frame=
 0.17455	0.59339	0.78576	5.93390
-0.14457	-0.77392	0.61656	-7.73921
-0.97398	0.22121	0.04930	2.21213
0.00000	0.00000	0.00000	1.00000

boidNo = 18
boid Wall No = 1
position = = (0.6, 9.8, 2.0)
Boid Radius= 10
Boid Frame=
 0.85924	0.05722	0.50836	0.57221
-0.15117	0.97775	0.14546	9.77746
0.48872	0.20184	-0.84877	2.01839
0.00000	0.00000	0.00000	1.00000

boidNo = 19
boid Wall No = 0
position = = (2.8, -5.2, 8.0)
Boid Radius= 10
Boid Frame=
 0.77589	0.28461	0.56302	2.84614
-0.36678	-0.52261	0.76964	-5.22608
-0.51329	0.80366	0.30109	8.03664
0.00000	0.00000	0.00000	1.00000

