Iteration Num of Simuation:0
m_SimulationDeltaT of action plan:0
boidNo = 0
boid Wall No = 0
position = = (9.5, -3.0, -0.7)
Boid Radius= 10
Boid Frame=
 -0.27302	0.95279	0.13283	9.52793
-0.73261	-0.29542	0.61320	-2.95416
-0.62350	-0.07011	-0.77868	-0.70109
0.00000	0.00000	0.00000	1.00000

boidNo = 1
boid Wall No = 0
position = = (-1.1, -7.8, 6.2)
Boid Radius= 10
Boid Frame=
 0.99332	-0.10560	-0.04650	-1.05600
-0.05343	-0.77815	0.62580	-7.78150
0.10227	0.61914	0.77859	6.19138
0.00000	0.00000	0.00000	1.00000

boidNo = 2
boid Wall No = 0
position = = (-0.5, -10.0, 0.0)
Boid Radius= 10
Boid Frame=
 -0.19960	-0.05079	-0.97856	-0.50789
0.01132	-0.99871	0.04952	-9.98709
0.97981	0.00120	-0.19991	0.01196
0.00000	0.00000	0.00000	1.00000

boidNo = 3
boid Wall No = 1
position = = (3.5, 2.7, -9.0)
Boid Radius= 10
Boid Frame=
 -0.57885	0.34743	-0.73771	3.47426
-0.69384	0.26542	0.66943	2.65424
-0.42838	-0.89936	-0.08742	-8.99358
0.00000	0.00000	0.00000	1.00000

boidNo = 4
boid Wall No = 1
position = = (9.0, 0.2, -4.4)
Boid Radius= 10
Boid Frame=
 -0.30339	0.89805	-0.31853	8.98047
-0.69351	0.02114	0.72014	0.21139
-0.65345	-0.43939	-0.61639	-4.39392
0.00000	0.00000	0.00000	1.00000

boidNo = 5
boid Wall No = 1
position = = (1.6, 9.9, -0.1)
Boid Radius= 10
Boid Frame=
 -0.36539	0.16226	-0.91660	1.62258
0.05438	0.98673	0.15300	9.86730
-0.92926	-0.00606	0.36937	-0.06062
0.00000	0.00000	0.00000	1.00000

boidNo = 6
boid Wall No = 0
position = = (2.0, -1.8, -9.6)
Boid Radius= 10
Boid Frame=
 -0.71042	0.19751	-0.67550	1.97506
-0.70364	-0.18031	0.68730	-1.80314
-0.01394	-0.96358	-0.26707	-9.63576
0.00000	0.00000	0.00000	1.00000

boidNo = 7
boid Wall No = 0
position = = (7.7, -3.9, -5.1)
Boid Radius= 10
Boid Frame=
 -0.64307	0.76554	-0.02019	7.65545
-0.48664	-0.38814	0.78264	-3.88136
-0.59131	-0.51312	-0.62214	-5.13119
0.00000	0.00000	0.00000	1.00000

boidNo = 8
boid Wall No = 1
position = = (5.2, 2.9, -8.1)
Boid Radius= 10
Boid Frame=
 -0.52398	0.51887	-0.67544	5.18874
-0.63735	0.28720	0.71505	2.87203
-0.56501	-0.80516	-0.18022	-8.05161
0.00000	0.00000	0.00000	1.00000

boidNo = 9
boid Wall No = 0
position = = (0.3, -9.4, -3.3)
Boid Radius= 10
Boid Frame=
 -0.75287	0.03464	0.65726	0.34644
0.19164	-0.94381	0.26927	-9.43806
-0.62965	-0.32868	-0.70392	-3.28680
0.00000	0.00000	0.00000	1.00000

boidNo = 10
boid Wall No = 0
position = = (1.8, -9.7, -1.9)
Boid Radius= 10
Boid Frame=
 -0.43013	0.18468	0.88368	1.84677
0.09085	-0.96503	0.24590	-9.65029
-0.89819	-0.18605	-0.39831	-1.86048
0.00000	0.00000	0.00000	1.00000

boidNo = 11
boid Wall No = 0
position = = (2.3, -1.7, -9.6)
Boid Radius= 10
Boid Frame=
 -0.74254	0.23135	-0.62858	2.31352
-0.66716	-0.17216	0.72474	-1.72162
-0.05945	-0.95752	-0.28219	-9.57516
0.00000	0.00000	0.00000	1.00000

boidNo = 12
boid Wall No = 0
position = = (-0.9, -9.9, -1.4)
Boid Radius= 10
Boid Frame=
 -0.90691	-0.09254	0.41104	-0.92544
0.14297	-0.98529	0.09360	-9.85291
-0.39634	-0.14365	-0.90680	-1.43654
0.00000	0.00000	0.00000	1.00000

boidNo = 13
boid Wall No = 0
position = = (-0.6, -9.8, -2.0)
Boid Radius= 9.999999
Boid Frame=
 -0.88461	-0.05923	0.46255	-0.59232
0.14447	-0.97791	0.15107	-9.77908
-0.44338	-0.20047	-0.87363	-2.00466
0.00000	0.00000	0.00000	1.00000

boidNo = 14
boid Wall No = 0
position = = (4.8, -7.5, 4.6)
Boid Radius= 10
Boid Frame=
 0.59789	0.47950	0.64235	4.79503
-0.10222	-0.74920	0.65441	-7.49198
-0.79504	0.45692	0.39892	4.56924
0.00000	0.00000	0.00000	1.00000

