Iteration Num of Simuation:0
m_SimulationDeltaT of action plan:0
boidNo = 0
boid Wall No = 0
position = = (-1.4, -9.5, -2.7)
Boid Radius= 9.999999
Boid Frame=
 -0.97948	-0.13713	0.14767	-1.37129
0.17093	-0.95346	0.24839	-9.53458
-0.10673	-0.26854	-0.95734	-2.68539
0.00000	0.00000	0.00000	1.00000

boidNo = 1
boid Wall No = 0
position = = (1.7, -9.0, 4.0)
Boid Radius= 10
Boid Frame=
 0.98529	0.16916	-0.02419	1.69164
0.16442	-0.89990	0.40391	-8.99901
-0.04656	0.40195	0.91448	4.01946
0.00000	0.00000	0.00000	1.00000

boidNo = 2
boid Wall No = 1
position = = (0.0, 9.7, 2.3)
Boid Radius= 10
Boid Frame=
 0.96569	-0.00416	-0.25965	-0.04156
0.06275	0.97398	0.21778	9.73980
-0.25199	0.22660	-0.94083	2.26598
0.00000	0.00000	0.00000	1.00000

boidNo = 3
boid Wall No = 1
position = = (-4.5, 5.9, 6.7)
Boid Radius= 10
Boid Frame=
 0.50143	-0.45056	0.73862	-4.50559
-0.45798	0.58607	0.66841	5.86069
0.73404	0.67344	-0.08752	6.73439
0.00000	0.00000	0.00000	1.00000

boidNo = 4
boid Wall No = 1
position = = (-9.3, 3.8, 0.4)
Boid Radius= 10
Boid Frame=
 -0.21363	-0.92559	0.31248	-9.25590
-0.61154	0.37615	0.69608	3.76145
0.76183	0.04239	0.64639	0.42393
0.00000	0.00000	0.00000	1.00000

boidNo = 5
boid Wall No = 1
position = = (4.3, 4.0, 8.1)
Boid Radius= 10
Boid Frame=
 0.79102	0.42810	0.43706	4.28100
-0.59927	0.39839	0.69438	3.98385
-0.12315	0.81118	-0.57168	8.11184
0.00000	0.00000	0.00000	1.00000

boidNo = 6
boid Wall No = 1
position = = (-6.1, 1.6, -7.8)
Boid Radius= 10
Boid Frame=
 -0.63152	-0.60830	-0.48079	-6.08300
-0.69064	0.15947	0.70540	1.59469
0.35242	-0.77752	0.52082	-7.77523
0.00000	0.00000	0.00000	1.00000

boidNo = 7
boid Wall No = 0
position = = (7.9, -4.9, -3.6)
Boid Radius= 10
Boid Frame=
 -0.59335	0.79140	0.14708	7.91397
-0.48046	-0.49479	0.72411	-4.94792
-0.64583	-0.35899	-0.67382	-3.58988
0.00000	0.00000	0.00000	1.00000

boidNo = 8
boid Wall No = 0
position = = (5.0, -2.8, 8.2)
Boid Radius= 10
Boid Frame=
 0.53833	0.49690	0.68066	4.96905
-0.64073	-0.28332	0.71358	-2.83324
-0.54743	0.82025	-0.16586	8.20252
0.00000	0.00000	0.00000	1.00000

boidNo = 9
boid Wall No = 0
position = = (-0.5, -3.1, 9.5)
Boid Radius= 10
Boid Frame=
 0.76250	-0.04962	0.64509	-0.49623
-0.62505	-0.31396	0.71466	-3.13960
-0.16707	0.94814	0.27041	9.48139
0.00000	0.00000	0.00000	1.00000

boidNo = 10
boid Wall No = 0
position = = (-2.8, -5.6, -7.8)
Boid Radius= 10
Boid Frame=
 -0.72902	-0.28181	-0.62379	-2.81809
-0.40282	-0.56017	0.72384	-5.60168
0.55341	-0.77897	-0.29485	-7.78971
0.00000	0.00000	0.00000	1.00000

boidNo = 11
boid Wall No = 0
position = = (0.7, -1.3, -9.9)
Boid Radius= 9.999999
Boid Frame=
 -0.71909	0.07245	-0.69113	0.72447
-0.69394	-0.12741	0.70867	-1.27407
0.03671	-0.98920	-0.14189	-9.89201
0.00000	0.00000	0.00000	1.00000

boidNo = 12
boid Wall No = 1
position = = (2.2, 9.4, -2.6)
Boid Radius= 10
Boid Frame=
 -0.81004	0.22413	-0.54185	2.24127
0.03321	0.94012	0.33921	9.40123
-0.58543	-0.25678	0.76898	-2.56781
0.00000	0.00000	0.00000	1.00000

boidNo = 13
boid Wall No = 0
position = = (-0.6, -8.7, -4.9)
Boid Radius= 10
Boid Frame=
 -0.98657	-0.05852	0.15250	-0.58515
0.12565	-0.86840	0.47969	-8.68396
-0.10436	-0.49241	-0.86409	-4.92407
0.00000	0.00000	0.00000	1.00000

boidNo = 14
boid Wall No = 0
position = = (-1.7, -9.8, -1.1)
Boid Radius= 10
Boid Frame=
 -0.94970	-0.17263	-0.26128	-1.72627
0.13595	-0.97889	0.15259	-9.78894
0.28210	-0.10939	-0.95313	-1.09392
0.00000	0.00000	0.00000	1.00000

