Iteration Num of Simuation:0
m_SimulationDeltaT of action plan:0
boidNo = 0
boid Wall No = 1
position = = (4.5, 6.7, -5.9)
Boid Radius= 10
Boid Frame=
 -0.50241	0.45187	-0.73715	4.51874
-0.35326	0.67088	0.65202	6.70880
-0.78917	-0.58799	0.17743	-5.87988
0.00000	0.00000	0.00000	1.00000

boidNo = 1
boid Wall No = 0
position = = (-1.1, -9.1, -4.0)
Boid Radius= 10
Boid Frame=
 -0.87382	-0.10520	0.47474	-1.05200
0.27583	-0.91127	0.30577	-9.11273
-0.40045	-0.39814	-0.82530	-3.98139
0.00000	0.00000	0.00000	1.00000

boidNo = 2
boid Wall No = 0
position = = (7.1, -5.5, 4.5)
Boid Radius= 10
Boid Frame=
 0.29926	0.70674	0.64107	7.06736
-0.34678	-0.54536	0.76310	-5.45361
-0.88893	0.45067	-0.08188	4.50673
0.00000	0.00000	0.00000	1.00000

boidNo = 3
boid Wall No = 0
position = = (0.3, -9.4, -3.4)
Boid Radius= 10
Boid Frame=
 -0.89699	0.03219	0.44087	0.32194
0.12094	-0.94142	0.31480	-9.41421
-0.42518	-0.33569	-0.84055	-3.35693
0.00000	0.00000	0.00000	1.00000

boidNo = 4
boid Wall No = 0
position = = (6.3, -7.1, -3.2)
Boid Radius= 10
Boid Frame=
 -0.60910	0.63345	0.47722	6.33447
-0.20276	-0.70610	0.67846	-7.06100
-0.76673	-0.31649	-0.55852	-3.16494
0.00000	0.00000	0.00000	1.00000

boidNo = 5
boid Wall No = 1
position = = (9.5, 0.1, 3.1)
Boid Radius= 10
Boid Frame=
 0.23102	0.95175	0.20200	9.51749
-0.67429	0.00695	0.73843	0.06949
-0.70140	0.30680	-0.64336	3.06799
0.00000	0.00000	0.00000	1.00000

boidNo = 6
boid Wall No = 0
position = = (1.1, -9.9, -0.6)
Boid Radius= 10
Boid Frame=
 -0.46288	0.10706	0.87993	1.07062
0.00714	-0.99220	0.12448	-9.92197
-0.88639	-0.06390	-0.45851	-0.63897
0.00000	0.00000	0.00000	1.00000

boidNo = 7
boid Wall No = 0
position = = (-1.2, -9.9, 0.6)
Boid Radius= 10
Boid Frame=
 0.58083	-0.12297	-0.80469	-1.22971
-0.02100	-0.99046	0.13620	-9.90459
0.81376	0.06221	0.57787	0.62209
0.00000	0.00000	0.00000	1.00000

boidNo = 8
boid Wall No = 0
position = = (7.6, -1.7, -6.3)
Boid Radius= 10
Boid Frame=
 -0.41888	0.75926	-0.49806	7.59257
-0.86830	-0.17443	0.46435	-1.74434
-0.26568	-0.62698	-0.73233	-6.26978
0.00000	0.00000	0.00000	1.00000

boidNo = 9
boid Wall No = 0
position = = (3.9, -8.5, -3.6)
Boid Radius= 10
Boid Frame=
 -0.83452	0.39044	0.38875	3.90436
-0.15878	-0.84607	0.50888	-8.46067
-0.52760	-0.36295	-0.76806	-3.62948
0.00000	0.00000	0.00000	1.00000

boidNo = 10
boid Wall No = 1
position = = (-4.1, 9.1, 1.1)
Boid Radius= 10
Boid Frame=
 -0.69190	-0.40596	0.59705	-4.05956
-0.38417	0.90717	0.17161	9.07172
0.61130	0.11063	0.78363	1.10628
0.00000	0.00000	0.00000	1.00000

boidNo = 11
boid Wall No = 0
position = = (-8.6, -2.2, -4.5)
Boid Radius= 10
Boid Frame=
 -0.13106	-0.86355	-0.48693	-8.63553
-0.77110	-0.21990	0.59753	-2.19899
0.62308	-0.45378	0.63707	-4.53785
0.00000	0.00000	0.00000	1.00000

boidNo = 12
boid Wall No = 1
position = = (-5.8, 1.6, -8.0)
Boid Radius= 10
Boid Frame=
 -0.51492	-0.57655	-0.63438	-5.76551
-0.83306	0.16203	0.52893	1.62030
0.20216	-0.80083	0.56373	-8.00834
0.00000	0.00000	0.00000	1.00000

boidNo = 13
boid Wall No = 1
position = = (-7.1, 4.9, 5.1)
Boid Radius= 10
Boid Frame=
 0.10279	-0.70546	0.70126	-7.05458
-0.64201	0.49144	0.58848	4.91437
0.75977	0.51071	0.40240	5.10705
0.00000	0.00000	0.00000	1.00000

boidNo = 14
boid Wall No = 1
position = = (-9.7, 2.5, -0.5)
Boid Radius= 10
Boid Frame=
 -0.20414	-0.96729	0.15057	-9.67293
-0.65051	0.24897	0.71753	2.48975
0.73155	-0.04853	0.68006	-0.48533
0.00000	0.00000	0.00000	1.00000

boidNo = 15
boid Wall No = 1
position = = (7.8, 6.1, 1.2)
Boid Radius= 10
Boid Frame=
 0.47389	0.77981	-0.40906	7.79806
-0.45044	0.61382	0.64833	6.13822
-0.75666	0.12299	-0.64214	1.22986
0.00000	0.00000	0.00000	1.00000

boidNo = 16
boid Wall No = 0
position = = (0.4, -8.8, -4.8)
Boid Radius= 10
Boid Frame=
 -0.98109	0.03743	0.18992	0.37430
0.05826	-0.87854	0.47410	-8.78539
-0.18460	-0.47620	-0.85974	-4.76201
0.00000	0.00000	0.00000	1.00000

boidNo = 17
boid Wall No = 1
position = = (2.9, 0.1, 9.6)
Boid Radius= 10
Boid Frame=
 0.68657	0.29086	0.66635	2.90864
-0.69811	0.00768	0.71595	0.07679
-0.20313	0.95673	-0.20833	9.56734
0.00000	0.00000	0.00000	1.00000

boidNo = 18
boid Wall No = 0
position = = (-0.4, -5.7, 8.2)
Boid Radius= 10
Boid Frame=
 0.92524	-0.03628	0.37764	-0.36278
-0.32900	-0.57242	0.75107	-5.72418
-0.18892	0.81916	0.54156	8.19159
0.00000	0.00000	0.00000	1.00000

boidNo = 19
boid Wall No = 1
position = = (3.3, 9.3, -1.4)
Boid Radius= 10
Boid Frame=
 0.33619	0.32553	-0.88375	3.25530
-0.25613	0.93460	0.24682	9.34598
-0.90630	-0.14338	-0.39758	-1.43379
0.00000	0.00000	0.00000	1.00000

