Iteration Num of Simuation:0
m_SimulationDeltaT of action plan:0
boidNo = 0
boid Wall No = 0
position = = (1.9, -2.0, -9.6)
Boid Radius= 10
Boid Frame=
 -0.73712	0.18928	-0.64871	1.89276
-0.67572	-0.19621	0.71057	-1.96212
-0.00721	-0.96212	-0.27253	-9.62120
0.00000	0.00000	0.00000	1.00000

boidNo = 1
boid Wall No = 0
position = = (-8.5, -2.7, -4.5)
Boid Radius= 10
Boid Frame=
 -0.14594	-0.85197	-0.50284	-8.51970
-0.69871	-0.27107	0.66207	-2.71071
0.70037	-0.44796	0.55572	-4.47959
0.00000	0.00000	0.00000	1.00000

boidNo = 2
boid Wall No = 0
position = = (-1.9, -3.9, 9.0)
Boid Radius= 10
Boid Frame=
 0.64554	-0.18990	0.73974	-1.89903
-0.74134	-0.38860	0.54718	-3.88596
-0.18355	0.90163	0.39164	9.01626
0.00000	0.00000	0.00000	1.00000

boidNo = 3
boid Wall No = 1
position = = (0.0, 9.9, -1.3)
Boid Radius= 10
Boid Frame=
 -0.86801	-0.00310	0.49654	-0.03096
0.06233	0.99139	0.11514	9.91392
0.49262	-0.13089	0.86034	-1.30889
0.00000	0.00000	0.00000	1.00000

boidNo = 4
boid Wall No = 1
position = = (5.8, 2.1, -7.8)
Boid Radius= 10
Boid Frame=
 -0.52093	0.58475	-0.62185	5.84749
-0.64535	0.20704	0.73530	2.07036
-0.55871	-0.78435	-0.26951	-7.84350
0.00000	0.00000	0.00000	1.00000

boidNo = 5
boid Wall No = 1
position = = (1.8, 9.8, 0.7)
Boid Radius= 9.999999
Boid Frame=
 0.01304	0.17519	-0.98445	1.75194
0.06782	0.98211	0.17568	9.82110
-0.99761	0.06905	-0.00093	0.69051
0.00000	0.00000	0.00000	1.00000

boidNo = 6
boid Wall No = 1
position = = (-2.6, 9.6, 0.7)
Boid Radius= 10
Boid Frame=
 0.46334	-0.26256	0.84639	-2.62558
0.06076	0.96227	0.26524	9.62266
0.88410	0.07147	-0.46181	0.71467
0.00000	0.00000	0.00000	1.00000

boidNo = 7
boid Wall No = 0
position = = (-1.2, -9.1, 3.9)
Boid Radius= 10
Boid Frame=
 0.77239	-0.11932	-0.62384	-1.19318
0.16034	-0.91375	0.37329	-9.13753
0.61458	0.38835	0.68664	3.88354
0.00000	0.00000	0.00000	1.00000

boidNo = 8
boid Wall No = 0
position = = (6.2, -4.6, 6.3)
Boid Radius= 10
Boid Frame=
 0.27739	0.62092	0.73315	6.20923
-0.62564	-0.46238	0.62832	-4.62378
-0.72913	0.63298	-0.26021	6.32978
0.00000	0.00000	0.00000	1.00000

boidNo = 9
boid Wall No = 0
position = = (2.3, -9.3, -3.0)
Boid Radius= 10
Boid Frame=
 -0.41956	0.22684	0.87893	2.26837
0.18131	-0.92782	0.32600	-9.27818
-0.88944	-0.29614	-0.34815	-2.96139
0.00000	0.00000	0.00000	1.00000

boidNo = 10
boid Wall No = 1
position = = (8.7, 3.2, 3.6)
Boid Radius= 9.999999
Boid Frame=
 0.48384	0.87384	0.04802	8.73836
-0.65339	0.32419	0.68409	3.24189
-0.58222	0.36237	-0.72781	3.62369
0.00000	0.00000	0.00000	1.00000

boidNo = 11
boid Wall No = 0
position = = (-4.6, -2.5, 8.5)
Boid Radius= 10
Boid Frame=
 0.75998	-0.46061	0.45855	-4.60614
-0.60702	-0.25086	0.75405	-2.50857
0.23230	0.85141	0.47025	8.51414
0.00000	0.00000	0.00000	1.00000

boidNo = 12
boid Wall No = 0
position = = (-4.6, -4.6, -7.6)
Boid Radius= 10
Boid Frame=
 -0.49174	-0.46253	-0.73774	-4.62530
-0.57709	-0.46134	0.67390	-4.61339
0.65205	-0.75712	0.04006	-7.57121
0.00000	0.00000	0.00000	1.00000

boidNo = 13
boid Wall No = 1
position = = (-5.1, 7.6, 3.9)
Boid Radius= 10
Boid Frame=
 0.30157	-0.51470	0.80258	-5.14701
-0.26819	0.76199	0.58944	7.61992
0.91495	0.39300	-0.09176	3.93002
0.00000	0.00000	0.00000	1.00000

boidNo = 14
boid Wall No = 0
position = = (2.8, -9.2, -2.9)
Boid Radius= 10
Boid Frame=
 -0.34466	0.27942	0.89618	2.79416
0.18628	-0.91533	0.35703	-9.15332
-0.92006	-0.28999	-0.26342	-2.89990
0.00000	0.00000	0.00000	1.00000

