Iteration Num of Simuation:0
m_SimulationDeltaT of action plan:0
boidNo = 0
boid Wall No = 0
position = = (7.9, -5.9, -1.4)
Boid Radius= 10
Boid Frame=
 -0.45706	0.79335	0.40210	7.93353
-0.42719	-0.59234	0.68311	-5.92339
-0.78013	-0.14045	-0.60965	-1.40446
0.00000	0.00000	0.00000	1.00000

boidNo = 1
boid Wall No = 0
position = = (5.3, -8.0, 2.9)
Boid Radius= 10
Boid Frame=
 0.47480	0.52575	0.70579	5.25753
-0.00619	-0.79994	0.60005	-7.99942
-0.88007	0.28927	0.37656	2.89269
0.00000	0.00000	0.00000	1.00000

boidNo = 2
boid Wall No = 1
position = = (-3.0, 5.9, 7.5)
Boid Radius= 10
Boid Frame=
 0.64134	-0.30333	0.70475	-3.03328
-0.45535	0.58881	0.66780	5.88815
0.61753	0.74919	-0.23951	7.49192
0.00000	0.00000	0.00000	1.00000

boidNo = 3
boid Wall No = 1
position = = (9.9, 1.2, 1.2)
Boid Radius= 10
Boid Frame=
 0.16766	0.98584	0.00244	9.85842
-0.71508	0.11991	0.68869	1.19906
-0.67864	0.11721	-0.72506	1.17213
0.00000	0.00000	0.00000	1.00000

boidNo = 4
boid Wall No = 0
position = = (3.7, -3.5, 8.6)
Boid Radius= 10
Boid Frame=
 0.63904	0.37305	0.67266	3.73047
-0.57307	-0.35240	0.73987	-3.52402
-0.51305	0.85828	0.01142	8.58282
0.00000	0.00000	0.00000	1.00000

boidNo = 5
boid Wall No = 1
position = = (-3.7, 3.1, 8.7)
Boid Radius= 10
Boid Frame=
 0.57941	-0.37338	0.72448	-3.73380
-0.65553	0.31471	0.68646	3.14713
0.48431	0.87266	0.06242	8.72665
0.00000	0.00000	0.00000	1.00000

boidNo = 6
boid Wall No = 0
position = = (7.5, -1.9, -6.4)
Boid Radius= 10
Boid Frame=
 -0.55808	0.74594	-0.36349	7.45941
-0.69945	-0.18721	0.68972	-1.87207
-0.44645	-0.63916	-0.62623	-6.39160
0.00000	0.00000	0.00000	1.00000

boidNo = 7
boid Wall No = 0
position = = (-2.5, -2.3, -9.4)
Boid Radius= 10
Boid Frame=
 -0.72117	-0.25303	-0.64490	-2.53026
-0.60197	-0.23184	0.76412	-2.31845
0.34286	-0.93927	-0.01489	-9.39269
0.00000	0.00000	0.00000	1.00000

boidNo = 8
boid Wall No = 0
position = = (7.2, -6.4, 2.7)
Boid Radius= 10
Boid Frame=
 0.09268	0.72206	0.68560	7.22058
-0.30392	-0.63518	0.71005	-6.35185
-0.94818	0.27418	-0.16058	2.74178
0.00000	0.00000	0.00000	1.00000

boidNo = 9
boid Wall No = 0
position = = (1.1, -8.1, -5.7)
Boid Radius= 10
Boid Frame=
 -0.97567	0.10664	0.19156	1.06639
0.02510	-0.81365	0.58081	-8.13651
-0.21780	-0.57149	-0.79118	-5.71490
0.00000	0.00000	0.00000	1.00000

boidNo = 10
boid Wall No = 0
position = = (-3.3, -2.9, -9.0)
Boid Radius= 9.999999
Boid Frame=
 -0.58980	-0.33220	-0.73606	-3.32205
-0.68003	-0.28728	0.67456	-2.87277
0.43554	-0.89839	0.05648	-8.98394
0.00000	0.00000	0.00000	1.00000

boidNo = 11
boid Wall No = 1
position = = (-9.9, 1.4, 0.7)
Boid Radius= 10
Boid Frame=
 -0.04630	-0.98709	0.15336	-9.87086
-0.69963	0.14162	0.70033	1.41621
0.71300	0.07487	0.69715	0.74866
0.00000	0.00000	0.00000	1.00000

boidNo = 12
boid Wall No = 0
position = = (2.9, -6.1, -7.4)
Boid Radius= 10
Boid Frame=
 -0.94292	0.28742	-0.16821	2.87417
-0.31588	-0.61199	0.72504	-6.11993
-0.10545	-0.73679	-0.66785	-7.36788
0.00000	0.00000	0.00000	1.00000

boidNo = 13
boid Wall No = 0
position = = (2.9, -9.5, -1.2)
Boid Radius= 10
Boid Frame=
 0.06845	0.28868	0.95497	2.88685
0.14626	-0.94978	0.27663	-9.49780
-0.98688	-0.12074	0.10723	-1.20741
0.00000	0.00000	0.00000	1.00000

boidNo = 14
boid Wall No = 1
position = = (8.7, 4.8, -0.5)
Boid Radius= 9.999999
Boid Frame=
 0.23259	0.87327	-0.42815	8.73266
-0.51158	0.48425	0.70978	4.84248
-0.82716	-0.05394	-0.55937	-0.53941
0.00000	0.00000	0.00000	1.00000

