Iteration Num of Simuation:0
m_SimulationDeltaT of action plan:0
boidNo = 0
boid Wall No = 0
position = = (-7.6, 0.0, 6.5)
Boid Radius= 10
Boid Frame=
 0.44338	-0.75741	0.47931	-7.57412
-0.73787	-0.00483	0.67493	-0.04833
0.50888	0.65292	0.56101	6.52919
0.00000	0.00000	0.00000	1.00000

boidNo = 1
boid Wall No = 1
position = = (4.3, 1.7, -8.9)
Boid Radius= 10
Boid Frame=
 -0.56407	0.43124	-0.70418	4.31235
-0.71693	0.16734	0.67676	1.67341
-0.40968	-0.88659	-0.21477	-8.86585
0.00000	0.00000	0.00000	1.00000

boidNo = 2
boid Wall No = 0
position = = (9.1, -4.1, 0.1)
Boid Radius= 9.999999
Boid Frame=
 -0.29109	0.91371	0.28354	9.13713
-0.66594	-0.40631	0.62565	-4.06305
-0.68687	0.00670	-0.72675	0.06695
0.00000	0.00000	0.00000	1.00000

boidNo = 3
boid Wall No = 1
position = = (-2.1, 9.6, -1.6)
Boid Radius= 10
Boid Frame=
 -0.54188	-0.21027	0.81373	-2.10267
0.02448	0.96384	0.26536	9.63838
0.84010	-0.16372	0.51714	-1.63719
0.00000	0.00000	0.00000	1.00000

boidNo = 4
boid Wall No = 0
position = = (-0.4, -9.9, -1.2)
Boid Radius= 10
Boid Frame=
 -0.89909	-0.04442	0.43550	-0.44418
0.09419	-0.99117	0.09336	-9.91167
-0.42751	-0.12496	-0.89533	-1.24959
0.00000	0.00000	0.00000	1.00000

boidNo = 5
boid Wall No = 1
position = = (3.1, 8.8, -3.6)
Boid Radius= 9.999999
Boid Frame=
 -0.66924	0.31383	-0.67353	3.13825
-0.06476	0.87835	0.47361	8.78350
-0.74022	-0.36057	0.56750	-3.60575
0.00000	0.00000	0.00000	1.00000

boidNo = 6
boid Wall No = 0
position = = (0.5, -5.7, -8.2)
Boid Radius= 10
Boid Frame=
 -0.87569	0.04612	-0.48067	0.46123
-0.41958	-0.56537	0.71014	-5.65373
0.23901	-0.82354	-0.51444	-8.23545
0.00000	0.00000	0.00000	1.00000

boidNo = 7
boid Wall No = 1
position = = (1.3, 9.7, -2.0)
Boid Radius= 10
Boid Frame=
 -0.94704	0.13133	-0.29303	1.31325
0.06385	0.97134	0.22896	9.71340
-0.31470	-0.19812	0.92828	-1.98124
0.00000	0.00000	0.00000	1.00000

boidNo = 8
boid Wall No = 0
position = = (-0.2, -9.9, 1.5)
Boid Radius= 9.999999
Boid Frame=
 0.76898	-0.01788	-0.63902	-0.17875
0.08361	-0.98821	0.12825	-9.88211
0.63378	0.15205	0.75842	1.52051
0.00000	0.00000	0.00000	1.00000

boidNo = 9
boid Wall No = 0
position = = (-0.8, -9.5, 3.1)
Boid Radius= 10
Boid Frame=
 0.53434	-0.07663	-0.84179	-0.76629
0.22642	-0.94651	0.22989	-9.46513
0.81438	0.31344	0.48841	3.13435
0.00000	0.00000	0.00000	1.00000

boidNo = 10
boid Wall No = 1
position = = (0.8, 9.5, -3.1)
Boid Radius= 10
Boid Frame=
 -0.98234	0.08373	-0.16735	0.83726
0.02649	0.94753	0.31856	9.47533
-0.18525	-0.30850	0.93301	-3.08499
0.00000	0.00000	0.00000	1.00000

boidNo = 11
boid Wall No = 0
position = = (2.2, -9.1, -3.4)
Boid Radius= 10
Boid Frame=
 -0.48689	0.22166	0.84487	2.21657
0.20162	-0.91262	0.35562	-9.12624
-0.84988	-0.34349	-0.39966	-3.43491
0.00000	0.00000	0.00000	1.00000

boidNo = 12
boid Wall No = 1
position = = (6.0, 4.9, -6.4)
Boid Radius= 10
Boid Frame=
 -0.35595	0.59612	-0.71968	5.96120
-0.55467	0.48503	0.67609	4.85026
-0.75209	-0.63984	-0.15801	-6.39836
0.00000	0.00000	0.00000	1.00000

boidNo = 13
boid Wall No = 1
position = = (-7.1, 4.3, -5.6)
Boid Radius= 10
Boid Frame=
 -0.68640	-0.71055	-0.15482	-7.10553
-0.59736	0.42948	0.67728	4.29484
0.41475	-0.55737	0.71925	-5.57367
0.00000	0.00000	0.00000	1.00000

boidNo = 14
boid Wall No = 1
position = = (-5.4, 8.3, -1.7)
Boid Radius= 10
Boid Frame=
 -0.48352	-0.53653	0.69162	-5.36534
-0.13894	0.82715	0.54454	8.27149
0.86424	-0.16720	0.47448	-1.67199
0.00000	0.00000	0.00000	1.00000

