Iteration Num of Simuation:0
m_SimulationDeltaT of action plan:0
boidNo = 0
boid Wall No = 1
position = = (-1.6, 5.1, 8.5)
Boid Radius= 10
Boid Frame=
 0.69940	-0.15839	0.69696	-1.58389
-0.54906	0.50523	0.66579	5.05231
0.45758	0.84832	-0.26639	8.48325
0.00000	0.00000	0.00000	1.00000

boidNo = 1
boid Wall No = 1
position = = (-0.9, 10.0, -0.5)
Boid Radius= 10
Boid Frame=
 -0.00355	-0.08723	0.99618	-0.87227
0.04839	0.99501	0.08730	9.95006
0.99882	-0.04852	-0.00069	-0.48520
0.00000	0.00000	0.00000	1.00000

boidNo = 2
boid Wall No = 1
position = = (0.0, 3.3, 9.4)
Boid Radius= 10
Boid Frame=
 0.70469	-0.00326	0.70951	-0.03256
-0.66829	0.33284	0.66528	3.32843
0.23832	0.94298	-0.23238	9.42977
0.00000	0.00000	0.00000	1.00000

boidNo = 3
boid Wall No = 0
position = = (-7.8, -6.2, 0.4)
Boid Radius= 10
Boid Frame=
 0.27971	-0.78073	-0.55878	-7.80726
-0.28874	-0.62347	0.72658	-6.23468
0.91564	0.04189	0.39981	0.41890
0.00000	0.00000	0.00000	1.00000

boidNo = 4
boid Wall No = 0
position = = (-0.5, -9.7, -2.4)
Boid Radius= 10
Boid Frame=
 -0.95764	-0.04914	0.28374	-0.49142
0.11293	-0.97049	0.21305	-9.70494
-0.26490	-0.23606	-0.93493	-2.36064
0.00000	0.00000	0.00000	1.00000

boidNo = 5
boid Wall No = 0
position = = (7.1, -2.8, -6.4)
Boid Radius= 10
Boid Frame=
 -0.65013	0.71333	-0.26171	7.13335
-0.60328	-0.27520	0.74855	-2.75197
-0.46194	-0.64453	-0.60925	-6.44531
0.00000	0.00000	0.00000	1.00000

boidNo = 6
boid Wall No = 0
position = = (-1.5, -9.8, -1.2)
Boid Radius= 10
Boid Frame=
 -0.93775	-0.14776	-0.31432	-1.47759
0.10140	-0.98204	0.15914	-9.82035
0.33219	-0.11736	-0.93588	-1.17361
0.00000	0.00000	0.00000	1.00000

boidNo = 7
boid Wall No = 0
position = = (2.5, -8.0, 5.4)
Boid Radius= 10
Boid Frame=
 0.90679	0.25334	0.33696	2.53345
0.00133	-0.80100	0.59867	-8.00996
-0.42157	0.54242	0.72667	5.42423
0.00000	0.00000	0.00000	1.00000

boidNo = 8
boid Wall No = 1
position = = (3.1, 8.7, -4.0)
Boid Radius= 10
Boid Frame=
 -0.68952	0.30632	-0.65630	3.06323
-0.08516	0.86558	0.49347	8.65583
-0.71924	-0.39615	0.57075	-3.96148
0.00000	0.00000	0.00000	1.00000

boidNo = 9
boid Wall No = 0
position = = (0.6, -5.0, -8.6)
Boid Radius= 10
Boid Frame=
 -0.89438	0.06031	-0.44322	0.60312
-0.41164	-0.49868	0.76281	-4.98675
0.17502	-0.86469	-0.47083	-8.64688
0.00000	0.00000	0.00000	1.00000

boidNo = 10
boid Wall No = 1
position = = (0.2, 9.7, 2.4)
Boid Radius= 10
Boid Frame=
 0.93696	0.01550	-0.34909	0.15501
0.06795	0.97186	0.22555	9.71859
-0.34276	0.23505	-0.90954	2.35052
0.00000	0.00000	0.00000	1.00000

boidNo = 11
boid Wall No = 1
position = = (-3.1, 8.7, -3.9)
Boid Radius= 10
Boid Frame=
 -0.85050	-0.31490	0.42129	-3.14895
-0.07735	0.86715	0.49200	8.67150
0.52025	-0.38587	0.76187	-3.85865
0.00000	0.00000	0.00000	1.00000

boidNo = 12
boid Wall No = 1
position = = (6.8, 5.8, -4.6)
Boid Radius= 10
Boid Frame=
 -0.14350	0.67965	-0.71936	6.79653
-0.50407	0.57533	0.64413	5.75331
-0.85166	-0.45504	-0.26003	-4.55045
0.00000	0.00000	0.00000	1.00000

boidNo = 13
boid Wall No = 0
position = = (-8.5, -4.9, 2.0)
Boid Radius= 10
Boid Frame=
 0.45952	-0.84766	-0.26516	-8.47662
-0.48854	-0.49056	0.72158	-4.90559
0.74173	0.20204	0.63954	2.02044
0.00000	0.00000	0.00000	1.00000

boidNo = 14
boid Wall No = 0
position = = (6.2, -7.4, -2.5)
Boid Radius= 10
Boid Frame=
 -0.51010	0.62192	0.59415	6.21920
-0.13812	-0.74104	0.65710	-7.41044
-0.84895	-0.25312	-0.46391	-2.53120
0.00000	0.00000	0.00000	1.00000

