Iteration Num of Simuation:0
m_SimulationDeltaT of action plan:0
boidNo = 0
boid Wall No = 1
position = = (5.2, 7.9, 3.2)
Boid Radius= 10
Boid Frame=
 0.85469	0.51907	-0.00840	5.19067
-0.47838	0.79378	0.37558	7.93782
-0.20162	0.31699	-0.92675	3.16985
0.00000	0.00000	0.00000	1.00000

boidNo = 1
boid Wall No = 0
position = = (2.2, -5.2, -8.3)
Boid Radius= 9.999999
Boid Frame=
 -0.92582	0.22096	-0.30665	2.20964
-0.37778	-0.51603	0.76876	-5.16033
-0.01163	-0.82758	-0.56123	-8.27577
0.00000	0.00000	0.00000	1.00000

boidNo = 2
boid Wall No = 0
position = = (2.5, -3.8, 8.9)
Boid Radius= 10
Boid Frame=
 0.45565	0.24527	0.85570	2.45267
-0.76549	-0.38267	0.51730	-3.82668
-0.45432	0.89074	-0.01338	8.90736
0.00000	0.00000	0.00000	1.00000

boidNo = 3
boid Wall No = 1
position = = (-6.5, 4.1, 6.4)
Boid Radius= 10
Boid Frame=
 0.39300	-0.65296	0.64745	-6.52963
-0.54087	0.40528	0.73703	4.05280
0.74365	0.63983	0.19389	6.39834
0.00000	0.00000	0.00000	1.00000

boidNo = 4
boid Wall No = 0
position = = (-3.2, -9.4, -1.0)
Boid Radius= 10
Boid Frame=
 -0.64685	-0.32227	-0.69118	-3.22273
0.13798	-0.94082	0.30954	-9.40822
0.75003	-0.10486	-0.65304	-1.04856
0.00000	0.00000	0.00000	1.00000

boidNo = 5
boid Wall No = 1
position = = (7.5, 2.7, 6.1)
Boid Radius= 10
Boid Frame=
 0.62274	0.74782	0.23011	7.47821
-0.60169	0.26971	0.75181	2.69711
-0.50016	0.60665	-0.61792	6.06646
0.00000	0.00000	0.00000	1.00000

boidNo = 6
boid Wall No = 0
position = = (-0.3, -9.7, 2.6)
Boid Radius= 9.999999
Boid Frame=
 0.97042	-0.03144	-0.23939	-0.31436
0.03172	-0.96630	0.25546	-9.66299
0.23935	0.25550	0.93671	2.55496
0.00000	0.00000	0.00000	1.00000

boidNo = 7
boid Wall No = 1
position = = (6.5, 7.5, -1.3)
Boid Radius= 10
Boid Frame=
 0.53391	0.65001	-0.54076	6.50013
-0.56974	0.74912	0.33795	7.49124
-0.62477	-0.12766	-0.77030	-1.27662
0.00000	0.00000	0.00000	1.00000

boidNo = 8
boid Wall No = 0
position = = (-0.3, -9.9, 1.2)
Boid Radius= 10
Boid Frame=
 0.90218	-0.03229	-0.43016	-0.32294
0.02235	-0.99235	0.12138	-9.92355
0.43079	0.11912	0.89456	1.19117
0.00000	0.00000	0.00000	1.00000

boidNo = 9
boid Wall No = 1
position = = (-4.8, 8.2, -3.1)
Boid Radius= 10
Boid Frame=
 -0.69683	-0.48428	0.52906	-4.84276
-0.14844	0.81904	0.55420	8.19041
0.70171	-0.30765	0.64262	-3.07650
0.00000	0.00000	0.00000	1.00000

boidNo = 10
boid Wall No = 1
position = = (-1.1, 5.1, -8.5)
Boid Radius= 10
Boid Frame=
 -0.72477	-0.11089	-0.68001	-1.10893
-0.62886	0.50971	0.58714	5.09712
-0.28150	-0.85317	0.43916	-8.53169
0.00000	0.00000	0.00000	1.00000

boidNo = 11
boid Wall No = 1
position = = (-1.4, 9.7, 2.1)
Boid Radius= 10
Boid Frame=
 0.12223	-0.13697	0.98300	-1.36972
-0.19264	0.96832	0.15888	9.68322
0.97363	0.20879	-0.09197	2.08786
0.00000	0.00000	0.00000	1.00000

boidNo = 12
boid Wall No = 1
position = = (1.2, 9.9, -1.0)
Boid Radius= 10
Boid Frame=
 -0.88119	0.11683	-0.45810	1.16827
0.05796	0.98837	0.14057	9.88372
-0.46920	-0.09732	0.87771	-0.97323
0.00000	0.00000	0.00000	1.00000

boidNo = 13
boid Wall No = 1
position = = (4.5, 8.7, 2.2)
Boid Radius= 9.999999
Boid Frame=
 0.55268	0.45016	-0.70136	4.50161
-0.07898	0.86607	0.49365	8.66070
-0.82964	0.21744	-0.51421	2.17435
0.00000	0.00000	0.00000	1.00000

boidNo = 14
boid Wall No = 0
position = = (-8.3, -5.1, 2.3)
Boid Radius= 10
Boid Frame=
 0.53190	-0.82650	0.18437	-8.26497
-0.84665	-0.51486	0.13451	-5.14863
0.01625	0.22764	0.97361	2.27639
0.00000	0.00000	0.00000	1.00000

boidNo = 15
boid Wall No = 1
position = = (-0.8, 2.5, 9.6)
Boid Radius= 10
Boid Frame=
 0.59726	-0.08205	0.79784	-0.82054
-0.76208	0.25207	0.59641	2.52071
0.25005	0.96422	-0.08802	9.64224
0.00000	0.00000	0.00000	1.00000

boidNo = 16
boid Wall No = 0
position = = (3.6, -2.5, -9.0)
Boid Radius= 10
Boid Frame=
 -0.34629	0.36169	-0.86560	3.61692
-0.93034	-0.25108	0.26727	-2.51083
0.12067	-0.89785	-0.42344	-8.97851
0.00000	0.00000	0.00000	1.00000

boidNo = 17
boid Wall No = 1
position = = (-1.9, 6.3, 7.5)
Boid Radius= 10
Boid Frame=
 0.72792	-0.19257	0.65807	-1.92569
-0.42457	0.62703	0.65312	6.27032
0.53840	0.75482	-0.37467	7.54816
0.00000	0.00000	0.00000	1.00000

boidNo = 18
boid Wall No = 0
position = = (-2.8, -8.2, 4.9)
Boid Radius= 10
Boid Frame=
 0.84710	-0.27896	-0.45233	-2.78955
0.03064	-0.82411	0.56561	-8.24107
0.53055	0.49298	0.68955	4.92983
0.00000	0.00000	0.00000	1.00000

boidNo = 19
boid Wall No = 0
position = = (-3.7, -0.5, -9.3)
Boid Radius= 10
Boid Frame=
 -0.75753	-0.36807	-0.53914	-3.68073
-0.56343	-0.04844	0.82474	-0.48438
0.32968	-0.92853	0.17069	-9.28535
0.00000	0.00000	0.00000	1.00000

