Iteration Num of Simuation:0
m_SimulationDeltaT of action plan:0
boidNo = 0
boid Wall No = 1
position = = (5.5, 7.2, 4.3)
Boid Radius= 10
Boid Frame=
 0.80352	0.54806	-0.23235	5.48055
-0.30978	0.71829	0.62298	7.18289
-0.50832	0.42860	-0.74694	4.28599
0.00000	0.00000	0.00000	1.00000

boidNo = 1
boid Wall No = 1
position = = (-2.8, 9.5, -1.1)
Boid Radius= 10
Boid Frame=
 -0.22966	-0.27613	0.93328	-2.76130
0.04843	0.95448	0.29432	9.54479
0.97207	-0.11280	0.20583	-1.12796
0.00000	0.00000	0.00000	1.00000

boidNo = 2
boid Wall No = 0
position = = (0.2, -8.2, 5.7)
Boid Radius= 10
Boid Frame=
 0.99833	0.01885	-0.05464	0.18849
0.04647	-0.82384	0.56492	-8.23835
0.03437	0.56652	0.82333	5.66516
0.00000	0.00000	0.00000	1.00000

boidNo = 3
boid Wall No = 1
position = = (-7.7, 6.3, 0.4)
Boid Radius= 10
Boid Frame=
 -0.31982	-0.77260	0.54846	-7.72598
-0.44347	0.63360	0.63394	6.33604
0.83728	0.04048	0.54527	0.40475
0.00000	0.00000	0.00000	1.00000

boidNo = 4
boid Wall No = 1
position = = (1.0, 9.5, 3.1)
Boid Radius= 10
Boid Frame=
 0.92353	0.10217	-0.36968	1.02168
0.02418	0.94644	0.32198	9.46437
-0.38277	0.30630	-0.87159	3.06299
0.00000	0.00000	0.00000	1.00000

boidNo = 5
boid Wall No = 0
position = = (-10.0, -0.6, -0.7)
Boid Radius= 10
Boid Frame=
 -0.01169	-0.99551	-0.09388	-9.95515
-0.63829	-0.06484	0.76706	-0.64838
0.76971	-0.06889	0.63466	-0.68892
0.00000	0.00000	0.00000	1.00000

boidNo = 6
boid Wall No = 0
position = = (6.9, -6.6, 3.1)
Boid Radius= 10
Boid Frame=
 0.11418	0.68833	0.71635	6.88331
-0.32066	-0.65694	0.68235	-6.56944
-0.94029	0.30761	-0.14571	3.07611
0.00000	0.00000	0.00000	1.00000

boidNo = 7
boid Wall No = 1
position = = (3.2, 9.5, 0.3)
Boid Radius= 10
Boid Frame=
 -0.04558	0.31762	-0.94712	3.17624
0.04291	0.94785	0.31580	9.47854
-0.99804	0.02625	0.05683	0.26251
0.00000	0.00000	0.00000	1.00000

boidNo = 8
boid Wall No = 1
position = = (-2.4, 9.7, 0.2)
Boid Radius= 10
Boid Frame=
 0.34425	-0.23772	0.90829	-2.37724
0.06803	0.97119	0.22841	9.71187
0.93641	0.01684	-0.35050	0.16840
0.00000	0.00000	0.00000	1.00000

boidNo = 9
boid Wall No = 0
position = = (-9.4, -1.7, -2.8)
Boid Radius= 10
Boid Frame=
 -0.09103	-0.94473	-0.31496	-9.44728
-0.67296	-0.17477	0.71873	-1.74771
0.73405	-0.27739	0.61986	-2.77387
0.00000	0.00000	0.00000	1.00000

boidNo = 10
boid Wall No = 1
position = = (-2.2, 9.4, -2.4)
Boid Radius= 10
Boid Frame=
 -0.65028	-0.22194	0.72655	-2.21942
0.04021	0.94498	0.32465	9.44978
0.75863	-0.24033	0.60557	-2.40330
0.00000	0.00000	0.00000	1.00000

boidNo = 11
boid Wall No = 1
position = = (-6.0, 0.5, -8.0)
Boid Radius= 10
Boid Frame=
 -0.54072	-0.60154	-0.58802	-6.01538
-0.75994	0.04958	0.64810	0.49575
0.36071	-0.79730	0.48394	-7.97305
0.00000	0.00000	0.00000	1.00000

boidNo = 12
boid Wall No = 0
position = = (3.0, -2.3, -9.2)
Boid Radius= 10
Boid Frame=
 -0.79665	0.30483	-0.52195	3.04828
-0.59328	-0.22915	0.77169	-2.29147
-0.11563	-0.92443	-0.36340	-9.24431
0.00000	0.00000	0.00000	1.00000

boidNo = 13
boid Wall No = 0
position = = (2.4, -6.8, 6.9)
Boid Radius= 10
Boid Frame=
 0.83087	0.24019	0.50196	2.40194
-0.22581	-0.67890	0.69864	-6.78899
-0.50859	0.69383	0.50984	6.93832
0.00000	0.00000	0.00000	1.00000

boidNo = 14
boid Wall No = 1
position = = (0.8, 9.9, -1.1)
Boid Radius= 10
Boid Frame=
 -0.97002	0.08219	-0.22872	0.82194
0.05482	0.99082	0.12356	9.90821
-0.23677	-0.10732	0.96562	-1.07318
0.00000	0.00000	0.00000	1.00000

