Iteration Num of Simuation:0
m_SimulationDeltaT of action plan:0
boidNo = 0
boid Wall No = 1
position = = (1.2, 8.4, 5.4)
Boid Radius= 10
Boid Frame=
 0.99045	0.11888	0.06981	1.18880
-0.13778	0.83579	0.53148	8.35788
-0.00484	0.53603	-0.84419	5.36027
0.00000	0.00000	0.00000	1.00000

boidNo = 1
boid Wall No = 0
position = = (6.3, -1.5, -7.7)
Boid Radius= 10
Boid Frame=
 -0.55862	0.62635	-0.54371	6.26354
-0.76881	-0.14505	0.62281	-1.45048
-0.31123	-0.76593	-0.56258	-7.65926
0.00000	0.00000	0.00000	1.00000

boidNo = 2
boid Wall No = 1
position = = (-4.8, 8.4, -2.4)
Boid Radius= 9.999999
Boid Frame=
 -0.63292	-0.47862	0.60855	-4.78623
-0.14099	0.84413	0.51727	8.44130
0.76127	-0.24159	0.60174	-2.41588
0.00000	0.00000	0.00000	1.00000

boidNo = 3
boid Wall No = 1
position = = (5.1, 8.6, -0.3)
Boid Radius= 9.999999
Boid Frame=
 0.14954	0.50842	-0.84803	5.08421
-0.12714	0.86044	0.49344	8.60436
-0.98055	-0.03403	-0.19331	-0.34032
0.00000	0.00000	0.00000	1.00000

boidNo = 4
boid Wall No = 1
position = = (4.0, 0.8, -9.1)
Boid Radius= 10
Boid Frame=
 -0.61477	0.39868	-0.68052	3.98683
-0.71763	0.07519	0.69235	0.75191
-0.32720	-0.91400	-0.23988	-9.14001
0.00000	0.00000	0.00000	1.00000

boidNo = 5
boid Wall No = 0
position = = (6.0, -7.9, -0.7)
Boid Radius= 10
Boid Frame=
 -0.15262	0.60487	0.78157	6.04865
-0.02648	-0.79305	0.60858	-7.93050
-0.98793	-0.07218	-0.13705	-0.72184
0.00000	0.00000	0.00000	1.00000

boidNo = 6
boid Wall No = 0
position = = (-7.5, -4.4, -4.9)
Boid Radius= 10
Boid Frame=
 -0.20918	-0.75396	-0.62272	-7.53963
-0.54884	-0.43653	0.71289	-4.36532
0.80933	-0.49090	0.32250	-4.90897
0.00000	0.00000	0.00000	1.00000

boidNo = 7
boid Wall No = 1
position = = (9.6, 0.7, 2.8)
Boid Radius= 10
Boid Frame=
 0.24123	0.95718	0.16003	9.57184
-0.72174	0.06671	0.68894	0.66709
-0.64877	0.28169	-0.70693	2.81691
0.00000	0.00000	0.00000	1.00000

boidNo = 8
boid Wall No = 0
position = = (-4.0, -8.9, 2.1)
Boid Radius= 10
Boid Frame=
 0.23293	-0.40337	-0.88489	-4.03370
0.11701	-0.89169	0.43727	-8.91688
0.96543	0.20539	0.16050	2.05391
0.00000	0.00000	0.00000	1.00000

boidNo = 9
boid Wall No = 0
position = = (1.0, -8.3, 5.5)
Boid Radius= 10
Boid Frame=
 0.99212	0.09966	0.07591	0.99663
0.04023	-0.82728	0.56035	-8.27282
-0.11864	0.55288	0.82477	5.52877
0.00000	0.00000	0.00000	1.00000

boidNo = 10
boid Wall No = 1
position = = (-3.3, 8.5, 4.0)
Boid Radius= 10
Boid Frame=
 0.59557	-0.33401	0.73057	-3.34005
-0.14042	0.85217	0.50407	8.52169
0.79093	0.40280	-0.46062	4.02801
0.00000	0.00000	0.00000	1.00000

boidNo = 11
boid Wall No = 0
position = = (-6.7, -7.2, 1.9)
Boid Radius= 10
Boid Frame=
 0.40142	-0.66958	-0.62492	-6.69578
-0.14064	-0.71928	0.68034	-7.19278
0.90503	0.18521	0.38290	1.85215
0.00000	0.00000	0.00000	1.00000

boidNo = 12
boid Wall No = 1
position = = (-7.4, 3.1, -5.9)
Boid Radius= 10
Boid Frame=
 -0.62718	-0.74176	-0.23757	-7.41759
-0.63491	0.31021	0.70757	3.10212
0.45115	-0.59461	0.66551	-5.94610
0.00000	0.00000	0.00000	1.00000

boidNo = 13
boid Wall No = 1
position = = (-9.7, 2.0, -1.5)
Boid Radius= 10
Boid Frame=
 -0.24931	-0.96803	0.02773	-9.68027
-0.69055	0.19778	0.69572	1.97776
0.67896	-0.15430	0.71778	-1.54301
0.00000	0.00000	0.00000	1.00000

boidNo = 14
boid Wall No = 1
position = = (-3.3, 1.4, 9.3)
Boid Radius= 10
Boid Frame=
 0.61560	-0.33385	0.71385	-3.33849
-0.71549	0.14293	0.68385	1.42929
0.33033	0.93173	0.15088	9.31728
0.00000	0.00000	0.00000	1.00000

