Iteration Num of Simuation:0
m_SimulationDeltaT of action plan:0
boidNo = 0
boid Wall No = 1
position = = (3.4, 1.5, 9.3)
Boid Radius= 10
Boid Frame=
 0.59551	0.33744	0.72904	3.37439
-0.79823	0.14631	0.58431	1.46308
-0.09050	0.92991	-0.35648	9.29908
0.00000	0.00000	0.00000	1.00000

boidNo = 1
boid Wall No = 0
position = = (-3.6, -8.7, -3.5)
Boid Radius= 10
Boid Frame=
 -0.72390	-0.36148	-0.58762	-3.61479
0.02673	-0.86580	0.49968	-8.65800
0.68938	-0.34601	-0.63642	-3.46010
0.00000	0.00000	0.00000	1.00000

boidNo = 2
boid Wall No = 1
position = = (-3.5, 1.6, 9.2)
Boid Radius= 10
Boid Frame=
 0.61547	-0.34897	0.70669	-3.48969
-0.70465	0.15803	0.69173	1.58032
0.35307	0.92371	0.14864	9.23714
0.00000	0.00000	0.00000	1.00000

boidNo = 3
boid Wall No = 0
position = = (7.3, -5.3, 4.3)
Boid Radius= 10
Boid Frame=
 -0.50568	0.73232	0.45606	7.32318
-0.84392	-0.52966	-0.08524	-5.29661
-0.17914	0.42798	-0.88586	4.27984
0.00000	0.00000	0.00000	1.00000

boidNo = 4
boid Wall No = 1
position = = (-3.0, 4.3, -8.5)
Boid Radius= 10
Boid Frame=
 -0.85264	-0.29677	-0.43004	-2.96771
-0.52125	0.42619	0.73937	4.26187
0.03615	-0.85457	0.51807	-8.54571
0.00000	0.00000	0.00000	1.00000

boidNo = 5
boid Wall No = 1
position = = (-0.7, 9.0, -4.4)
Boid Radius= 10
Boid Frame=
 -0.52009	-0.06772	-0.85142	-0.67724
-0.40406	0.89775	0.17541	8.97755
-0.75249	-0.43526	0.49428	-4.35258
0.00000	0.00000	0.00000	1.00000

boidNo = 6
boid Wall No = 0
position = = (0.3, -3.1, -9.5)
Boid Radius= 10
Boid Frame=
 -0.69193	0.03492	-0.72112	0.34919
-0.69277	-0.31329	0.64956	-3.13289
0.20324	-0.94902	-0.24097	-9.49016
0.00000	0.00000	0.00000	1.00000

boidNo = 7
boid Wall No = 1
position = = (-8.6, 4.6, 2.0)
Boid Radius= 10
Boid Frame=
 -0.07925	-0.86380	0.49757	-8.63797
-0.51074	0.46383	0.72388	4.63831
0.85608	0.19676	0.47793	1.96762
0.00000	0.00000	0.00000	1.00000

boidNo = 8
boid Wall No = 0
position = = (-1.3, -8.5, 5.1)
Boid Radius= 10
Boid Frame=
 0.99100	-0.13258	0.01874	-1.32577
-0.12367	-0.85260	0.50772	-8.52598
0.05133	0.50547	0.86132	5.05470
0.00000	0.00000	0.00000	1.00000

boidNo = 9
boid Wall No = 0
position = = (1.9, -9.6, 2.0)
Boid Radius= 10
Boid Frame=
 0.91072	0.18983	0.36681	1.89832
0.09636	-0.96127	0.25823	-9.61267
-0.40162	0.19982	0.89374	1.99824
0.00000	0.00000	0.00000	1.00000

boidNo = 10
boid Wall No = 1
position = = (5.7, 3.5, -7.4)
Boid Radius= 10
Boid Frame=
 -0.46076	0.57333	-0.67749	5.73333
-0.61145	0.34823	0.71054	3.48231
-0.64330	-0.74164	-0.19011	-7.41637
0.00000	0.00000	0.00000	1.00000

boidNo = 11
boid Wall No = 1
position = = (-1.5, 7.6, -6.3)
Boid Radius= 10
Boid Frame=
 -0.89528	-0.15171	-0.41888	-1.51705
-0.37674	0.75965	0.53010	7.59647
-0.23778	-0.63239	0.73725	-6.32394
0.00000	0.00000	0.00000	1.00000

boidNo = 12
boid Wall No = 1
position = = (3.3, 8.5, -4.1)
Boid Radius= 10
Boid Frame=
 -0.49851	0.32517	-0.80359	3.25168
-0.21759	0.85037	0.47909	8.50370
-0.83913	-0.41369	0.35317	-4.13686
0.00000	0.00000	0.00000	1.00000

boidNo = 13
boid Wall No = 1
position = = (-0.1, 6.4, 7.6)
Boid Radius= 10
Boid Frame=
 0.84365	-0.00831	0.53682	-0.08309
-0.40576	0.64489	0.64766	6.44894
0.35157	0.76423	-0.54070	7.64227
0.00000	0.00000	0.00000	1.00000

boidNo = 14
boid Wall No = 0
position = = (-2.5, -9.7, 0.7)
Boid Radius= 10
Boid Frame=
 0.14244	-0.25183	-0.95723	-2.51826
0.03710	-0.96506	0.25941	-9.65056
0.98911	0.07247	0.12812	0.72466
0.00000	0.00000	0.00000	1.00000

