Iteration Num of Simuation:0
m_SimulationDeltaT of action plan:0
boidNo = 0
boid Wall No = 1
position = = (9.7, 2.3, 0.5)
Boid Radius= 10
Boid Frame=
 0.23074	0.97189	-0.04678	9.71890
-0.89610	0.23099	0.37902	2.30991
-0.37917	0.04553	-0.92421	0.45534
0.00000	0.00000	0.00000	1.00000

boidNo = 1
boid Wall No = 1
position = = (2.1, 9.8, -0.6)
Boid Radius= 10
Boid Frame=
 0.65071	0.21383	-0.72859	2.13828
-0.18429	0.97532	0.12165	9.75315
-0.73662	-0.05512	-0.67406	-0.55116
0.00000	0.00000	0.00000	1.00000

boidNo = 2
boid Wall No = 0
position = = (1.2, -9.6, 2.5)
Boid Radius= 10
Boid Frame=
 0.96668	0.11888	0.22669	1.18884
0.05542	-0.96180	0.26807	-9.61803
-0.24990	0.24658	0.93635	2.46579
0.00000	0.00000	0.00000	1.00000

boidNo = 3
boid Wall No = 1
position = = (-2.8, 9.6, 0.9)
Boid Radius= 10
Boid Frame=
 -0.63857	-0.27908	0.71717	-2.79077
-0.25380	0.95616	0.14609	9.56160
0.72650	0.08874	0.68141	0.88736
0.00000	0.00000	0.00000	1.00000

boidNo = 4
boid Wall No = 1
position = = (7.7, 4.2, 4.7)
Boid Radius= 10
Boid Frame=
 0.61275	0.77449	0.15717	7.74493
-0.68435	0.42055	0.59565	4.20551
-0.39523	0.47254	-0.78772	4.72544
0.00000	0.00000	0.00000	1.00000

boidNo = 5
boid Wall No = 1
position = = (-6.5, 5.9, -4.7)
Boid Radius= 10
Boid Frame=
 -0.74903	-0.65208	0.11726	-6.52079
-0.40664	0.59219	0.69567	5.92193
0.52307	-0.47339	0.70873	-4.73393
0.00000	0.00000	0.00000	1.00000

boidNo = 6
boid Wall No = 1
position = = (0.4, 9.7, 2.3)
Boid Radius= 9.999999
Boid Frame=
 0.86596	0.03731	0.49873	0.37313
-0.14399	0.97359	0.17717	9.73590
0.47895	0.22523	-0.84846	2.25233
0.00000	0.00000	0.00000	1.00000

boidNo = 7
boid Wall No = 0
position = = (2.6, -6.9, -6.7)
Boid Radius= 10
Boid Frame=
 -0.92473	0.26193	-0.27617	2.61932
-0.37932	-0.69435	0.61156	-6.94345
0.03157	-0.67028	-0.74144	-6.70281
0.00000	0.00000	0.00000	1.00000

boidNo = 8
boid Wall No = 0
position = = (-2.7, -3.2, -9.1)
Boid Radius= 10
Boid Frame=
 -0.75849	-0.27074	-0.59279	-2.70741
-0.51164	-0.31599	0.79898	-3.15992
0.40363	-0.90931	-0.10115	-9.09312
0.00000	0.00000	0.00000	1.00000

boidNo = 9
boid Wall No = 0
position = = (2.8, -9.2, -2.6)
Boid Radius= 10
Boid Frame=
 -0.66794	0.28451	0.68768	2.84508
0.00030	-0.92394	0.38254	-9.23939
-0.74421	-0.25572	-0.61705	-2.55719
0.00000	0.00000	0.00000	1.00000

boidNo = 10
boid Wall No = 0
position = = (-2.7, -6.1, -7.4)
Boid Radius= 10
Boid Frame=
 -0.79842	-0.27440	-0.53593	-2.74404
-0.28594	-0.61052	0.73858	-6.10520
0.52987	-0.74295	-0.40899	-7.42945
0.00000	0.00000	0.00000	1.00000

boidNo = 11
boid Wall No = 1
position = = (2.8, 9.6, 0.5)
Boid Radius= 10
Boid Frame=
 0.16752	0.27518	-0.94669	2.75179
0.00269	0.96012	0.27956	9.60124
-0.98587	0.04937	-0.16010	0.49374
0.00000	0.00000	0.00000	1.00000

boidNo = 12
boid Wall No = 0
position = = (7.0, -6.6, 2.7)
Boid Radius= 10
Boid Frame=
 0.12385	0.70210	0.70123	7.02098
-0.25836	-0.65948	0.70593	-6.59480
-0.95808	0.26860	-0.09972	2.68598
0.00000	0.00000	0.00000	1.00000

boidNo = 13
boid Wall No = 0
position = = (4.5, -7.0, -5.6)
Boid Radius= 10
Boid Frame=
 -0.86452	0.44709	0.22959	4.47095
-0.17903	-0.70078	0.69055	-7.00783
-0.46963	-0.55589	-0.68588	-5.55887
0.00000	0.00000	0.00000	1.00000

boidNo = 14
boid Wall No = 0
position = = (0.0, -10.0, 0.7)
Boid Radius= 10
Boid Frame=
 0.96200	0.00215	-0.27303	0.02147
0.02162	-0.99743	0.06833	-9.97428
0.27218	0.07164	0.95958	0.71641
0.00000	0.00000	0.00000	1.00000

boidNo = 15
boid Wall No = 1
position = = (-5.3, 8.1, 2.5)
Boid Radius= 10
Boid Frame=
 0.16564	-0.53225	0.83022	-5.32255
-0.19050	0.80873	0.55648	8.08728
0.96761	0.25033	-0.03257	2.50330
0.00000	0.00000	0.00000	1.00000

boidNo = 16
boid Wall No = 0
position = = (1.8, -9.1, 3.8)
Boid Radius= 10
Boid Frame=
 0.91898	0.17534	0.35316	1.75345
0.01156	-0.90727	0.42038	-9.07274
-0.39413	0.38224	0.83580	3.82242
0.00000	0.00000	0.00000	1.00000

boidNo = 17
boid Wall No = 1
position = = (2.8, 2.1, -9.4)
Boid Radius= 10
Boid Frame=
 -0.70574	0.27575	-0.65260	2.75745
-0.61870	0.20889	0.75735	2.08890
-0.34516	-0.93826	-0.02318	-9.38259
0.00000	0.00000	0.00000	1.00000

boidNo = 18
boid Wall No = 0
position = = (-3.3, -6.6, -6.8)
Boid Radius= 10
Boid Frame=
 -0.77102	-0.33221	-0.54330	-3.32210
-0.22370	-0.65748	0.71950	-6.57481
0.59623	-0.67628	-0.43261	-6.76281
0.00000	0.00000	0.00000	1.00000

boidNo = 19
boid Wall No = 1
position = = (6.8, 4.4, -5.8)
Boid Radius= 10
Boid Frame=
 -0.31046	0.68179	-0.66241	6.81787
-0.54948	0.43992	0.71032	4.39917
-0.77569	-0.58450	-0.23805	-5.84500
0.00000	0.00000	0.00000	1.00000

