Iteration Num of Simuation:0
m_SimulationDeltaT of action plan:0
boidNo = 0
boid Wall No = 0
position = = (5.9, -8.1, 0.0)
Boid Radius= 10
Boid Frame=
 0.01397	0.58750	0.80910	5.87501
0.00449	-0.80921	0.58750	-8.09210
-0.99989	0.00457	0.01394	0.04573
0.00000	0.00000	0.00000	1.00000

boidNo = 1
boid Wall No = 1
position = = (0.5, 10.0, 0.8)
Boid Radius= 10
Boid Frame=
 0.50096	0.04740	-0.86417	0.47399
0.04191	0.99600	0.07893	9.95999
-0.86445	0.07576	-0.49697	0.75761
0.00000	0.00000	0.00000	1.00000

boidNo = 2
boid Wall No = 0
position = = (-1.9, -9.8, -0.9)
Boid Radius= 10
Boid Frame=
 -0.87209	-0.18799	-0.45179	-1.87986
0.12348	-0.97793	0.16855	-9.77928
0.47351	-0.09120	-0.87606	-0.91203
0.00000	0.00000	0.00000	1.00000

boidNo = 3
boid Wall No = 1
position = = (6.4, 7.2, -2.5)
Boid Radius= 10
Boid Frame=
 -0.05311	0.64138	-0.76538	6.41379
-0.28715	0.72428	0.62686	7.24284
-0.95641	-0.25307	-0.14571	-2.53074
0.00000	0.00000	0.00000	1.00000

boidNo = 4
boid Wall No = 0
position = = (-5.3, -7.9, 3.0)
Boid Radius= 10
Boid Frame=
 0.50960	-0.53403	-0.67462	-5.34030
-0.01839	-0.79065	0.61199	-7.90655
0.86021	0.29946	0.41274	2.99463
0.00000	0.00000	0.00000	1.00000

boidNo = 5
boid Wall No = 0
position = = (-2.1, -6.6, -7.2)
Boid Radius= 10
Boid Frame=
 -0.85529	-0.20606	-0.47541	-2.06064
-0.23544	-0.66276	0.71085	-6.62763
0.46156	-0.71992	-0.51834	-7.19919
0.00000	0.00000	0.00000	1.00000

boidNo = 6
boid Wall No = 0
position = = (-0.1, -10.0, -0.2)
Boid Radius= 10
Boid Frame=
 -0.99439	-0.00588	0.10558	-0.05880
0.00815	-0.99975	0.02106	-9.99745
-0.10543	-0.02180	-0.99419	-0.21798
0.00000	0.00000	0.00000	1.00000

boidNo = 7
boid Wall No = 0
position = = (-3.1, -6.8, 6.6)
Boid Radius= 10
Boid Frame=
 0.94732	-0.31099	0.07664	-3.10988
-0.27913	-0.68422	0.67374	-6.84220
0.15709	0.65964	0.73498	6.59644
0.00000	0.00000	0.00000	1.00000

boidNo = 8
boid Wall No = 0
position = = (-1.3, -8.4, -5.3)
Boid Radius= 10
Boid Frame=
 -0.99085	-0.12752	-0.04411	-1.27523
0.08394	-0.83847	0.53845	-8.38467
0.10565	-0.52982	-0.84150	-5.29822
0.00000	0.00000	0.00000	1.00000

boidNo = 9
boid Wall No = 0
position = = (3.1, -7.4, -6.0)
Boid Radius= 10
Boid Frame=
 -0.92942	0.31309	0.19530	3.13093
-0.10911	-0.73875	0.66509	-7.38751
-0.35251	-0.59684	-0.72077	-5.96841
0.00000	0.00000	0.00000	1.00000

boidNo = 10
boid Wall No = 1
position = = (2.3, 4.5, 8.6)
Boid Radius= 10
Boid Frame=
 0.83183	0.23056	0.50487	2.30558
-0.55114	0.45055	0.70232	4.50549
0.06555	0.86247	-0.50185	8.62467
0.00000	0.00000	0.00000	1.00000

boidNo = 11
boid Wall No = 1
position = = (-2.6, 5.1, 8.2)
Boid Radius= 10
Boid Frame=
 0.63767	-0.25896	0.72548	-2.58958
-0.55008	0.50621	0.66420	5.06212
0.53924	0.82261	-0.18035	8.22612
0.00000	0.00000	0.00000	1.00000

boidNo = 12
boid Wall No = 0
position = = (-0.2, -10.0, 0.4)
Boid Radius= 10
Boid Frame=
 0.88205	-0.01579	-0.47090	-0.15787
0.00416	-0.99914	0.04128	-9.99139
0.47114	0.03837	0.88122	0.38373
0.00000	0.00000	0.00000	1.00000

boidNo = 13
boid Wall No = 1
position = = (2.0, 9.6, -2.1)
Boid Radius= 9.999999
Boid Frame=
 -0.79235	0.20345	-0.57514	2.03447
0.03700	0.95705	0.28757	9.57046
-0.60894	-0.20657	0.76585	-2.06573
0.00000	0.00000	0.00000	1.00000

boidNo = 14
boid Wall No = 1
position = = (2.9, 5.5, -7.8)
Boid Radius= 10
Boid Frame=
 -0.64348	0.28567	-0.71016	2.85668
-0.49641	0.55048	0.67123	5.50480
-0.58268	-0.78445	0.21241	-7.84452
0.00000	0.00000	0.00000	1.00000

