Iteration Num of Simuation:0
m_SimulationDeltaT of action plan:0
boidNo = 0
boid Wall No = 0
position = = (-9.8, -0.8, 2.0)
Boid Radius= 10
Boid Frame=
 0.20286	-0.97540	0.08626	-9.75401
-0.70136	-0.08326	0.70793	-0.83261
0.68333	0.20411	0.70100	2.04110
0.00000	0.00000	0.00000	1.00000

boidNo = 1
boid Wall No = 0
position = = (9.1, -4.2, 0.0)
Boid Radius= 10
Boid Frame=
 -0.25771	0.90757	0.33151	9.07570
-0.55250	-0.41989	0.72002	-4.19893
-0.79267	-0.00239	-0.60965	-0.02393
0.00000	0.00000	0.00000	1.00000

boidNo = 2
boid Wall No = 1
position = = (2.4, 9.7, 0.8)
Boid Radius= 10
Boid Frame=
 0.11391	0.24281	-0.96336	2.42814
0.05806	0.96639	0.25044	9.66389
-0.99179	0.08446	-0.09598	0.84457
0.00000	0.00000	0.00000	1.00000

boidNo = 3
boid Wall No = 1
position = = (-4.6, 6.1, 6.5)
Boid Radius= 10
Boid Frame=
 0.48770	-0.45978	0.74213	-4.59775
-0.43760	0.60683	0.66353	6.06827
0.75542	0.64836	-0.09475	6.48358
0.00000	0.00000	0.00000	1.00000

boidNo = 4
boid Wall No = 1
position = = (2.8, 9.2, -2.9)
Boid Radius= 10
Boid Frame=
 -0.72166	0.27578	-0.63494	2.75779
0.00127	0.91774	0.39717	9.17743
-0.69224	-0.28582	0.66265	-2.85820
0.00000	0.00000	0.00000	1.00000

boidNo = 5
boid Wall No = 1
position = = (1.9, 4.1, -8.9)
Boid Radius= 10
Boid Frame=
 -0.68819	0.18873	-0.70055	1.88732
-0.59485	0.40604	0.69375	4.06035
-0.41538	-0.89416	0.16716	-8.94156
0.00000	0.00000	0.00000	1.00000

boidNo = 6
boid Wall No = 1
position = = (5.7, 2.0, -8.0)
Boid Radius= 10
Boid Frame=
 -0.50300	0.57130	-0.64855	5.71296
-0.68103	0.20004	0.70440	2.00037
-0.53215	-0.79599	-0.28845	-7.95994
0.00000	0.00000	0.00000	1.00000

boidNo = 7
boid Wall No = 1
position = = (3.3, 9.3, -1.8)
Boid Radius= 10
Boid Frame=
 -0.51387	0.32635	-0.79337	3.26346
0.01729	0.92857	0.37076	9.28568
-0.85769	-0.17681	0.48281	-1.76807
0.00000	0.00000	0.00000	1.00000

boidNo = 8
boid Wall No = 1
position = = (0.4, 10.0, -0.8)
Boid Radius= 10
Boid Frame=
 -0.99919	0.03819	0.01243	0.38187
0.03905	0.99610	0.07907	9.96104
0.00936	-0.07949	0.99679	-0.79493
0.00000	0.00000	0.00000	1.00000

boidNo = 9
boid Wall No = 1
position = = (-8.3, 5.6, 0.3)
Boid Radius= 10
Boid Frame=
 -0.29711	-0.82769	0.47608	-8.27691
-0.48198	0.56042	0.67352	5.60417
0.82427	0.02935	0.56544	0.29352
0.00000	0.00000	0.00000	1.00000

boidNo = 10
boid Wall No = 0
position = = (-3.2, -8.7, -3.8)
Boid Radius= 10
Boid Frame=
 -0.87819	-0.32182	-0.35387	-3.21819
0.12184	-0.86592	0.48512	-8.65918
0.46254	-0.38291	-0.79965	-3.82908
0.00000	0.00000	0.00000	1.00000

boidNo = 11
boid Wall No = 0
position = = (0.4, -9.9, -1.1)
Boid Radius= 10
Boid Frame=
 -0.28833	0.03802	0.95678	0.38022
0.09856	-0.99273	0.06915	-9.92726
-0.95245	-0.11423	-0.28249	-1.14234
0.00000	0.00000	0.00000	1.00000

boidNo = 12
boid Wall No = 0
position = = (-0.8, -8.8, -4.7)
Boid Radius= 10
Boid Frame=
 -0.98327	-0.07586	0.16562	-0.75856
0.14385	-0.88114	0.45044	-8.81144
-0.11177	-0.46672	-0.87731	-4.66723
0.00000	0.00000	0.00000	1.00000

boidNo = 13
boid Wall No = 0
position = = (-2.4, -6.0, 7.7)
Boid Radius= 9.999999
Boid Frame=
 0.94634	-0.23876	0.21780	-2.38760
-0.31997	-0.59753	0.73524	-5.97527
0.04540	0.76548	0.64186	7.65477
0.00000	0.00000	0.00000	1.00000

boidNo = 14
boid Wall No = 0
position = = (7.2, -4.5, -5.3)
Boid Radius= 10
Boid Frame=
 -0.69050	0.72138	-0.05300	7.21384
-0.52650	-0.45102	0.72068	-4.51017
-0.49598	-0.52554	-0.69124	-5.25537
0.00000	0.00000	0.00000	1.00000

