Iteration Num of Simuation:0
m_SimulationDeltaT of action plan:0
boidNo = 0
boid Wall No = 0
position = = (1.9, -8.5, 4.9)
Boid Radius= 9.999999
Boid Frame=
 0.89213	0.19167	0.40911	1.91667
-0.05570	-0.85198	0.52060	-8.51982
-0.44834	0.48723	0.74940	4.87228
0.00000	0.00000	0.00000	1.00000

boidNo = 1
boid Wall No = 0
position = = (0.2, -8.8, -4.7)
Boid Radius= 10
Boid Frame=
 -0.88417	0.02196	0.46665	0.21958
0.20065	-0.88422	0.42178	-8.84218
-0.42188	-0.46656	-0.77739	-4.66558
0.00000	0.00000	0.00000	1.00000

boidNo = 2
boid Wall No = 1
position = = (-3.5, 0.3, 9.4)
Boid Radius= 10
Boid Frame=
 0.62010	-0.34643	0.70390	-3.46425
-0.74226	0.03145	0.66937	0.31446
0.25402	0.93755	0.23764	9.37550
0.00000	0.00000	0.00000	1.00000

boidNo = 3
boid Wall No = 0
position = = (7.1, -5.5, -4.4)
Boid Radius= 10
Boid Frame=
 -0.69304	0.70850	0.13313	7.08504
-0.42494	-0.55067	0.71846	-5.50667
-0.58235	-0.44135	-0.68270	-4.41348
0.00000	0.00000	0.00000	1.00000

boidNo = 4
boid Wall No = 0
position = = (2.7, -5.6, 7.8)
Boid Radius= 10
Boid Frame=
 0.78929	0.27490	0.54904	2.74903
-0.33301	-0.55960	0.75892	-5.59595
-0.51587	0.78185	0.35014	7.81845
0.00000	0.00000	0.00000	1.00000

boidNo = 5
boid Wall No = 0
position = = (-2.9, -7.4, 6.1)
Boid Radius= 10
Boid Frame=
 0.95120	-0.29032	-0.10451	-2.90325
-0.15284	-0.73754	0.65777	-7.37544
0.26805	0.60971	0.74593	6.09705
0.00000	0.00000	0.00000	1.00000

boidNo = 6
boid Wall No = 0
position = = (-4.7, -8.8, 0.0)
Boid Radius= 9.999999
Boid Frame=
 0.49695	-0.47348	-0.72723	-4.73478
-0.26735	-0.88081	0.39078	-8.80805
0.82557	-0.00023	0.56430	-0.00226
0.00000	0.00000	0.00000	1.00000

boidNo = 7
boid Wall No = 0
position = = (-3.2, -9.1, -2.5)
Boid Radius= 10
Boid Frame=
 -0.81720	-0.31894	-0.48006	-3.18937
0.12881	-0.91293	0.38725	-9.12932
0.56177	-0.25463	-0.78713	-2.54628
0.00000	0.00000	0.00000	1.00000

boidNo = 8
boid Wall No = 1
position = = (-3.2, 9.4, -1.0)
Boid Radius= 10
Boid Frame=
 -0.19415	-0.31597	0.92869	-3.15973
0.03405	0.94396	0.32829	9.43964
0.98038	-0.09536	0.17251	-0.95362
0.00000	0.00000	0.00000	1.00000

boidNo = 9
boid Wall No = 0
position = = (4.2, -9.1, 0.5)
Boid Radius= 10
Boid Frame=
 0.23813	0.41732	0.87701	4.17319
0.05955	-0.90756	0.41569	-9.07557
-0.96941	0.04676	0.24097	0.46759
0.00000	0.00000	0.00000	1.00000

boidNo = 10
boid Wall No = 1
position = = (7.5, 5.5, 3.7)
Boid Radius= 10
Boid Frame=
 0.64478	0.75035	-0.14572	7.50348
-0.48241	0.54735	0.68388	5.47351
-0.59291	0.37065	-0.71489	3.70655
0.00000	0.00000	0.00000	1.00000

boidNo = 11
boid Wall No = 1
position = = (3.6, 2.3, -9.0)
Boid Radius= 10
Boid Frame=
 -0.63182	0.36189	-0.68545	3.61891
-0.65083	0.23260	0.72272	2.32596
-0.42098	-0.90274	-0.08857	-9.02737
0.00000	0.00000	0.00000	1.00000

boidNo = 12
boid Wall No = 1
position = = (0.8, 8.9, 4.6)
Boid Radius= 10
Boid Frame=
 0.99689	0.07529	-0.02344	0.75294
-0.05599	0.88512	0.46198	8.85119
-0.05553	0.45923	-0.88658	4.59233
0.00000	0.00000	0.00000	1.00000

boidNo = 13
boid Wall No = 1
position = = (-3.6, 8.4, 4.0)
Boid Radius= 10
Boid Frame=
 0.59427	-0.36473	0.71681	-3.64727
-0.12515	0.83847	0.53038	8.38469
0.79447	0.40490	-0.45263	4.04901
0.00000	0.00000	0.00000	1.00000

boidNo = 14
boid Wall No = 0
position = = (-5.4, -7.8, -3.1)
Boid Radius= 10
Boid Frame=
 -0.27601	-0.54083	-0.79456	-5.40828
-0.18282	-0.78204	0.59581	-7.82041
0.94361	-0.30971	-0.11698	-3.09706
0.00000	0.00000	0.00000	1.00000

boidNo = 15
boid Wall No = 0
position = = (-3.3, -9.4, 0.4)
Boid Radius= 10
Boid Frame=
 0.37574	-0.32623	-0.86741	-3.26228
-0.08807	-0.94433	0.31701	-9.44325
0.92253	0.04272	0.38355	0.42721
0.00000	0.00000	0.00000	1.00000

boidNo = 16
boid Wall No = 0
position = = (2.6, -4.0, -8.8)
Boid Radius= 10
Boid Frame=
 -0.85099	0.26147	-0.45547	2.61473
-0.52505	-0.40341	0.74939	-4.03414
-0.01220	-0.87686	-0.48059	-8.76863
0.00000	0.00000	0.00000	1.00000

boidNo = 17
boid Wall No = 1
position = = (-5.2, 8.1, 2.8)
Boid Radius= 10
Boid Frame=
 0.22491	-0.52258	0.82239	-5.22584
-0.18616	0.80542	0.56271	8.05419
0.95643	0.27965	-0.08386	2.79653
0.00000	0.00000	0.00000	1.00000

boidNo = 18
boid Wall No = 0
position = = (-0.1, -1.2, -9.9)
Boid Radius= 10
Boid Frame=
 -0.82878	-0.00561	-0.55954	-0.05606
-0.55474	-0.12285	0.82290	-1.22853
0.07335	-0.99241	-0.09871	-9.92409
0.00000	0.00000	0.00000	1.00000

boidNo = 19
boid Wall No = 0
position = = (-5.4, -6.6, -5.2)
Boid Radius= 10
Boid Frame=
 -0.46812	-0.54297	-0.69717	-5.42972
-0.27418	-0.66077	0.69872	-6.60771
0.84006	-0.51823	-0.16045	-5.18231
0.00000	0.00000	0.00000	1.00000

