Iteration Num of Simuation:0
m_SimulationDeltaT of action plan:0
boidNo = 0
boid Wall No = 0
position = = (-1.9, -0.3, 9.8)
Boid Radius= 10
Boid Frame=
 0.68384	-0.19156	0.70404	-1.91559
-0.72061	-0.02602	0.69286	-0.26023
0.11440	0.98114	0.15583	9.81136
0.00000	0.00000	0.00000	1.00000

boidNo = 1
boid Wall No = 0
position = = (2.5, -0.7, 9.7)
Boid Radius= 10
Boid Frame=
 0.57658	0.24764	0.77861	2.47645
-0.79116	-0.06876	0.60774	-0.68756
-0.20404	0.96641	-0.15628	9.66408
0.00000	0.00000	0.00000	1.00000

boidNo = 2
boid Wall No = 0
position = = (-1.6, -7.2, -6.7)
Boid Radius= 10
Boid Frame=
 0.38016	-0.16413	-0.91024	-1.64133
-0.67534	-0.72169	-0.15192	-7.21687
0.63197	-0.67248	0.38520	-6.72480
0.00000	0.00000	0.00000	1.00000

boidNo = 3
boid Wall No = 0
position = = (0.7, -6.9, 7.2)
Boid Radius= 10
Boid Frame=
 0.94162	0.06833	0.32966	0.68328
-0.19541	-0.68645	0.70043	-6.86455
-0.27416	0.72396	0.63303	7.23955
0.00000	0.00000	0.00000	1.00000

boidNo = 4
boid Wall No = 0
position = = (7.8, -3.6, 5.1)
Boid Radius= 10
Boid Frame=
 0.31022	0.78283	0.53939	7.82829
-0.48793	-0.35584	0.79706	-3.55841
-0.81590	0.51045	-0.27157	5.10447
0.00000	0.00000	0.00000	1.00000

boidNo = 5
boid Wall No = 0
position = = (-9.4, -3.4, -0.8)
Boid Radius= 9.999999
Boid Frame=
 0.10220	-0.93813	-0.33087	-9.38127
-0.48789	-0.33713	0.80518	-3.37127
0.86690	-0.07914	0.49216	-0.79137
0.00000	0.00000	0.00000	1.00000

boidNo = 6
boid Wall No = 0
position = = (-4.5, -7.8, -4.3)
Boid Radius= 10
Boid Frame=
 -0.65205	-0.45386	-0.60732	-4.53864
-0.03634	-0.78140	0.62298	-7.81397
0.75730	-0.42828	-0.49302	-4.28283
0.00000	0.00000	0.00000	1.00000

boidNo = 7
boid Wall No = 0
position = = (-2.0, -4.8, 8.5)
Boid Radius= 10
Boid Frame=
 0.91786	-0.20222	0.34153	-2.02218
-0.39683	-0.48407	0.77987	-4.84070
-0.00762	0.85134	0.52455	8.51343
0.00000	0.00000	0.00000	1.00000

boidNo = 8
boid Wall No = 1
position = = (-1.6, 6.2, 7.7)
Boid Radius= 10
Boid Frame=
 0.78693	-0.16414	0.59481	-1.64136
-0.38708	0.61939	0.68303	6.19388
0.48052	0.76774	-0.42388	7.67736
0.00000	0.00000	0.00000	1.00000

boidNo = 9
boid Wall No = 0
position = = (-4.9, -6.3, 6.1)
Boid Radius= 10
Boid Frame=
 0.86370	-0.49190	-0.10979	-4.91900
-0.26274	-0.62533	0.73480	-6.25328
0.43010	0.60580	0.66934	6.05805
0.00000	0.00000	0.00000	1.00000

boidNo = 10
boid Wall No = 1
position = = (3.0, 7.8, 5.5)
Boid Radius= 10
Boid Frame=
 0.95356	0.30119	-0.00159	3.01192
-0.24593	0.78163	0.57322	7.81628
-0.17389	0.54621	-0.81940	5.46206
0.00000	0.00000	0.00000	1.00000

boidNo = 11
boid Wall No = 1
position = = (-2.2, 9.8, 0.0)
Boid Radius= 10
Boid Frame=
 -0.79986	-0.22082	0.55809	-2.20824
-0.18102	0.97531	0.12647	9.75314
0.57224	-0.00013	0.82009	-0.00132
0.00000	0.00000	0.00000	1.00000

boidNo = 12
boid Wall No = 1
position = = (9.1, 4.2, 0.0)
Boid Radius= 10
Boid Frame=
 0.29618	0.90715	-0.29893	9.07150
-0.63576	0.42080	0.64709	4.20804
-0.71280	0.00161	-0.70136	0.01607
0.00000	0.00000	0.00000	1.00000

boidNo = 13
boid Wall No = 1
position = = (-2.1, 3.6, 9.1)
Boid Radius= 9.999999
Boid Frame=
 0.60678	-0.20839	0.76707	-2.08387
-0.68141	0.36049	0.63696	3.60495
0.40926	0.90919	-0.07674	9.09186
0.00000	0.00000	0.00000	1.00000

boidNo = 14
boid Wall No = 0
position = = (-0.4, -5.6, -8.3)
Boid Radius= 10
Boid Frame=
 -0.90041	-0.03958	-0.43324	-0.39575
-0.33980	-0.55789	0.75716	-5.57892
0.27167	-0.82897	-0.48888	-8.28969
0.00000	0.00000	0.00000	1.00000

boidNo = 15
boid Wall No = 1
position = = (6.7, 0.4, 7.4)
Boid Radius= 10
Boid Frame=
 0.49771	0.67420	0.54566	6.74199
-0.76072	0.03711	0.64802	0.37107
-0.41665	0.73762	-0.53134	7.37617
0.00000	0.00000	0.00000	1.00000

boidNo = 16
boid Wall No = 1
position = = (-7.5, 6.2, -2.4)
Boid Radius= 9.999999
Boid Frame=
 -0.54827	-0.74976	0.37049	-7.49760
-0.37964	0.61786	0.68856	6.17863
0.74517	-0.23687	0.62339	-2.36868
0.00000	0.00000	0.00000	1.00000

boidNo = 17
boid Wall No = 0
position = = (1.0, -1.3, -9.9)
Boid Radius= 10
Boid Frame=
 -0.81578	0.10085	-0.56950	1.00851
-0.57830	-0.12883	0.80558	-1.28830
-0.00788	-0.98653	-0.16342	-9.86525
0.00000	0.00000	0.00000	1.00000

boidNo = 18
boid Wall No = 1
position = = (6.1, 6.3, -4.7)
Boid Radius= 10
Boid Frame=
 -0.23200	0.61412	-0.75435	6.14115
-0.43012	0.63080	0.64582	6.30804
-0.87245	-0.47429	-0.11780	-4.74288
0.00000	0.00000	0.00000	1.00000

boidNo = 19
boid Wall No = 0
position = = (5.7, -2.2, -7.9)
Boid Radius= 10
Boid Frame=
 -0.70179	0.57394	-0.42199	5.73944
-0.62971	-0.22281	0.74419	-2.22808
-0.33310	-0.78800	-0.51778	-7.88001
0.00000	0.00000	0.00000	1.00000

