Iteration Num of Simuation:0
m_SimulationDeltaT of action plan:0
boidNo = 0
boid Wall No = 1
position = = (-6.5, 7.6, 0.8)
Boid Radius= 10
Boid Frame=
 -0.18830	-0.65038	0.73590	-6.50380
-0.26195	0.75542	0.60060	7.55420
0.94653	0.07967	0.31262	0.79671
0.00000	0.00000	0.00000	1.00000

boidNo = 1
boid Wall No = 1
position = = (7.5, 6.5, 1.1)
Boid Radius= 10
Boid Frame=
 0.49075	0.74988	-0.44367	7.49878
-0.43264	0.65172	0.62296	6.51721
-0.75629	0.11377	-0.64426	1.13769
0.00000	0.00000	0.00000	1.00000

boidNo = 2
boid Wall No = 1
position = = (-7.7, 6.2, -1.6)
Boid Radius= 10
Boid Frame=
 -0.50221	-0.76666	0.40002	-7.66656
-0.42282	0.62123	0.65977	6.21229
0.75432	-0.16221	0.63615	-1.62210
0.00000	0.00000	0.00000	1.00000

boidNo = 3
boid Wall No = 1
position = = (2.1, 8.0, -5.6)
Boid Radius= 9.999999
Boid Frame=
 -0.79440	0.20729	-0.57092	2.07291
-0.19328	0.80483	0.56116	8.04826
-0.57582	-0.55613	0.59929	-5.56134
0.00000	0.00000	0.00000	1.00000

boidNo = 4
boid Wall No = 0
position = = (8.0, -4.8, -3.7)
Boid Radius= 10
Boid Frame=
 -0.58975	0.79948	0.11414	7.99479
-0.50442	-0.47504	0.72105	-4.75035
-0.63068	-0.36766	-0.68342	-3.67662
0.00000	0.00000	0.00000	1.00000

boidNo = 5
boid Wall No = 0
position = = (7.7, -6.3, 0.7)
Boid Radius= 10
Boid Frame=
 -0.13322	0.76978	0.62425	7.69778
-0.26228	-0.63480	0.72680	-6.34795
-0.95575	0.06690	-0.28647	0.66905
0.00000	0.00000	0.00000	1.00000

boidNo = 6
boid Wall No = 0
position = = (0.9, -9.4, -3.3)
Boid Radius= 10
Boid Frame=
 -0.64844	0.08771	0.75620	0.87705
0.20044	-0.93862	0.28074	-9.38622
-0.73441	-0.33361	-0.59106	-3.33611
0.00000	0.00000	0.00000	1.00000

boidNo = 7
boid Wall No = 1
position = = (-3.3, 9.4, 0.0)
Boid Radius= 10
Boid Frame=
 0.08905	-0.33308	0.93868	-3.33084
0.02755	0.94289	0.33196	9.42890
0.99565	0.00370	-0.09314	0.03702
0.00000	0.00000	0.00000	1.00000

boidNo = 8
boid Wall No = 0
position = = (-8.7, -1.9, -4.5)
Boid Radius= 10
Boid Frame=
 -0.20384	-0.87332	-0.44245	-8.73321
-0.69182	-0.19128	0.69627	-1.91276
0.69270	-0.44802	0.56519	-4.48023
0.00000	0.00000	0.00000	1.00000

boidNo = 9
boid Wall No = 0
position = = (2.4, -8.7, -4.3)
Boid Radius= 10
Boid Frame=
 -0.76040	0.23627	0.60495	2.36273
0.10816	-0.87240	0.47668	-8.72398
-0.64038	-0.42790	-0.63782	-4.27899
0.00000	0.00000	0.00000	1.00000

boidNo = 10
boid Wall No = 1
position = = (-1.3, 9.5, -2.8)
Boid Radius= 10
Boid Frame=
 -0.83229	-0.13317	0.53810	-1.33170
0.04712	0.95021	0.30804	9.50206
0.55233	-0.28173	0.78457	-2.81734
0.00000	0.00000	0.00000	1.00000

boidNo = 11
boid Wall No = 1
position = = (-4.6, 8.9, -0.4)
Boid Radius= 10
Boid Frame=
 -0.25757	-0.46110	0.84914	-4.61102
-0.09402	0.88658	0.45291	8.86583
0.96167	-0.03682	0.27171	-0.36820
0.00000	0.00000	0.00000	1.00000

boidNo = 12
boid Wall No = 0
position = = (-3.0, -0.1, 9.5)
Boid Radius= 10
Boid Frame=
 0.69656	-0.30079	0.65140	-3.00790
-0.68450	-0.00644	0.72898	-0.06440
0.21508	0.95367	0.21038	9.53669
0.00000	0.00000	0.00000	1.00000

boidNo = 13
boid Wall No = 1
position = = (-0.3, 10.0, -0.5)
Boid Radius= 10
Boid Frame=
 -0.82367	-0.03043	0.56625	-0.30434
0.00607	0.99803	0.06248	9.98028
0.56703	-0.05490	0.82186	-0.54899
0.00000	0.00000	0.00000	1.00000

boidNo = 14
boid Wall No = 1
position = = (-4.5, 8.9, -0.7)
Boid Radius= 10
Boid Frame=
 -0.26474	-0.45221	0.85172	-4.52207
-0.05957	0.88921	0.45360	8.89213
0.96248	-0.06935	0.26235	-0.69350
0.00000	0.00000	0.00000	1.00000

