Iteration Num of Simuation:0
m_SimulationDeltaT of action plan:0
boidNo = 0
boid Wall No = 0
position = = (-9.6, -2.2, -1.9)
Boid Radius= 9.999999
Boid Frame=
 -0.00395	-0.95674	-0.29092	-9.56738
-0.62808	-0.22401	0.74521	-2.24005
0.77814	-0.18567	0.60003	-1.85670
0.00000	0.00000	0.00000	1.00000

boidNo = 1
boid Wall No = 0
position = = (-1.1, -8.3, -5.4)
Boid Radius= 10
Boid Frame=
 -0.99093	-0.10809	-0.07980	-1.08091
0.04633	-0.83240	0.55224	-8.32398
0.12612	-0.54353	-0.82986	-5.43534
0.00000	0.00000	0.00000	1.00000

boidNo = 2
boid Wall No = 0
position = = (2.0, -8.9, -4.2)
Boid Radius= 10
Boid Frame=
 -0.72868	0.19948	0.65516	1.99480
0.15184	-0.88577	0.43858	-8.85773
-0.66781	-0.41906	-0.61515	-4.19063
0.00000	0.00000	0.00000	1.00000

boidNo = 3
boid Wall No = 1
position = = (8.4, 4.7, -2.7)
Boid Radius= 10
Boid Frame=
 0.04372	0.84106	-0.53918	8.41056
-0.56473	0.46600	0.68112	4.66002
-0.82412	-0.27471	-0.49534	-2.74713
0.00000	0.00000	0.00000	1.00000

boidNo = 4
boid Wall No = 0
position = = (-1.1, -7.3, 6.8)
Boid Radius= 10
Boid Frame=
 0.98748	-0.10943	0.11360	-1.09427
-0.15746	-0.72613	0.66929	-7.26128
-0.00925	0.67880	0.73427	6.78796
0.00000	0.00000	0.00000	1.00000

boidNo = 5
boid Wall No = 0
position = = (4.8, -5.4, -6.9)
Boid Radius= 10
Boid Frame=
 -0.86650	0.47745	-0.14568	4.77455
-0.42192	-0.54454	0.72488	-5.44542
-0.26677	-0.68957	-0.67329	-6.89573
0.00000	0.00000	0.00000	1.00000

boidNo = 6
boid Wall No = 1
position = = (6.3, 4.3, -6.4)
Boid Radius= 10
Boid Frame=
 -0.36001	0.63397	-0.68445	6.33971
-0.57410	0.42775	0.69817	4.27753
-0.73540	-0.64429	-0.20997	-6.44289
0.00000	0.00000	0.00000	1.00000

boidNo = 7
boid Wall No = 1
position = = (1.7, 8.5, 5.1)
Boid Radius= 9.999999
Boid Frame=
 0.98537	0.17017	-0.00977	1.70170
-0.14083	0.84507	0.51578	8.45068
-0.09602	0.50685	-0.85667	5.06855
0.00000	0.00000	0.00000	1.00000

boidNo = 8
boid Wall No = 0
position = = (-1.8, -9.0, -3.9)
Boid Radius= 10
Boid Frame=
 -0.97412	-0.18311	-0.13249	-1.83108
0.11247	-0.90119	0.41858	-9.01188
0.19604	-0.39285	-0.89846	-3.92850
0.00000	0.00000	0.00000	1.00000

boidNo = 9
boid Wall No = 0
position = = (4.9, -8.6, 1.6)
Boid Radius= 10
Boid Frame=
 0.43721	0.48706	0.75606	4.87058
0.07853	-0.85813	0.50740	-8.58125
-0.89593	0.16247	0.41343	1.62467
0.00000	0.00000	0.00000	1.00000

boidNo = 10
boid Wall No = 1
position = = (-1.0, 9.9, 0.6)
Boid Radius= 10
Boid Frame=
 0.83536	-0.09911	0.54070	-0.99106
0.04885	0.99311	0.10655	9.93106
0.54753	0.06260	-0.83444	0.62598
0.00000	0.00000	0.00000	1.00000

boidNo = 11
boid Wall No = 1
position = = (6.7, 5.2, -5.3)
Boid Radius= 10
Boid Frame=
 -0.22957	0.66789	-0.70797	6.67890
-0.53088	0.52374	0.66623	5.23737
-0.81576	-0.52879	-0.23433	-5.28794
0.00000	0.00000	0.00000	1.00000

boidNo = 12
boid Wall No = 1
position = = (-5.3, 8.4, 1.2)
Boid Radius= 10
Boid Frame=
 0.01938	-0.53265	0.84611	-5.32654
-0.12524	0.83831	0.53061	8.38312
0.99194	0.11625	0.05046	1.16246
0.00000	0.00000	0.00000	1.00000

boidNo = 13
boid Wall No = 1
position = = (-4.3, 9.0, 0.1)
Boid Radius= 9.999999
Boid Frame=
 -0.03342	-0.42928	0.90255	-4.29279
-0.02563	0.90313	0.42860	9.03129
0.99911	0.00881	0.04118	0.08807
0.00000	0.00000	0.00000	1.00000

boidNo = 14
boid Wall No = 1
position = = (1.6, 9.6, 2.5)
Boid Radius= 10
Boid Frame=
 0.73922	0.15896	-0.65443	1.58963
0.05287	0.95505	0.29170	9.55048
-0.67138	0.25023	-0.69759	2.50230
0.00000	0.00000	0.00000	1.00000

