Iteration Num of Simuation:0
m_SimulationDeltaT of action plan:0
boidNo = 0
boid Wall No = 0
position = = (7.2, -5.0, 4.9)
Boid Radius= 10
Boid Frame=
 0.32310	0.71736	0.61725	7.17361
-0.38614	-0.49554	0.77803	-4.95539
-0.86400	0.48973	-0.11689	4.89728
0.00000	0.00000	0.00000	1.00000

boidNo = 1
boid Wall No = 1
position = = (-6.0, 7.9, -0.8)
Boid Radius= 10
Boid Frame=
 -0.42320	-0.60482	0.67461	-6.04820
-0.23725	0.79257	0.56174	7.92565
0.87442	-0.07768	0.47891	-0.77677
0.00000	0.00000	0.00000	1.00000

boidNo = 2
boid Wall No = 0
position = = (2.2, -9.6, -1.8)
Boid Radius= 10
Boid Frame=
 -0.01378	0.22061	0.97527	2.20607
0.18368	-0.95820	0.21934	-9.58202
-0.98289	-0.18216	0.02732	-1.82157
0.00000	0.00000	0.00000	1.00000

boidNo = 3
boid Wall No = 1
position = = (-1.5, 9.5, 2.9)
Boid Radius= 9.999999
Boid Frame=
 0.91549	-0.15467	0.37142	-1.54673
0.02809	0.94547	0.32449	9.45473
0.40136	0.28663	-0.86992	2.86632
0.00000	0.00000	0.00000	1.00000

boidNo = 4
boid Wall No = 1
position = = (-6.1, 6.7, -4.3)
Boid Radius= 9.999999
Boid Frame=
 -0.76787	-0.60702	0.20470	-6.07021
-0.35698	0.67079	0.65008	6.70793
0.53192	-0.42610	0.73178	-4.26101
0.00000	0.00000	0.00000	1.00000

boidNo = 5
boid Wall No = 0
position = = (7.1, -0.2, -7.0)
Boid Radius= 9.999999
Boid Frame=
 -0.47023	0.70935	-0.52508	7.09345
-0.75513	-0.01544	0.65539	-0.15436
-0.45680	-0.70469	-0.54291	-7.04692
0.00000	0.00000	0.00000	1.00000

boidNo = 6
boid Wall No = 0
position = = (-1.0, -9.8, -1.7)
Boid Radius= 10
Boid Frame=
 -0.97459	-0.10139	0.19972	-1.01392
0.13187	-0.98049	0.14575	-9.80493
-0.18104	-0.16839	-0.96895	-1.68385
0.00000	0.00000	0.00000	1.00000

boidNo = 7
boid Wall No = 1
position = = (-8.1, 4.3, -4.0)
Boid Radius= 10
Boid Frame=
 -0.59153	-0.80625	0.00744	-8.06252
-0.58190	0.43327	0.68823	4.33275
0.55811	-0.40278	0.72545	-4.02780
0.00000	0.00000	0.00000	1.00000

boidNo = 8
boid Wall No = 1
position = = (9.6, 2.8, 0.1)
Boid Radius= 10
Boid Frame=
 0.20028	0.95954	-0.19794	9.59536
-0.65691	0.28141	0.69949	2.81406
-0.72688	0.01006	-0.68669	0.10061
0.00000	0.00000	0.00000	1.00000

boidNo = 9
boid Wall No = 1
position = = (-2.0, 9.6, 1.8)
Boid Radius= 9.999999
Boid Frame=
 0.81352	-0.19668	0.54728	-1.96676
0.06018	0.96449	0.25715	9.64495
0.57842	0.17626	-0.79647	1.76261
0.00000	0.00000	0.00000	1.00000

boidNo = 10
boid Wall No = 1
position = = (1.1, 9.6, 2.6)
Boid Radius= 10
Boid Frame=
 0.81657	0.11263	-0.56615	1.12631
0.05830	0.95967	0.27501	9.59673
-0.57429	0.25757	-0.77707	2.57571
0.00000	0.00000	0.00000	1.00000

boidNo = 11
boid Wall No = 1
position = = (2.9, 9.3, 2.3)
Boid Radius= 10
Boid Frame=
 0.65451	0.29362	-0.69671	2.93621
-0.02092	0.92819	0.37152	9.28189
-0.75576	0.22859	-0.61365	2.28589
0.00000	0.00000	0.00000	1.00000

boidNo = 12
boid Wall No = 1
position = = (2.9, 9.4, -1.7)
Boid Radius= 10
Boid Frame=
 -0.55125	0.29140	-0.78180	2.91399
0.01945	0.94126	0.33712	9.41262
-0.83412	-0.17063	0.52454	-1.70627
0.00000	0.00000	0.00000	1.00000

boidNo = 13
boid Wall No = 0
position = = (-0.3, -9.9, -1.2)
Boid Radius= 9.999999
Boid Frame=
 -0.99019	-0.02659	0.13716	-0.26592
0.04255	-0.99248	0.11478	-9.92479
-0.13308	-0.11949	-0.98388	-1.19493
0.00000	0.00000	0.00000	1.00000

boidNo = 14
boid Wall No = 0
position = = (-5.1, -8.6, -0.5)
Boid Radius= 10
Boid Frame=
 -0.33797	-0.50702	-0.79291	-5.07023
0.14116	-0.86026	0.48992	-8.60261
0.93051	-0.05365	-0.36231	-0.53647
0.00000	0.00000	0.00000	1.00000

