Iteration Num of Simuation:0
m_SimulationDeltaT of action plan:0
boidNo = 0
boid Wall No = 1
position = = (-3.7, 8.3, 4.2)
Boid Radius= 10
Boid Frame=
 0.59259	-0.37062	0.71517	-3.70623
-0.13466	0.82978	0.54160	8.29783
0.79417	0.41725	-0.44181	4.17252
0.00000	0.00000	0.00000	1.00000

boidNo = 1
boid Wall No = 0
position = = (0.4, -9.9, -1.1)
Boid Radius= 10
Boid Frame=
 -0.45440	0.03766	0.89000	0.37662
0.07701	-0.99370	0.08137	-9.93705
-0.88746	-0.10551	-0.44864	-1.05510
0.00000	0.00000	0.00000	1.00000

boidNo = 2
boid Wall No = 1
position = = (2.4, 5.1, 8.2)
Boid Radius= 10
Boid Frame=
 0.86093	0.24099	0.44802	2.40987
-0.50472	0.51479	0.69300	5.14786
0.06363	0.82275	-0.56483	8.22752
0.00000	0.00000	0.00000	1.00000

boidNo = 3
boid Wall No = 0
position = = (4.0, -9.1, 1.0)
Boid Radius= 10
Boid Frame=
 0.75934	0.40063	0.51273	4.00630
0.26942	-0.91084	0.31269	-9.10843
-0.59229	0.09930	0.79958	0.99298
0.00000	0.00000	0.00000	1.00000

boidNo = 4
boid Wall No = 0
position = = (4.3, -8.4, -3.3)
Boid Radius= 10
Boid Frame=
 -0.51292	0.42889	0.74362	4.28889
0.07334	-0.84119	0.53575	-8.41185
-0.85530	-0.32933	-0.40000	-3.29335
0.00000	0.00000	0.00000	1.00000

boidNo = 5
boid Wall No = 0
position = = (9.0, -3.4, -2.8)
Boid Radius= 10
Boid Frame=
 -0.43695	0.89767	0.05715	8.97671
-0.60808	-0.34161	0.71662	-3.41611
-0.66281	-0.27837	-0.69512	-2.78369
0.00000	0.00000	0.00000	1.00000

boidNo = 6
boid Wall No = 0
position = = (-8.3, -5.1, -2.2)
Boid Radius= 10
Boid Frame=
 0.15021	-0.82873	-0.53911	-8.28734
-0.58504	-0.51408	0.62726	-5.14081
0.79697	-0.22118	0.56206	-2.21179
0.00000	0.00000	0.00000	1.00000

boidNo = 7
boid Wall No = 1
position = = (-2.9, 9.3, -2.4)
Boid Radius= 10
Boid Frame=
 -0.62283	-0.29052	0.72642	-2.90518
0.00852	0.92593	0.37761	9.25925
0.78231	-0.24137	0.57422	-2.41374
0.00000	0.00000	0.00000	1.00000

boidNo = 8
boid Wall No = 0
position = = (-5.0, -2.6, -8.2)
Boid Radius= 10
Boid Frame=
 -0.56103	-0.50240	-0.65790	-5.02397
-0.62736	-0.26045	0.73388	-2.60453
0.54005	-0.82448	0.16906	-8.24477
0.00000	0.00000	0.00000	1.00000

boidNo = 9
boid Wall No = 1
position = = (-5.0, 8.4, 2.2)
Boid Radius= 10
Boid Frame=
 0.21827	-0.49775	0.83941	-4.97748
-0.12487	0.83883	0.52988	8.38831
0.96787	0.22048	-0.12094	2.20477
0.00000	0.00000	0.00000	1.00000

boidNo = 10
boid Wall No = 0
position = = (-0.1, -4.6, -8.9)
Boid Radius= 10
Boid Frame=
 -0.27858	-0.00863	-0.96037	-0.08629
-0.85390	-0.45547	0.25179	-4.55468
0.43959	-0.89021	-0.11952	-8.90211
0.00000	0.00000	0.00000	1.00000

boidNo = 11
boid Wall No = 1
position = = (-0.9, 9.6, -2.5)
Boid Radius= 10
Boid Frame=
 -0.84296	-0.08738	0.53084	-0.87381
0.06109	0.96479	0.25582	9.64793
0.53450	-0.24807	0.80794	-2.48071
0.00000	0.00000	0.00000	1.00000

boidNo = 12
boid Wall No = 0
position = = (1.2, -9.9, 0.7)
Boid Radius= 10
Boid Frame=
 0.85614	0.12056	0.50249	1.20562
0.06980	-0.99047	0.11872	-9.90472
-0.51202	0.06656	0.85639	0.66561
0.00000	0.00000	0.00000	1.00000

boidNo = 13
boid Wall No = 1
position = = (3.1, 9.5, -0.2)
Boid Radius= 10
Boid Frame=
 -0.17693	0.30948	-0.93430	3.09484
0.04160	0.95078	0.30707	9.50779
-0.98334	-0.01546	0.18110	-0.15463
0.00000	0.00000	0.00000	1.00000

boidNo = 14
boid Wall No = 1
position = = (2.3, 9.7, -0.6)
Boid Radius= 10
Boid Frame=
 -0.37810	0.22922	-0.89694	2.29224
0.03182	0.97151	0.23487	9.71507
-0.92522	-0.06026	0.37462	-0.60260
0.00000	0.00000	0.00000	1.00000

