Iteration Num of Simuation:0
m_SimulationDeltaT of action plan:0
boidNo = 0
boid Wall No = 0
position = = (-4.7, -8.6, -2.0)
Boid Radius= 10
Boid Frame=
 -0.53510	-0.47112	-0.70122	-4.71117
0.10048	-0.85966	0.50089	-8.59660
0.83879	-0.19757	-0.50734	-1.97569
0.00000	0.00000	0.00000	1.00000

boidNo = 1
boid Wall No = 1
position = = (-2.0, 9.2, 3.4)
Boid Radius= 10
Boid Frame=
 0.85776	-0.20266	0.47242	-2.02659
-0.00003	0.91899	0.39429	9.18987
0.51405	0.33822	-0.78826	3.38219
0.00000	0.00000	0.00000	1.00000

boidNo = 2
boid Wall No = 0
position = = (-3.3, -9.4, 0.7)
Boid Radius= 10
Boid Frame=
 -0.22816	-0.33184	-0.91533	-3.31841
0.14959	-0.94091	0.30383	-9.40910
0.96206	0.06761	-0.26432	0.67606
0.00000	0.00000	0.00000	1.00000

boidNo = 3
boid Wall No = 1
position = = (-1.2, 6.4, -7.6)
Boid Radius= 10
Boid Frame=
 -0.91109	-0.12096	-0.39405	-1.20955
-0.37571	0.63695	0.67316	6.36952
-0.16957	-0.76136	0.62577	-7.61355
0.00000	0.00000	0.00000	1.00000

boidNo = 4
boid Wall No = 0
position = = (-0.5, -10.0, 0.8)
Boid Radius= 10
Boid Frame=
 0.84159	-0.04543	-0.53820	-0.45431
0.00755	-0.99537	0.09582	-9.95370
0.54006	0.08470	0.83735	0.84703
0.00000	0.00000	0.00000	1.00000

boidNo = 5
boid Wall No = 1
position = = (-0.3, 0.2, 10.0)
Boid Radius= 9.999999
Boid Frame=
 0.72593	-0.03272	0.68699	-0.32719
-0.68670	0.02104	0.72663	0.21042
0.03823	0.99924	0.00719	9.99243
0.00000	0.00000	0.00000	1.00000

boidNo = 6
boid Wall No = 1
position = = (-6.0, 4.0, -7.0)
Boid Radius= 10
Boid Frame=
 -0.73944	-0.59535	-0.31431	-5.95351
-0.61001	0.39501	0.68692	3.95005
0.28480	-0.69966	0.65525	-6.99663
0.00000	0.00000	0.00000	1.00000

boidNo = 7
boid Wall No = 1
position = = (5.5, 8.3, -0.3)
Boid Radius= 10
Boid Frame=
 0.15039	0.55445	-0.81852	5.54451
-0.13911	0.83156	0.53773	8.31562
-0.97879	-0.03300	-0.20219	-0.33000
0.00000	0.00000	0.00000	1.00000

boidNo = 8
boid Wall No = 1
position = = (-5.8, 8.2, -0.3)
Boid Radius= 10
Boid Frame=
 -0.29273	-0.57588	0.76333	-5.75885
-0.17721	0.81714	0.54852	8.17140
0.93963	-0.02530	0.34126	-0.25297
0.00000	0.00000	0.00000	1.00000

boidNo = 9
boid Wall No = 1
position = = (-0.2, 9.9, 1.0)
Boid Radius= 9.999999
Boid Frame=
 0.98460	-0.01868	-0.17381	-0.18676
0.03621	0.99450	0.09829	9.94499
-0.17102	0.10307	-0.97986	1.03070
0.00000	0.00000	0.00000	1.00000

boidNo = 10
boid Wall No = 1
position = = (8.9, 0.4, -4.5)
Boid Radius= 10
Boid Frame=
 -0.27706	0.89320	-0.35416	8.93202
-0.73106	0.04324	0.68094	0.43236
-0.62353	-0.44757	-0.64100	-4.47573
0.00000	0.00000	0.00000	1.00000

boidNo = 11
boid Wall No = 0
position = = (0.0, -10.0, -0.1)
Boid Radius= 10
Boid Frame=
 -0.99155	-0.00072	0.12974	-0.00718
0.00197	-0.99995	0.00950	-9.99953
-0.12972	-0.00967	-0.99150	-0.09670
0.00000	0.00000	0.00000	1.00000

boidNo = 12
boid Wall No = 1
position = = (-7.9, 4.0, 4.6)
Boid Radius= 10
Boid Frame=
 0.12683	-0.79193	0.59729	-7.91932
-0.63007	0.40076	0.66514	4.00756
0.76611	0.46069	0.44815	4.60693
0.00000	0.00000	0.00000	1.00000

boidNo = 13
boid Wall No = 1
position = = (1.2, 0.4, -9.9)
Boid Radius= 10
Boid Frame=
 -0.73537	0.12456	-0.66612	1.24560
-0.66729	0.03823	0.74381	0.38228
-0.11811	-0.99148	-0.05501	-9.91476
0.00000	0.00000	0.00000	1.00000

boidNo = 14
boid Wall No = 0
position = = (-1.8, -9.6, -2.2)
Boid Radius= 10
Boid Frame=
 -0.98043	-0.17883	0.08228	-1.78834
0.19246	-0.95859	0.20990	-9.58593
-0.04133	-0.22162	-0.97426	-2.21625
0.00000	0.00000	0.00000	1.00000

