Iteration Num of Simuation:0
m_SimulationDeltaT of action plan:0
boidNo = 0
boid Wall No = 0
position = = (8.1, -5.8, 0.3)
Boid Radius= 10
Boid Frame=
 -0.30576	0.81335	0.49495	8.13347
-0.47367	-0.58090	0.66197	-5.80896
-0.82593	0.03204	-0.56287	0.32043
0.00000	0.00000	0.00000	1.00000

boidNo = 1
boid Wall No = 1
position = = (0.2, 10.0, 0.8)
Boid Radius= 9.999999
Boid Frame=
 0.81133	0.01651	-0.58436	0.16511
0.03458	0.99650	0.07617	9.96495
-0.58357	0.08200	-0.80791	0.82002
0.00000	0.00000	0.00000	1.00000

boidNo = 2
boid Wall No = 0
position = = (1.4, -4.9, 8.6)
Boid Radius= 9.999999
Boid Frame=
 0.79736	0.14051	0.58692	1.40512
-0.45871	-0.49086	0.74070	-4.90862
-0.39217	0.85983	0.32694	8.59832
0.00000	0.00000	0.00000	1.00000

boidNo = 3
boid Wall No = 1
position = = (1.4, 9.7, 1.9)
Boid Radius= 10
Boid Frame=
 0.62727	0.14020	-0.76608	1.40197
0.05890	0.97231	0.22616	9.72308
-0.77657	0.18698	-0.60164	1.86984
0.00000	0.00000	0.00000	1.00000

boidNo = 4
boid Wall No = 0
position = = (8.5, -4.2, -3.0)
Boid Radius= 10
Boid Frame=
 -0.50665	0.85377	0.11988	8.53774
-0.54024	-0.42276	0.72761	-4.22761
-0.67189	-0.30388	-0.67544	-3.03881
0.00000	0.00000	0.00000	1.00000

boidNo = 5
boid Wall No = 1
position = = (3.3, 9.1, -2.3)
Boid Radius= 10
Boid Frame=
 -0.56988	0.33058	-0.75230	3.30584
-0.00453	0.91423	0.40517	9.14228
-0.82172	-0.23431	0.51950	-2.34310
0.00000	0.00000	0.00000	1.00000

boidNo = 6
boid Wall No = 0
position = = (3.8, -7.9, 4.8)
Boid Radius= 10
Boid Frame=
 0.77066	0.37832	0.51280	3.78317
-0.01864	-0.79098	0.61156	-7.90977
-0.63697	0.48087	0.60252	4.80866
0.00000	0.00000	0.00000	1.00000

boidNo = 7
boid Wall No = 1
position = = (-1.2, 9.7, -2.1)
Boid Radius= 10
Boid Frame=
 -0.70404	-0.11793	0.70030	-1.17933
0.06612	0.97095	0.22998	9.70947
0.70707	-0.20822	0.67579	-2.08218
0.00000	0.00000	0.00000	1.00000

boidNo = 8
boid Wall No = 1
position = = (1.0, 9.9, 0.3)
Boid Radius= 10
Boid Frame=
 -0.14564	0.10463	-0.98379	1.04634
0.04156	0.99416	0.09959	9.94161
-0.98846	0.02638	0.14914	0.26381
0.00000	0.00000	0.00000	1.00000

boidNo = 9
boid Wall No = 1
position = = (3.6, 8.3, -4.2)
Boid Radius= 10
Boid Frame=
 -0.58532	0.35728	-0.72784	3.57279
-0.15403	0.83233	0.53244	8.32335
-0.79603	-0.42376	0.43216	-4.23758
0.00000	0.00000	0.00000	1.00000

boidNo = 10
boid Wall No = 1
position = = (7.3, 3.0, 6.2)
Boid Radius= 10
Boid Frame=
 0.63323	0.72611	0.26792	7.26115
-0.64552	0.30450	0.70042	3.04503
-0.42700	0.61647	-0.66154	6.16470
0.00000	0.00000	0.00000	1.00000

boidNo = 11
boid Wall No = 1
position = = (0.8, 10.0, -0.5)
Boid Radius= 10
Boid Frame=
 -0.70352	0.08336	-0.70577	0.83358
0.02111	0.99511	0.09648	9.95111
-0.71036	-0.05298	0.70184	-0.52976
0.00000	0.00000	0.00000	1.00000

boidNo = 12
boid Wall No = 1
position = = (7.6, 6.2, -1.9)
Boid Radius= 10
Boid Frame=
 0.09121	0.76476	-0.63783	7.64758
-0.39244	0.61627	0.68279	6.16271
-0.91524	-0.18803	-0.35633	-1.88031
0.00000	0.00000	0.00000	1.00000

boidNo = 13
boid Wall No = 1
position = = (-1.2, 6.5, -7.5)
Boid Radius= 10
Boid Frame=
 -0.88890	-0.11955	-0.44224	-1.19550
-0.40807	0.64533	0.64578	6.45325
-0.20818	-0.75450	0.62241	-7.54495
0.00000	0.00000	0.00000	1.00000

boidNo = 14
boid Wall No = 1
position = = (-7.6, 1.7, 6.3)
Boid Radius= 10
Boid Frame=
 0.38561	-0.76142	0.52110	-7.61421
-0.65938	0.16763	0.73288	1.67626
0.64538	0.62621	0.43743	6.26210
0.00000	0.00000	0.00000	1.00000

