Iteration Num of Simuation:0
m_SimulationDeltaT of action plan:0
boidNo = 0
boid Wall No = 1
position = = (5.9, 8.0, 0.6)
Boid Radius= 10
Boid Frame=
 0.78466	0.59224	-0.18320	5.92240
-0.55785	0.80345	0.20804	8.03446
-0.27040	0.06105	-0.96081	0.61045
0.00000	0.00000	0.00000	1.00000

boidNo = 1
boid Wall No = 1
position = = (4.7, 4.8, 7.4)
Boid Radius= 10
Boid Frame=
 0.67627	0.46981	0.56739	4.69815
-0.73481	0.48468	0.47449	4.84681
0.05208	0.73781	-0.67300	7.37807
0.00000	0.00000	0.00000	1.00000

boidNo = 2
boid Wall No = 0
position = = (8.0, -6.0, 0.6)
Boid Radius= 10
Boid Frame=
 -0.31175	0.79563	0.51941	7.95627
-0.48831	-0.60310	0.63074	-6.03099
-0.81509	0.05700	-0.57652	0.57003
0.00000	0.00000	0.00000	1.00000

boidNo = 3
boid Wall No = 0
position = = (-1.6, -7.1, 6.8)
Boid Radius= 10
Boid Frame=
 0.98429	-0.15768	0.07939	-1.57676
-0.16922	-0.71453	0.67883	-7.14533
0.05031	0.68160	0.72999	6.81602
0.00000	0.00000	0.00000	1.00000

boidNo = 4
boid Wall No = 1
position = = (-8.6, 2.9, 4.3)
Boid Radius= 10
Boid Frame=
 0.14474	-0.85644	0.49554	-8.56440
-0.65540	0.29221	0.69646	2.92215
0.74128	0.42558	0.51902	4.25583
0.00000	0.00000	0.00000	1.00000

boidNo = 5
boid Wall No = 1
position = = (-7.1, 6.6, 2.5)
Boid Radius= 9.999999
Boid Frame=
 -0.10657	-0.70915	0.69695	-7.09153
-0.45177	0.65895	0.60140	6.58949
0.88575	0.25077	0.39060	2.50774
0.00000	0.00000	0.00000	1.00000

boidNo = 6
boid Wall No = 0
position = = (7.7, -1.7, -6.1)
Boid Radius= 9.999999
Boid Frame=
 -0.58517	0.77342	-0.24371	7.73422
-0.56100	-0.16910	0.81036	-1.69098
-0.58554	-0.61092	-0.53284	-6.10921
0.00000	0.00000	0.00000	1.00000

boidNo = 7
boid Wall No = 0
position = = (-1.7, -9.8, 1.3)
Boid Radius= 10
Boid Frame=
 0.60094	-0.17191	-0.78059	-1.71915
0.00384	-0.97596	0.21790	-9.75964
0.79928	0.13394	0.58584	1.33937
0.00000	0.00000	0.00000	1.00000

boidNo = 8
boid Wall No = 0
position = = (0.6, -9.4, 3.3)
Boid Radius= 10
Boid Frame=
 0.99350	0.05904	-0.09732	0.59042
0.08767	-0.94221	0.32335	-9.42209
0.07260	0.32978	0.94126	3.29782
0.00000	0.00000	0.00000	1.00000

boidNo = 9
boid Wall No = 1
position = = (2.9, 8.5, -4.5)
Boid Radius= 10
Boid Frame=
 -0.39766	0.28673	-0.87158	2.86733
-0.31969	0.84709	0.42454	8.47093
-0.86004	-0.44746	0.24519	-4.47456
0.00000	0.00000	0.00000	1.00000

boidNo = 10
boid Wall No = 0
position = = (1.1, -9.7, -2.2)
Boid Radius= 10
Boid Frame=
 -0.90581	0.10851	0.40955	1.08515
-0.00430	-0.96895	0.24723	-9.68948
-0.42366	-0.22218	-0.87815	-2.22179
0.00000	0.00000	0.00000	1.00000

boidNo = 11
boid Wall No = 1
position = = (2.4, 1.4, 9.6)
Boid Radius= 10
Boid Frame=
 0.72757	0.24308	0.64152	2.43084
-0.68077	0.14025	0.71894	1.40247
-0.08479	0.95981	-0.26752	9.59813
0.00000	0.00000	0.00000	1.00000

boidNo = 12
boid Wall No = 1
position = = (1.0, 7.9, 6.0)
Boid Radius= 10
Boid Frame=
 0.93135	0.09903	0.35039	0.99028
-0.28759	0.79028	0.54107	7.90279
0.22333	0.60469	-0.76451	6.04693
0.00000	0.00000	0.00000	1.00000

boidNo = 13
boid Wall No = 1
position = = (-0.3, 0.7, 10.0)
Boid Radius= 10
Boid Frame=
 0.54003	-0.02948	0.84113	-0.29482
-0.83845	0.06812	0.54070	0.68121
0.07324	0.99724	-0.01207	9.97241
0.00000	0.00000	0.00000	1.00000

boidNo = 14
boid Wall No = 0
position = = (9.9, -0.3, -1.5)
Boid Radius= 10
Boid Frame=
 -0.13126	0.98892	-0.06929	9.88924
-0.61878	-0.02712	0.78509	-0.27121
-0.77452	-0.14593	-0.61549	-1.45926
0.00000	0.00000	0.00000	1.00000

boidNo = 15
boid Wall No = 1
position = = (-8.3, 2.0, -5.2)
Boid Radius= 10
Boid Frame=
 -0.48212	-0.83334	-0.27037	-8.33345
-0.71513	0.19605	0.67094	1.96048
0.50612	-0.51682	0.69047	-5.16819
0.00000	0.00000	0.00000	1.00000

boidNo = 16
boid Wall No = 1
position = = (-9.7, 0.7, 2.3)
Boid Radius= 10
Boid Frame=
 0.00541	-0.96989	0.24346	-9.69895
-0.94838	0.07223	0.30881	0.72226
0.31710	0.23257	0.91944	2.32567
0.00000	0.00000	0.00000	1.00000

boidNo = 17
boid Wall No = 1
position = = (1.7, 2.2, 9.6)
Boid Radius= 10
Boid Frame=
 0.69751	0.17164	0.69571	1.71644
-0.71536	0.22318	0.66215	2.23182
0.04162	0.95955	-0.27846	9.59546
0.00000	0.00000	0.00000	1.00000

boidNo = 18
boid Wall No = 1
position = = (0.8, 9.9, 0.6)
Boid Radius= 10
Boid Frame=
 0.99684	0.07938	0.00227	0.79376
-0.07936	0.99476	0.06445	9.94760
-0.00286	0.06443	-0.99792	0.64430
0.00000	0.00000	0.00000	1.00000

boidNo = 19
boid Wall No = 0
position = = (-5.0, -5.1, -7.0)
Boid Radius= 10
Boid Frame=
 -0.56021	-0.49519	-0.66404	-4.95189
-0.43014	-0.51118	0.74409	-5.11182
0.70791	-0.70248	-0.07337	-7.02482
0.00000	0.00000	0.00000	1.00000

