Iteration Num of Simuation:0
m_SimulationDeltaT of action plan:0
boidNo = 0
boid Wall No = 1
position = = (8.0, 5.4, 2.6)
Boid Radius= 10
Boid Frame=
 0.56519	0.80393	0.18510	8.03930
-0.82327	0.53529	0.18892	5.35287
-0.05280	0.25916	-0.96439	2.59162
0.00000	0.00000	0.00000	1.00000

boidNo = 1
boid Wall No = 0
position = = (-3.5, -9.1, 2.3)
Boid Radius= 10
Boid Frame=
 0.27696	-0.34983	-0.89494	-3.49832
0.13887	-0.90702	0.39753	-9.07019
0.95079	0.23438	0.20262	2.34379
0.00000	0.00000	0.00000	1.00000

boidNo = 2
boid Wall No = 0
position = = (3.2, -8.4, 4.4)
Boid Radius= 10
Boid Frame=
 0.76023	0.32187	0.56432	3.21866
-0.04696	-0.83914	0.54188	-8.39141
-0.64796	0.43846	0.62282	4.38457
0.00000	0.00000	0.00000	1.00000

boidNo = 3
boid Wall No = 1
position = = (-5.7, 7.9, 2.3)
Boid Radius= 10
Boid Frame=
 -0.58533	-0.56888	0.57772	-5.68882
-0.58531	0.78955	0.18445	7.89549
0.56107	0.23018	0.79512	2.30185
0.00000	0.00000	0.00000	1.00000

boidNo = 4
boid Wall No = 1
position = = (-8.0, 5.6, 2.1)
Boid Radius= 10
Boid Frame=
 -0.06861	-0.80251	0.59268	-8.02507
-0.43827	0.55793	0.70472	5.57934
0.89622	0.21140	0.38999	2.11404
0.00000	0.00000	0.00000	1.00000

boidNo = 5
boid Wall No = 1
position = = (-3.4, 7.4, 5.8)
Boid Radius= 10
Boid Frame=
 0.65271	-0.34384	0.67509	-3.43835
-0.25282	0.74115	0.62191	7.41151
0.71418	0.57660	-0.39683	5.76604
0.00000	0.00000	0.00000	1.00000

boidNo = 6
boid Wall No = 1
position = = (9.2, 3.1, 2.4)
Boid Radius= 10
Boid Frame=
 0.38364	0.92256	0.04114	9.22564
-0.79144	0.30551	0.52942	3.05505
-0.47586	0.23567	-0.84736	2.35673
0.00000	0.00000	0.00000	1.00000

boidNo = 7
boid Wall No = 0
position = = (4.1, -7.3, -5.4)
Boid Radius= 10
Boid Frame=
 -0.86119	0.41249	0.29697	4.12495
-0.11962	-0.73235	0.67034	-7.32350
-0.49400	-0.54177	-0.68004	-5.41767
0.00000	0.00000	0.00000	1.00000

boidNo = 8
boid Wall No = 1
position = = (-5.4, 8.4, 1.2)
Boid Radius= 10
Boid Frame=
 -0.65529	-0.53595	0.53232	-5.35946
-0.50439	0.83503	0.21981	8.35029
0.56231	0.12446	0.81751	1.24457
0.00000	0.00000	0.00000	1.00000

boidNo = 9
boid Wall No = 1
position = = (0.0, 9.7, -2.2)
Boid Radius= 10
Boid Frame=
 -0.95067	-0.00119	0.31022	-0.01191
0.06796	0.97490	0.21202	9.74900
0.30268	-0.22264	0.92672	-2.22639
0.00000	0.00000	0.00000	1.00000

boidNo = 10
boid Wall No = 0
position = = (3.4, -5.8, -7.4)
Boid Radius= 10
Boid Frame=
 -0.93376	0.33754	-0.11900	3.37539
-0.30704	-0.58462	0.75096	-5.84621
-0.18391	-0.73776	-0.64953	-7.37757
0.00000	0.00000	0.00000	1.00000

boidNo = 11
boid Wall No = 1
position = = (-4.2, 2.8, 8.6)
Boid Radius= 10
Boid Frame=
 0.52223	-0.42327	0.74035	-4.23269
-0.70276	0.27821	0.65477	2.78215
0.48312	0.86223	0.15216	8.62230
0.00000	0.00000	0.00000	1.00000

boidNo = 12
boid Wall No = 1
position = = (1.6, 1.1, 9.8)
Boid Radius= 10
Boid Frame=
 0.39542	0.15895	0.90464	1.58950
-0.91772	0.10903	0.38198	1.09031
0.03792	0.98125	-0.18898	9.81248
0.00000	0.00000	0.00000	1.00000

boidNo = 13
boid Wall No = 1
position = = (2.4, 8.5, -4.7)
Boid Radius= 10
Boid Frame=
 -0.24571	0.23618	-0.94013	2.36181
-0.41253	0.85217	0.32190	8.52174
-0.87718	-0.46692	0.11196	-4.66925
0.00000	0.00000	0.00000	1.00000

boidNo = 14
boid Wall No = 0
position = = (5.1, -8.3, -2.3)
Boid Radius= 10
Boid Frame=
 -0.60778	0.50673	0.61141	5.06728
-0.15803	-0.83172	0.53223	-8.31723
-0.77822	-0.22686	-0.58559	-2.26857
0.00000	0.00000	0.00000	1.00000

