Iteration Num of Simuation:0
m_SimulationDeltaT of action plan:0
boidNo = 0
boid Wall No = 0
position = = (5.7, -7.9, -2.3)
Boid Radius= 10
Boid Frame=
 -0.40432	0.56730	0.71742	5.67299
-0.02811	-0.79173	0.61022	-7.91734
-0.91419	-0.22656	-0.33606	-2.26558
0.00000	0.00000	0.00000	1.00000

boidNo = 1
boid Wall No = 0
position = = (-2.5, -7.3, -6.4)
Boid Radius= 10
Boid Frame=
 -0.85134	-0.24982	-0.46132	-2.49821
-0.15105	-0.72538	0.67158	-7.25376
0.50240	-0.64142	-0.57980	-6.41420
0.00000	0.00000	0.00000	1.00000

boidNo = 2
boid Wall No = 1
position = = (-0.9, 9.3, 3.6)
Boid Radius= 10
Boid Frame=
 0.96699	-0.09000	0.23837	-0.89998
-0.00619	0.92696	0.37510	9.26965
0.25472	0.36419	-0.89581	3.64194
0.00000	0.00000	0.00000	1.00000

boidNo = 3
boid Wall No = 0
position = = (-5.9, -4.1, 7.0)
Boid Radius= 10
Boid Frame=
 0.75190	-0.58662	0.30087	-5.86617
-0.59606	-0.40989	0.69043	-4.09892
0.28169	0.69848	0.65786	6.98477
0.00000	0.00000	0.00000	1.00000

boidNo = 4
boid Wall No = 0
position = = (1.8, -0.4, -9.8)
Boid Radius= 10
Boid Frame=
 -0.76300	0.18240	-0.62014	1.82397
-0.63597	-0.04013	0.77067	-0.40133
-0.11568	-0.98241	-0.14662	-9.82406
0.00000	0.00000	0.00000	1.00000

boidNo = 5
boid Wall No = 1
position = = (5.1, 3.3, 7.9)
Boid Radius= 10
Boid Frame=
 0.74661	0.50971	0.42751	5.09705
-0.62986	0.33478	0.70086	3.34776
-0.21411	0.79254	-0.57099	7.92544
0.00000	0.00000	0.00000	1.00000

boidNo = 6
boid Wall No = 0
position = = (6.1, -7.5, -2.6)
Boid Radius= 9.999999
Boid Frame=
 -0.48176	0.61071	0.62844	6.10707
-0.09317	-0.74879	0.65623	-7.48788
-0.87133	-0.25759	-0.41764	-2.57594
0.00000	0.00000	0.00000	1.00000

boidNo = 7
boid Wall No = 0
position = = (-9.5, -2.5, -1.5)
Boid Radius= 10
Boid Frame=
 0.02112	-0.95493	-0.29609	-9.54927
-0.57521	-0.25384	0.77763	-2.53837
0.81774	-0.15389	0.55464	-1.53888
0.00000	0.00000	0.00000	1.00000

boidNo = 8
boid Wall No = 0
position = = (0.7, -9.9, 1.4)
Boid Radius= 10
Boid Frame=
 0.94017	0.06925	-0.33359	0.69248
0.11147	-0.98776	0.10912	-9.87758
0.32195	0.13978	0.93638	1.39779
0.00000	0.00000	0.00000	1.00000

boidNo = 9
boid Wall No = 0
position = = (-3.4, -0.4, -9.4)
Boid Radius= 10
Boid Frame=
 -0.64342	-0.34500	-0.68337	-3.45000
-0.71826	-0.03670	0.69480	-0.36699
0.26479	-0.93789	0.22419	-9.37885
0.00000	0.00000	0.00000	1.00000

boidNo = 10
boid Wall No = 1
position = = (2.9, 9.5, 1.2)
Boid Radius= 10
Boid Frame=
 0.26510	0.28545	-0.92100	2.85453
0.04629	0.95031	0.30786	9.50305
-0.96311	0.12425	-0.23871	1.24245
0.00000	0.00000	0.00000	1.00000

boidNo = 11
boid Wall No = 0
position = = (0.6, -4.7, -8.8)
Boid Radius= 10
Boid Frame=
 -0.86255	0.06256	-0.50209	0.62558
-0.46959	-0.46844	0.74836	-4.68442
0.18838	-0.88128	-0.43343	-8.81277
0.00000	0.00000	0.00000	1.00000

boidNo = 12
boid Wall No = 0
position = = (8.2, -4.9, 2.9)
Boid Radius= 10
Boid Frame=
 -0.05898	0.81995	0.56938	8.19954
-0.58335	-0.49116	0.64688	-4.91164
-0.81007	0.29400	-0.50729	2.93996
0.00000	0.00000	0.00000	1.00000

boidNo = 13
boid Wall No = 0
position = = (7.6, -6.3, -1.8)
Boid Radius= 10
Boid Frame=
 -0.44443	0.75802	0.47737	7.58023
-0.29147	-0.62626	0.72308	-6.26256
-0.84707	-0.18222	-0.49927	-1.82222
0.00000	0.00000	0.00000	1.00000

boidNo = 14
boid Wall No = 0
position = = (-2.2, -8.8, -4.2)
Boid Radius= 10
Boid Frame=
 -0.96833	-0.21782	-0.12201	-2.17821
0.14021	-0.87880	0.45613	-8.78797
0.20657	-0.42458	-0.88151	-4.24581
0.00000	0.00000	0.00000	1.00000

