Iteration Num of Simuation:0
m_SimulationDeltaT of action plan:0
boidNo = 0
boid Wall No = 0
position = = (-7.4, -3.5, 5.7)
Boid Radius= 10
Boid Frame=
 0.64774	-0.74121	0.17617	-7.41212
-0.59823	-0.35165	0.72004	-3.51650
0.47175	0.57179	0.67120	5.71793
0.00000	0.00000	0.00000	1.00000

boidNo = 1
boid Wall No = 0
position = = (-9.1, -4.2, 0.1)
Boid Radius= 10
Boid Frame=
 0.21904	-0.90750	-0.35842	-9.07501
-0.46015	-0.42000	0.78221	-4.20000
0.86040	0.00641	0.50959	0.06408
0.00000	0.00000	0.00000	1.00000

boidNo = 2
boid Wall No = 0
position = = (-0.5, -10.0, 0.1)
Boid Radius= 10
Boid Frame=
 0.46437	-0.04973	-0.88424	-0.49734
-0.01697	-0.99874	0.04726	-9.98738
0.88548	0.00694	0.46463	0.06944
0.00000	0.00000	0.00000	1.00000

boidNo = 3
boid Wall No = 1
position = = (-8.0, 5.8, 1.8)
Boid Radius= 10
Boid Frame=
 -0.14748	-0.79574	0.58740	-7.95742
-0.47896	0.57708	0.66150	5.77077
0.86536	0.18378	0.46624	1.83785
0.00000	0.00000	0.00000	1.00000

boidNo = 4
boid Wall No = 0
position = = (3.4, -2.7, -9.0)
Boid Radius= 10
Boid Frame=
 -0.84066	0.34450	-0.41786	3.44499
-0.51496	-0.26967	0.81369	-2.69668
-0.16763	-0.89922	-0.40410	-8.99222
0.00000	0.00000	0.00000	1.00000

boidNo = 5
boid Wall No = 0
position = = (-8.8, -4.7, 0.7)
Boid Radius= 10
Boid Frame=
 0.37210	-0.87784	-0.30154	-8.77845
-0.59006	-0.47450	0.65321	-4.74496
0.71649	0.06513	0.69455	0.65133
0.00000	0.00000	0.00000	1.00000

boidNo = 6
boid Wall No = 1
position = = (6.1, 0.1, 7.9)
Boid Radius= 10
Boid Frame=
 0.59112	0.61143	0.52605	6.11426
-0.67272	0.01391	0.73977	0.13906
-0.44500	0.79118	-0.41954	7.91179
0.00000	0.00000	0.00000	1.00000

boidNo = 7
boid Wall No = 0
position = = (-2.7, -3.9, 8.8)
Boid Radius= 10
Boid Frame=
 0.82284	-0.26954	0.50028	-2.69539
-0.56827	-0.38857	0.72532	-3.88566
0.00111	0.88112	0.47290	8.81116
0.00000	0.00000	0.00000	1.00000

boidNo = 8
boid Wall No = 0
position = = (-0.6, -10.0, 0.3)
Boid Radius= 10
Boid Frame=
 0.59136	-0.06243	-0.80398	-0.62427
-0.01594	-0.99771	0.06574	-9.97709
0.80625	0.02606	0.59100	0.26059
0.00000	0.00000	0.00000	1.00000

boidNo = 9
boid Wall No = 0
position = = (-1.1, -9.9, 0.5)
Boid Radius= 10
Boid Frame=
 0.50397	-0.10786	-0.85696	-1.07861
-0.01414	-0.99307	0.11667	-9.93070
0.86361	0.04668	0.50200	0.46679
0.00000	0.00000	0.00000	1.00000

boidNo = 10
boid Wall No = 1
position = = (0.1, 9.6, 2.6)
Boid Radius= 10
Boid Frame=
 0.99767	0.01154	-0.06721	0.11539
0.00668	0.96432	0.26465	9.64320
-0.06786	0.26449	-0.96200	2.64487
0.00000	0.00000	0.00000	1.00000

boidNo = 11
boid Wall No = 1
position = = (7.7, 6.3, 1.3)
Boid Radius= 10
Boid Frame=
 0.52565	0.76553	-0.37102	7.65530
-0.49068	0.62911	0.60287	6.29110
-0.69493	0.13485	-0.70632	1.34850
0.00000	0.00000	0.00000	1.00000

boidNo = 12
boid Wall No = 0
position = = (-1.0, -2.4, 9.7)
Boid Radius= 10
Boid Frame=
 0.56532	-0.09641	0.81922	-0.96414
-0.81155	-0.24275	0.53146	-2.42747
-0.14762	0.96529	0.21548	9.65287
0.00000	0.00000	0.00000	1.00000

boidNo = 13
boid Wall No = 1
position = = (1.5, 5.7, -8.1)
Boid Radius= 9.999999
Boid Frame=
 -0.78510	0.15199	-0.60043	1.51986
-0.42478	0.57339	0.70056	5.73388
-0.45076	-0.80506	0.38561	-8.05063
0.00000	0.00000	0.00000	1.00000

boidNo = 14
boid Wall No = 1
position = = (-7.3, 5.7, -3.9)
Boid Radius= 10
Boid Frame=
 -0.68770	-0.72569	-0.02103	-7.25689
-0.61646	0.56839	0.54490	5.68394
0.38347	-0.38769	0.83824	-3.87692
0.00000	0.00000	0.00000	1.00000

boidNo = 15
boid Wall No = 0
position = = (1.4, -9.9, 0.5)
Boid Radius= 10
Boid Frame=
 0.16698	0.14446	0.97532	1.44457
-0.02236	-0.98840	0.15022	-9.88399
-0.98571	0.04689	0.16181	0.46895
0.00000	0.00000	0.00000	1.00000

boidNo = 16
boid Wall No = 1
position = = (0.7, 7.5, -6.6)
Boid Radius= 10
Boid Frame=
 -0.71469	0.07028	-0.69590	0.70277
-0.42369	0.74812	0.51069	7.48118
-0.55650	-0.65983	0.50490	-6.59834
0.00000	0.00000	0.00000	1.00000

boidNo = 17
boid Wall No = 0
position = = (-3.1, -9.4, 1.6)
Boid Radius= 9.999999
Boid Frame=
 0.72861	-0.30537	0.61309	-3.05373
-0.34132	-0.93793	-0.06153	-9.37929
-0.59382	0.16443	0.78761	1.64427
0.00000	0.00000	0.00000	1.00000

boidNo = 18
boid Wall No = 1
position = = (5.2, 4.2, 7.4)
Boid Radius= 10
Boid Frame=
 0.77471	0.52117	0.35805	5.21174
-0.59739	0.41768	0.68459	4.17685
-0.20724	0.74426	-0.63493	7.44256
0.00000	0.00000	0.00000	1.00000

boidNo = 19
boid Wall No = 0
position = = (-7.2, -5.2, -4.5)
Boid Radius= 10
Boid Frame=
 0.13826	-0.72245	-0.67746	-7.22445
-0.75072	-0.52261	0.40410	-5.22608
0.64598	-0.45272	0.61461	-4.52718
0.00000	0.00000	0.00000	1.00000

