Iteration Num of Simuation:0
m_SimulationDeltaT of action plan:0
boidNo = 0
boid Wall No = 0
position = = (9.7, -2.3, -0.6)
Boid Radius= 9.999999
Boid Frame=
 -0.20439	0.97108	0.12340	9.71079
-0.66359	-0.23013	0.71182	-2.30130
-0.71963	-0.06360	-0.69143	-0.63604
0.00000	0.00000	0.00000	1.00000

boidNo = 1
boid Wall No = 0
position = = (-9.4, -2.8, -2.0)
Boid Radius= 10
Boid Frame=
 0.03070	-0.93657	-0.34915	-9.36566
-0.64847	-0.28448	0.70608	-2.84482
0.76062	-0.20473	0.61607	-2.04732
0.00000	0.00000	0.00000	1.00000

boidNo = 2
boid Wall No = 0
position = = (-4.4, -8.9, -1.3)
Boid Radius= 10
Boid Frame=
 -0.58686	-0.43535	-0.68269	-4.35352
0.17018	-0.89064	0.42167	-8.90637
0.79160	-0.13128	-0.59677	-1.31282
0.00000	0.00000	0.00000	1.00000

boidNo = 3
boid Wall No = 1
position = = (5.4, 1.8, 8.2)
Boid Radius= 10
Boid Frame=
 0.66576	0.54474	0.50992	5.44743
-0.68632	0.17891	0.70495	1.78908
-0.29279	0.81930	-0.49298	8.19297
0.00000	0.00000	0.00000	1.00000

boidNo = 4
boid Wall No = 1
position = = (1.2, 3.0, -9.5)
Boid Radius= 10
Boid Frame=
 -0.70415	0.11606	-0.70051	1.16063
-0.64776	0.29908	0.70068	2.99079
-0.29083	-0.94714	0.13541	-9.47144
0.00000	0.00000	0.00000	1.00000

boidNo = 5
boid Wall No = 0
position = = (-6.3, -0.9, 7.7)
Boid Radius= 10
Boid Frame=
 0.58819	-0.63481	0.50105	-6.34808
-0.70049	-0.09029	0.70793	-0.90286
0.40416	0.76738	0.49778	7.67377
0.00000	0.00000	0.00000	1.00000

boidNo = 6
boid Wall No = 1
position = = (2.6, 9.5, 1.8)
Boid Radius= 10
Boid Frame=
 0.45332	0.25849	-0.85305	2.58485
0.04259	0.94965	0.31039	9.49655
-0.89033	0.17703	-0.41949	1.77033
0.00000	0.00000	0.00000	1.00000

boidNo = 7
boid Wall No = 0
position = = (-8.6, -3.4, -3.7)
Boid Radius= 10
Boid Frame=
 -0.09916	-0.86241	-0.49641	-8.62405
-0.60742	-0.34268	0.71666	-3.42683
0.78817	-0.37259	0.48986	-3.72593
0.00000	0.00000	0.00000	1.00000

boidNo = 8
boid Wall No = 1
position = = (8.2, 2.6, 5.1)
Boid Radius= 10
Boid Frame=
 0.53399	0.82165	0.19935	8.21654
-0.66254	0.26017	0.70239	2.60170
-0.52526	0.50715	-0.68331	5.07146
0.00000	0.00000	0.00000	1.00000

boidNo = 9
boid Wall No = 0
position = = (-2.3, -9.7, 0.1)
Boid Radius= 10
Boid Frame=
 -0.61512	-0.23374	-0.75299	-2.33741
0.15252	-0.97228	0.17722	-9.72282
0.77354	0.00583	-0.63372	0.05835
0.00000	0.00000	0.00000	1.00000

boidNo = 10
boid Wall No = 0
position = = (7.7, -1.1, 6.3)
Boid Radius= 9.999999
Boid Frame=
 0.38718	0.77239	0.50349	7.72391
-0.69689	-0.11239	0.70832	-1.12387
-0.60369	0.62512	-0.49475	6.25124
0.00000	0.00000	0.00000	1.00000

boidNo = 11
boid Wall No = 1
position = = (2.5, 9.6, 1.1)
Boid Radius= 10
Boid Frame=
 0.19066	0.24900	-0.94955	2.49002
0.05909	0.96263	0.26430	9.62629
-0.97988	0.10650	-0.16882	1.06504
0.00000	0.00000	0.00000	1.00000

boidNo = 12
boid Wall No = 0
position = = (-5.8, -5.1, 6.4)
Boid Radius= 10
Boid Frame=
 0.80859	-0.57570	0.12144	-5.75698
-0.47027	-0.50835	0.72140	-5.08352
0.35358	0.64043	0.68179	6.40430
0.00000	0.00000	0.00000	1.00000

boidNo = 13
boid Wall No = 0
position = = (0.1, -1.0, 9.9)
Boid Radius= 10
Boid Frame=
 0.71134	0.00542	0.70283	0.05417
-0.69887	-0.10076	0.70811	-1.00759
-0.07465	0.99490	0.06789	9.94896
0.00000	0.00000	0.00000	1.00000

boidNo = 14
boid Wall No = 1
position = = (1.3, 9.8, 1.3)
Boid Radius= 9.999999
Boid Frame=
 0.43903	0.13345	-0.88851	1.33451
0.06017	0.98232	0.17727	9.82320
-0.89646	0.13129	-0.42324	1.31292
0.00000	0.00000	0.00000	1.00000

