Iteration Num of Simuation:0
m_SimulationDeltaT of action plan:0
boidNo = 0
boid Wall No = 1
position = = (-0.1, 10.0, -0.8)
Boid Radius= 10
Boid Frame=
 -0.87291	-0.00689	0.48783	-0.06885
0.03260	0.99684	0.07241	9.96842
0.48679	-0.07911	0.86993	-0.79114
0.00000	0.00000	0.00000	1.00000

boidNo = 1
boid Wall No = 1
position = = (4.1, 8.3, 3.8)
Boid Radius= 10
Boid Frame=
 0.82030	0.40556	-0.40327	4.05559
-0.14428	0.82904	0.54026	8.29038
-0.55343	0.38499	-0.73858	3.84991
0.00000	0.00000	0.00000	1.00000

boidNo = 2
boid Wall No = 1
position = = (8.7, 5.0, 0.2)
Boid Radius= 10
Boid Frame=
 0.32750	0.86577	-0.37840	8.65769
-0.53181	0.49993	0.68356	4.99933
-0.78098	0.02263	-0.62415	0.22626
0.00000	0.00000	0.00000	1.00000

boidNo = 3
boid Wall No = 1
position = = (-2.7, 9.5, -1.5)
Boid Radius= 10
Boid Frame=
 -0.36657	-0.26512	0.89182	-2.65116
0.04691	0.95206	0.30231	9.52056
0.92921	-0.15266	0.33656	-1.52655
0.00000	0.00000	0.00000	1.00000

boidNo = 4
boid Wall No = 1
position = = (-5.5, 6.8, -4.9)
Boid Radius= 10
Boid Frame=
 -0.82625	-0.55176	0.11343	-5.51761
-0.36281	0.67531	0.64212	6.75312
0.43090	-0.48940	0.75816	-4.89401
0.00000	0.00000	0.00000	1.00000

boidNo = 5
boid Wall No = 0
position = = (6.9, -6.3, -3.6)
Boid Radius= 10
Boid Frame=
 -0.64619	0.69102	0.32393	6.91021
-0.31534	-0.62828	0.71122	-6.28278
-0.69498	-0.35743	-0.62389	-3.57432
0.00000	0.00000	0.00000	1.00000

boidNo = 6
boid Wall No = 1
position = = (-4.8, 8.2, -3.1)
Boid Radius= 10
Boid Frame=
 -0.71446	-0.47737	0.51153	-4.77368
-0.15640	0.82156	0.54825	8.21562
0.68197	-0.31170	0.66164	-3.11698
0.00000	0.00000	0.00000	1.00000

boidNo = 7
boid Wall No = 0
position = = (0.4, -9.6, -2.8)
Boid Radius= 10
Boid Frame=
 -0.68254	0.04329	0.72957	0.43292
0.17539	-0.95937	0.22101	-9.59372
-0.70949	-0.27880	-0.64722	-2.78805
0.00000	0.00000	0.00000	1.00000

boidNo = 8
boid Wall No = 0
position = = (3.4, -0.1, 9.4)
Boid Radius= 10
Boid Frame=
 0.66334	0.33539	0.66895	3.35387
-0.70698	-0.01213	0.70713	-0.12127
-0.24528	0.94200	-0.22907	9.42003
0.00000	0.00000	0.00000	1.00000

boidNo = 9
boid Wall No = 0
position = = (8.9, -0.7, 4.5)
Boid Radius= 10
Boid Frame=
 0.27379	0.89273	0.35787	8.92730
-0.70343	-0.06790	0.70752	-0.67896
-0.65592	0.44545	-0.60938	4.45448
0.00000	0.00000	0.00000	1.00000

boidNo = 10
boid Wall No = 0
position = = (-9.7, -1.8, 1.9)
Boid Radius= 10
Boid Frame=
 0.25980	-0.96566	0.00371	-9.65655
-0.68035	-0.18031	0.71036	-1.80314
0.68529	0.18707	0.70383	1.87074
0.00000	0.00000	0.00000	1.00000

boidNo = 11
boid Wall No = 1
position = = (-2.9, 8.9, -3.4)
Boid Radius= 10
Boid Frame=
 -0.81056	-0.28824	0.50982	-2.88243
-0.03677	0.89383	0.44689	8.93832
0.58451	-0.34348	0.73510	-3.43484
0.00000	0.00000	0.00000	1.00000

boidNo = 12
boid Wall No = 1
position = = (-0.4, 5.5, 8.3)
Boid Radius= 10
Boid Frame=
 0.79375	-0.04014	0.60692	-0.40137
-0.48820	0.55311	0.67507	5.53111
0.36279	0.83214	-0.41944	8.32140
0.00000	0.00000	0.00000	1.00000

boidNo = 13
boid Wall No = 1
position = = (0.0, 9.8, -2.0)
Boid Radius= 10
Boid Frame=
 -0.95851	0.00425	0.28503	0.04247
0.06039	0.98022	0.18846	9.80222
0.27859	-0.19786	0.93981	-1.97856
0.00000	0.00000	0.00000	1.00000

boidNo = 14
boid Wall No = 1
position = = (-1.3, 6.9, 7.1)
Boid Radius= 10
Boid Frame=
 0.80591	-0.13144	0.57727	-1.31436
-0.34275	0.69145	0.63594	6.91453
0.48274	0.71036	-0.51220	7.10365
0.00000	0.00000	0.00000	1.00000

