Iteration Num of Simuation:0
m_SimulationDeltaT of action plan:0
boidNo = 0
boid Wall No = 1
position = = (8.0, 4.0, 4.5)
Boid Radius= 10
Boid Frame=
 0.60484	0.79558	0.03481	7.95585
-0.57156	0.40326	0.71463	4.03259
-0.55451	0.45214	-0.69863	4.52136
0.00000	0.00000	0.00000	1.00000

boidNo = 1
boid Wall No = 1
position = = (-1.8, 7.1, -6.8)
Boid Radius= 10
Boid Frame=
 -0.93704	-0.17701	-0.30105	-1.77007
-0.33271	0.71448	0.61548	7.14485
-0.10615	-0.67689	0.72839	-6.76890
0.00000	0.00000	0.00000	1.00000

boidNo = 2
boid Wall No = 0
position = = (-6.9, -2.5, 6.9)
Boid Radius= 10
Boid Frame=
 0.59993	-0.68565	0.41227	-6.85652
-0.72396	-0.24591	0.64452	-2.45911
0.34054	0.68513	0.64391	6.85134
0.00000	0.00000	0.00000	1.00000

boidNo = 3
boid Wall No = 1
position = = (-0.6, 9.9, 1.0)
Boid Radius= 9.999999
Boid Frame=
 0.99028	-0.05785	0.12647	-0.57851
0.04482	0.99361	0.10357	9.93612
0.13165	0.09690	-0.98655	0.96898
0.00000	0.00000	0.00000	1.00000

boidNo = 4
boid Wall No = 1
position = = (3.8, 0.9, -9.2)
Boid Radius= 10
Boid Frame=
 -0.68645	0.37605	-0.62239	3.76051
-0.63993	0.09410	0.76265	0.94095
-0.34536	-0.92181	-0.17605	-9.21809
0.00000	0.00000	0.00000	1.00000

boidNo = 5
boid Wall No = 0
position = = (-7.9, -0.7, 6.1)
Boid Radius= 10
Boid Frame=
 0.51967	-0.79006	0.32519	-7.90060
-0.60203	-0.06855	0.79553	-0.68551
0.60622	0.60919	0.51126	6.09185
0.00000	0.00000	0.00000	1.00000

boidNo = 6
boid Wall No = 1
position = = (-1.5, 1.4, -9.8)
Boid Radius= 10
Boid Frame=
 -0.78377	-0.15030	-0.60259	-1.50299
-0.62020	0.13847	0.77213	1.38468
0.03261	-0.97890	0.20174	-9.78896
0.00000	0.00000	0.00000	1.00000

boidNo = 7
boid Wall No = 1
position = = (-8.6, 5.0, 1.2)
Boid Radius= 9.999999
Boid Frame=
 -0.16440	-0.85905	0.48477	-8.59052
-0.48736	0.49802	0.71725	4.98022
0.85758	0.11834	0.50054	1.18337
0.00000	0.00000	0.00000	1.00000

boidNo = 8
boid Wall No = 1
position = = (-4.6, 8.5, 2.5)
Boid Radius= 10
Boid Frame=
 0.14578	-0.46180	0.87492	-4.61803
-0.20854	0.85015	0.48348	8.50155
0.96709	0.25293	-0.02763	2.52934
0.00000	0.00000	0.00000	1.00000

boidNo = 9
boid Wall No = 1
position = = (-0.8, 9.3, 3.6)
Boid Radius= 10
Boid Frame=
 0.49294	-0.08114	0.86627	-0.81144
-0.27437	0.93035	0.24327	9.30345
0.82567	0.35759	-0.43634	3.57594
0.00000	0.00000	0.00000	1.00000

boidNo = 10
boid Wall No = 1
position = = (-1.5, 9.6, 2.5)
Boid Radius= 10
Boid Frame=
 0.83222	-0.15019	0.53371	-1.50190
-0.01247	0.95730	0.28883	9.57300
0.55430	0.24702	-0.79481	2.47021
0.00000	0.00000	0.00000	1.00000

boidNo = 11
boid Wall No = 0
position = = (-3.1, -9.5, 0.1)
Boid Radius= 10
Boid Frame=
 -0.03556	-0.30785	-0.95077	-3.07850
0.02185	-0.95138	0.30723	-9.51384
0.99913	0.00985	-0.04056	0.09847
0.00000	0.00000	0.00000	1.00000

boidNo = 12
boid Wall No = 1
position = = (9.4, 3.1, 1.3)
Boid Radius= 10
Boid Frame=
 0.30343	0.94185	-0.14439	9.41850
-0.61642	0.30958	0.72401	3.09582
-0.72661	0.13068	-0.67451	1.30684
0.00000	0.00000	0.00000	1.00000

boidNo = 13
boid Wall No = 0
position = = (1.0, -9.9, -1.1)
Boid Radius= 10
Boid Frame=
 -0.68460	0.09884	0.72219	0.98838
0.00922	-0.98951	0.14416	-9.89512
-0.72886	-0.10535	-0.67651	-1.05348
0.00000	0.00000	0.00000	1.00000

boidNo = 14
boid Wall No = 1
position = = (3.0, 8.1, 5.0)
Boid Radius= 10
Boid Frame=
 0.94088	0.29712	-0.16265	2.97123
-0.15986	0.81284	0.56012	8.12843
-0.29863	0.50100	-0.81229	5.01004
0.00000	0.00000	0.00000	1.00000

boidNo = 15
boid Wall No = 0
position = = (6.0, -4.1, -6.9)
Boid Radius= 10
Boid Frame=
 -0.78700	0.59857	-0.14948	5.98566
-0.46317	-0.41317	0.78407	-4.13169
-0.40756	-0.68630	-0.60240	-6.86302
0.00000	0.00000	0.00000	1.00000

boidNo = 16
boid Wall No = 1
position = = (-2.2, 6.3, 7.5)
Boid Radius= 10
Boid Frame=
 0.66772	-0.22387	0.70996	-2.23866
-0.46021	0.62549	0.63006	6.25493
0.58512	0.74742	-0.31463	7.47424
0.00000	0.00000	0.00000	1.00000

boidNo = 17
boid Wall No = 0
position = = (8.0, -5.5, 2.4)
Boid Radius= 10
Boid Frame=
 0.03462	0.80061	0.59818	8.00614
-0.35051	-0.55079	0.75748	-5.50792
-0.93592	0.23589	-0.26155	2.35894
0.00000	0.00000	0.00000	1.00000

boidNo = 18
boid Wall No = 0
position = = (5.4, -8.3, -1.4)
Boid Radius= 10
Boid Frame=
 -0.15365	0.54138	0.82662	5.41383
0.06379	-0.82937	0.55504	-8.29372
-0.98606	-0.13801	-0.09289	-1.38011
0.00000	0.00000	0.00000	1.00000

boidNo = 19
boid Wall No = 1
position = = (0.3, 1.5, -9.9)
Boid Radius= 10
Boid Frame=
 -0.62375	0.02587	-0.78119	0.25868
-0.76974	0.15328	0.61968	1.53281
-0.13577	-0.98784	0.07570	-9.87844
0.00000	0.00000	0.00000	1.00000

