Iteration Num of Simuation:0
m_SimulationDeltaT of action plan:0
boidNo = 0
boid Wall No = 0
position = = (0.1, -10.0, 0.3)
Boid Radius= 9.999999
Boid Frame=
 0.97934	0.00848	0.20204	0.08476
0.00168	-0.99943	0.03377	-9.99428
-0.20221	0.03274	0.97879	0.32737
0.00000	0.00000	0.00000	1.00000

boidNo = 1
boid Wall No = 0
position = = (-1.9, -9.8, 0.3)
Boid Radius= 10
Boid Frame=
 0.36831	-0.18739	-0.91062	-1.87392
-0.04131	-0.98181	0.18533	-9.81807
0.92878	0.03064	0.36936	0.30641
0.00000	0.00000	0.00000	1.00000

boidNo = 2
boid Wall No = 1
position = = (-6.1, 7.9, -0.8)
Boid Radius= 10
Boid Frame=
 -0.38877	-0.61197	0.68873	-6.11971
-0.20812	0.78654	0.58141	7.86545
0.89752	-0.08270	0.43315	-0.82696
0.00000	0.00000	0.00000	1.00000

boidNo = 3
boid Wall No = 1
position = = (-6.0, 5.4, -5.9)
Boid Radius= 10
Boid Frame=
 -0.78679	-0.60316	-0.13098	-6.03160
-0.52461	0.54171	0.65676	5.41705
0.32518	-0.58545	0.74263	-5.85451
0.00000	0.00000	0.00000	1.00000

boidNo = 4
boid Wall No = 0
position = = (-4.3, -8.0, 4.1)
Boid Radius= 10
Boid Frame=
 0.69649	-0.43427	-0.57123	-4.34273
-0.01337	-0.80378	0.59477	-8.03785
0.71744	0.40662	0.56563	4.06617
0.00000	0.00000	0.00000	1.00000

boidNo = 5
boid Wall No = 0
position = = (9.2, -2.7, 3.0)
Boid Radius= 10
Boid Frame=
 -0.02545	0.91548	0.40155	9.15484
-0.77467	-0.27195	0.57090	-2.71946
-0.63185	0.29654	-0.71612	2.96539
0.00000	0.00000	0.00000	1.00000

boidNo = 6
boid Wall No = 1
position = = (0.3, 9.9, -1.1)
Boid Radius= 9.999999
Boid Frame=
 -0.99943	0.03338	-0.00538	0.33385
0.03258	0.99331	0.11079	9.93309
-0.00904	-0.11055	0.99383	-1.10554
0.00000	0.00000	0.00000	1.00000

boidNo = 7
boid Wall No = 1
position = = (2.0, 0.7, 9.8)
Boid Radius= 10
Boid Frame=
 0.65546	0.20138	0.72789	2.01375
-0.75108	0.07294	0.65617	0.72938
-0.07904	0.97679	-0.19906	9.76795
0.00000	0.00000	0.00000	1.00000

boidNo = 8
boid Wall No = 1
position = = (3.2, 9.5, 0.0)
Boid Radius= 10
Boid Frame=
 0.06291	0.32484	-0.94367	3.24839
-0.02640	0.94576	0.32380	9.45759
-0.99767	-0.00454	-0.06807	-0.04539
0.00000	0.00000	0.00000	1.00000

boidNo = 9
boid Wall No = 1
position = = (7.2, 1.8, 6.7)
Boid Radius= 10
Boid Frame=
 0.61225	0.71697	0.33333	7.16966
-0.62235	0.17697	0.76247	1.76969
-0.48768	0.67427	-0.55455	6.74271
0.00000	0.00000	0.00000	1.00000

boidNo = 10
boid Wall No = 0
position = = (1.1, -9.8, -1.4)
Boid Radius= 10
Boid Frame=
 -0.81823	0.11021	0.56423	1.10208
-0.00910	-0.98381	0.17896	-9.83814
-0.57482	-0.14129	-0.80599	-1.41295
0.00000	0.00000	0.00000	1.00000

boidNo = 11
boid Wall No = 0
position = = (3.0, -6.3, -7.2)
Boid Radius= 10
Boid Frame=
 -0.95239	0.29562	-0.07459	2.95618
-0.25387	-0.63345	0.73096	-6.33446
-0.16883	-0.71509	-0.67834	-7.15092
0.00000	0.00000	0.00000	1.00000

boidNo = 12
boid Wall No = 1
position = = (-0.1, 10.0, -0.9)
Boid Radius= 10
Boid Frame=
 -0.84436	-0.00548	0.53575	-0.05481
0.04425	0.99582	0.07992	9.95819
0.53395	-0.09119	0.84059	-0.91190
0.00000	0.00000	0.00000	1.00000

boidNo = 13
boid Wall No = 1
position = = (-3.7, 9.0, -2.3)
Boid Radius= 9.999999
Boid Frame=
 -0.59812	-0.37481	0.70835	-3.74814
-0.04173	0.89726	0.43953	8.97256
0.80032	-0.23334	0.55231	-2.33336
0.00000	0.00000	0.00000	1.00000

boidNo = 14
boid Wall No = 0
position = = (-2.4, -9.7, -0.9)
Boid Radius= 10
Boid Frame=
 -0.04295	-0.24075	-0.96964	-2.40750
-0.07901	-0.96667	0.24351	-9.66674
0.99595	-0.08708	-0.02250	-0.87075
0.00000	0.00000	0.00000	1.00000

boidNo = 15
boid Wall No = 0
position = = (0.4, -10.0, -0.2)
Boid Radius= 10
Boid Frame=
 -0.47892	0.03735	0.87707	0.37355
0.00186	-0.99905	0.04357	-9.99049
-0.87786	-0.02250	-0.47839	-0.22497
0.00000	0.00000	0.00000	1.00000

boidNo = 16
boid Wall No = 0
position = = (-8.0, -1.0, 5.9)
Boid Radius= 10
Boid Frame=
 0.36101	-0.80064	0.47817	-8.00642
-0.86801	-0.10103	0.48616	-1.01034
0.34093	0.59056	0.73144	5.90563
0.00000	0.00000	0.00000	1.00000

boidNo = 17
boid Wall No = 1
position = = (-1.9, 9.2, 3.3)
Boid Radius= 10
Boid Frame=
 0.83164	-0.18734	0.52276	-1.87342
-0.03075	0.92440	0.38019	9.24395
0.55446	0.33226	-0.76300	3.32260
0.00000	0.00000	0.00000	1.00000

boidNo = 18
boid Wall No = 0
position = = (-9.0, -2.3, -3.6)
Boid Radius= 10
Boid Frame=
 0.01124	-0.90363	-0.42817	-9.03630
-0.84934	-0.23461	0.47284	-2.34611
0.52772	-0.35834	0.77013	-3.58345
0.00000	0.00000	0.00000	1.00000

boidNo = 19
boid Wall No = 0
position = = (0.0, -10.0, 0.6)
Boid Radius= 10
Boid Frame=
 0.99885	-0.00226	-0.04796	-0.02257
0.00079	-0.99798	0.06348	-9.97983
0.04801	0.06344	0.99683	0.63444
0.00000	0.00000	0.00000	1.00000

