Iteration Num of Simuation:0
m_SimulationDeltaT of action plan:0
boidNo = 0
boid Wall No = 1
position = = (-3.0, 8.0, -5.2)
Boid Radius= 10
Boid Frame=
 -0.94811	-0.30205	0.09929	-3.02049
-0.19558	0.80025	0.56687	8.00255
0.25068	-0.51803	0.81780	-5.18034
0.00000	0.00000	0.00000	1.00000

boidNo = 1
boid Wall No = 0
position = = (-1.1, -7.2, -6.8)
Boid Radius= 9.999999
Boid Frame=
 -0.93358	-0.11317	-0.34002	-1.13170
-0.15720	-0.72334	0.67236	-7.23344
0.32204	-0.68115	-0.65751	-6.81151
0.00000	0.00000	0.00000	1.00000

boidNo = 2
boid Wall No = 0
position = = (-4.7, -7.9, 3.9)
Boid Radius= 10
Boid Frame=
 0.65856	-0.47031	-0.58746	-4.70312
-0.01898	-0.79078	0.61181	-7.90777
0.75229	0.39176	0.52970	3.91763
0.00000	0.00000	0.00000	1.00000

boidNo = 3
boid Wall No = 1
position = = (4.0, 7.8, 4.8)
Boid Radius= 10
Boid Frame=
 0.90520	0.40307	-0.13475	4.03066
-0.26350	0.78103	0.56618	7.81034
-0.33345	0.47700	-0.81320	4.76996
0.00000	0.00000	0.00000	1.00000

boidNo = 4
boid Wall No = 1
position = = (0.9, 7.0, 7.1)
Boid Radius= 10
Boid Frame=
 0.92739	0.08868	0.36344	0.88684
-0.31767	0.69978	0.63984	6.99782
0.19759	0.70883	-0.67714	7.08830
0.00000	0.00000	0.00000	1.00000

boidNo = 5
boid Wall No = 1
position = = (-7.0, 4.7, -5.4)
Boid Radius= 10
Boid Frame=
 -0.70567	-0.69959	-0.11223	-6.99593
-0.57427	0.47196	0.66893	4.71956
0.41501	-0.53650	0.73480	-5.36496
0.00000	0.00000	0.00000	1.00000

boidNo = 6
boid Wall No = 1
position = = (-5.0, 8.6, -1.0)
Boid Radius= 10
Boid Frame=
 -0.34560	-0.49928	0.79453	-4.99284
-0.09171	0.86062	0.50092	8.60619
0.93389	-0.10025	0.34322	-1.00253
0.00000	0.00000	0.00000	1.00000

boidNo = 7
boid Wall No = 1
position = = (0.9, 9.8, -1.8)
Boid Radius= 10
Boid Frame=
 -0.99068	0.09133	-0.10102	0.91326
0.07079	0.97906	0.19087	9.79060
-0.11633	-0.18194	0.97640	-1.81939
0.00000	0.00000	0.00000	1.00000

boidNo = 8
boid Wall No = 0
position = = (-7.2, -6.4, -2.8)
Boid Radius= 10
Boid Frame=
 -0.00219	-0.71602	-0.69808	-7.16017
-0.40299	-0.63825	0.65592	-6.38254
0.91520	-0.28276	0.28715	-2.82758
0.00000	0.00000	0.00000	1.00000

boidNo = 9
boid Wall No = 1
position = = (5.6, 6.0, 5.7)
Boid Radius= 10
Boid Frame=
 0.83085	0.55646	0.00654	5.56464
-0.40718	0.59986	0.68875	5.99855
-0.37934	0.57491	-0.72497	5.74910
0.00000	0.00000	0.00000	1.00000

boidNo = 10
boid Wall No = 0
position = = (5.9, -6.8, 4.3)
Boid Radius= 10
Boid Frame=
 0.39440	0.59004	0.70448	5.90042
-0.22240	-0.68255	0.69618	-6.82549
-0.89162	0.43125	0.13798	4.31251
0.00000	0.00000	0.00000	1.00000

boidNo = 11
boid Wall No = 1
position = = (9.9, 1.3, 1.1)
Boid Radius= 9.999999
Boid Frame=
 0.17035	0.98518	-0.02008	9.85179
-0.65859	0.12899	0.74137	1.28990
-0.73297	0.11306	-0.67080	1.13064
0.00000	0.00000	0.00000	1.00000

boidNo = 12
boid Wall No = 1
position = = (-0.7, 10.0, -0.2)
Boid Radius= 10
Boid Frame=
 0.07134	-0.06901	0.99506	-0.69014
0.02497	0.99741	0.06739	9.97414
0.99714	-0.02004	-0.07288	-0.20040
0.00000	0.00000	0.00000	1.00000

boidNo = 13
boid Wall No = 0
position = = (0.4, -10.0, 0.6)
Boid Radius= 9.999999
Boid Frame=
 0.94430	0.04335	0.32623	0.43354
0.02149	-0.99729	0.07032	-9.97293
-0.32840	0.05939	0.94267	0.59392
0.00000	0.00000	0.00000	1.00000

boidNo = 14
boid Wall No = 0
position = = (-2.0, -9.7, 1.2)
Boid Radius= 10
Boid Frame=
 -0.16667	-0.19725	-0.96608	-1.97247
0.14969	-0.97349	0.17293	-9.73491
0.97458	0.11579	-0.19178	1.15794
0.00000	0.00000	0.00000	1.00000

