Iteration Num of Simuation:0
m_SimulationDeltaT of action plan:0
boidNo = 0
boid Wall No = 1
position = = (-2.0, 8.0, 5.7)
Boid Radius= 10
Boid Frame=
 0.79229	-0.19942	0.57664	-1.99418
-0.21303	0.79520	0.56770	7.95196
0.57175	0.57262	-0.58754	5.72623
0.00000	0.00000	0.00000	1.00000

boidNo = 1
boid Wall No = 0
position = = (0.7, -9.5, 2.9)
Boid Radius= 10
Boid Frame=
 0.75140	0.07176	-0.65593	0.71757
0.24374	-0.95395	0.17485	-9.53949
0.61318	0.29126	0.73429	2.91261
0.00000	0.00000	0.00000	1.00000

boidNo = 2
boid Wall No = 0
position = = (8.5, -4.7, -2.3)
Boid Radius= 9.999999
Boid Frame=
 -0.47934	0.84891	0.22269	8.48906
-0.50374	-0.47391	0.72226	-4.73909
-0.71867	-0.23403	-0.65479	-2.34030
0.00000	0.00000	0.00000	1.00000

boidNo = 3
boid Wall No = 1
position = = (-2.9, 9.5, 1.1)
Boid Radius= 10
Boid Frame=
 0.48697	-0.28845	0.82441	-2.88447
0.04825	0.95134	0.30435	9.51337
0.87208	0.10843	-0.47719	1.08432
0.00000	0.00000	0.00000	1.00000

boidNo = 4
boid Wall No = 0
position = = (9.0, -3.3, 2.7)
Boid Radius= 10
Boid Frame=
 0.01085	0.90261	0.43033	9.02606
-0.61262	-0.33413	0.71628	-3.34129
-0.79030	0.27140	-0.54933	2.71405
0.00000	0.00000	0.00000	1.00000

boidNo = 5
boid Wall No = 1
position = = (-8.6, 5.0, -1.1)
Boid Radius= 10
Boid Frame=
 -0.40523	-0.85790	0.31591	-8.57898
-0.52982	0.50199	0.68359	5.01988
0.74503	-0.10964	0.65796	-1.09638
0.00000	0.00000	0.00000	1.00000

boidNo = 6
boid Wall No = 1
position = = (-1.6, 9.7, -2.1)
Boid Radius= 10
Boid Frame=
 -0.65345	-0.16193	0.73945	-1.61929
0.05132	0.96513	0.25670	9.65128
0.75523	-0.20569	0.62235	-2.05687
0.00000	0.00000	0.00000	1.00000

boidNo = 7
boid Wall No = 0
position = = (1.4, -1.3, -9.8)
Boid Radius= 9.999999
Boid Frame=
 -0.69511	0.13990	-0.70516	1.39899
-0.71890	-0.13131	0.68260	-1.31314
-0.00290	-0.98142	-0.19185	-9.81420
0.00000	0.00000	0.00000	1.00000

boidNo = 8
boid Wall No = 0
position = = (0.9, -8.2, -5.7)
Boid Radius= 10
Boid Frame=
 -0.98070	0.08637	0.17542	0.86369
0.03092	-0.81737	0.57528	-8.17372
-0.19307	-0.56960	-0.79893	-5.69599
0.00000	0.00000	0.00000	1.00000

boidNo = 9
boid Wall No = 1
position = = (0.8, 9.9, 0.7)
Boid Radius= 10
Boid Frame=
 0.35525	0.07806	-0.93151	0.78059
0.03423	0.99475	0.09641	9.94753
-0.93415	0.06614	-0.35071	0.66135
0.00000	0.00000	0.00000	1.00000

boidNo = 10
boid Wall No = 1
position = = (-9.1, 4.2, 0.3)
Boid Radius= 10
Boid Frame=
 -0.26453	-0.90510	0.33290	-9.05096
-0.61822	0.42409	0.66177	4.24095
0.74015	0.03075	0.67174	0.30749
0.00000	0.00000	0.00000	1.00000

boidNo = 11
boid Wall No = 0
position = = (-0.7, -0.4, 10.0)
Boid Radius= 10
Boid Frame=
 0.75395	-0.07173	0.65301	-0.71727
-0.65639	-0.04200	0.75325	-0.42003
0.02660	0.99654	0.07875	9.96540
0.00000	0.00000	0.00000	1.00000

boidNo = 12
boid Wall No = 0
position = = (5.3, -8.3, -1.9)
Boid Radius= 9.999999
Boid Frame=
 -0.27132	0.53255	0.80173	5.32554
0.04451	-0.82514	0.56317	-8.25142
-0.96146	-0.18849	-0.20017	-1.88487
0.00000	0.00000	0.00000	1.00000

boidNo = 13
boid Wall No = 1
position = = (-5.8, 1.6, 8.0)
Boid Radius= 10
Boid Frame=
 0.50719	-0.58095	0.63660	-5.80953
-0.69872	0.15524	0.69835	1.55238
0.50453	0.79900	0.32719	7.98996
0.00000	0.00000	0.00000	1.00000

boidNo = 14
boid Wall No = 0
position = = (-1.1, -9.4, 3.1)
Boid Radius= 10
Boid Frame=
 0.57916	-0.10656	-0.80822	-1.06557
0.19844	-0.94317	0.26655	-9.43174
0.79070	0.31475	0.52510	3.14753
0.00000	0.00000	0.00000	1.00000

