Iteration Num of Simuation:0
m_SimulationDeltaT of action plan:0
boidNo = 0
boid Wall No = 0
position = = (0.3, -8.9, 4.6)
Boid Radius= 10
Boid Frame=
 0.96319	0.02986	-0.26714	0.29864
0.14948	-0.88549	0.43995	-8.85495
0.22342	0.46369	0.85737	4.63689
0.00000	0.00000	0.00000	1.00000

boidNo = 1
boid Wall No = 0
position = = (-4.3, -7.4, 5.2)
Boid Radius= 10
Boid Frame=
 0.84216	-0.43006	-0.32528	-4.30058
-0.11786	-0.73547	0.66722	-7.35474
0.52618	0.52357	0.67008	5.23572
0.00000	0.00000	0.00000	1.00000

boidNo = 2
boid Wall No = 0
position = = (8.0, -2.4, -5.5)
Boid Radius= 10
Boid Frame=
 -0.57330	0.79867	-0.18287	7.98673
-0.58323	-0.24103	0.77573	-2.41031
-0.57547	-0.55138	-0.60399	-5.51385
0.00000	0.00000	0.00000	1.00000

boidNo = 3
boid Wall No = 0
position = = (-5.3, -8.4, 1.2)
Boid Radius= 10
Boid Frame=
 0.09942	-0.52829	-0.84322	-5.28289
0.08493	-0.83982	0.53617	-8.39824
0.99141	0.12492	0.03863	1.24924
0.00000	0.00000	0.00000	1.00000

boidNo = 4
boid Wall No = 1
position = = (0.3, 9.8, 1.7)
Boid Radius= 10
Boid Frame=
 0.85677	0.02531	-0.51508	0.25305
0.06838	0.98440	0.16211	9.84401
-0.51114	0.17411	-0.84168	1.74108
0.00000	0.00000	0.00000	1.00000

boidNo = 5
boid Wall No = 0
position = = (5.7, -8.0, -2.1)
Boid Radius= 10
Boid Frame=
 -0.35516	0.56576	0.74416	5.65763
-0.00478	-0.79715	0.60377	-7.97146
-0.93479	-0.21088	-0.28582	-2.10881
0.00000	0.00000	0.00000	1.00000

boidNo = 6
boid Wall No = 0
position = = (-4.2, -8.9, -1.8)
Boid Radius= 9.999999
Boid Frame=
 -0.52121	-0.41620	-0.74506	-4.16204
0.07056	-0.89105	0.44840	-8.91046
0.85051	-0.18114	-0.49379	-1.81139
0.00000	0.00000	0.00000	1.00000

boidNo = 7
boid Wall No = 0
position = = (5.4, -6.3, 5.7)
Boid Radius= 10
Boid Frame=
 0.44514	0.53692	0.71663	5.36924
-0.36011	-0.62539	0.69225	-6.25391
-0.81986	0.56621	0.08504	5.66214
0.00000	0.00000	0.00000	1.00000

boidNo = 8
boid Wall No = 1
position = = (6.3, 7.8, 0.0)
Boid Radius= 10
Boid Frame=
 0.28057	0.62613	-0.72749	6.26127
-0.22524	0.77972	0.58421	7.79721
-0.93303	0.00005	-0.35980	0.00051
0.00000	0.00000	0.00000	1.00000

boidNo = 9
boid Wall No = 0
position = = (-2.1, -5.6, 8.0)
Boid Radius= 10
Boid Frame=
 0.90957	-0.20717	0.36024	-2.07168
-0.41230	-0.55819	0.72002	-5.58189
-0.05192	0.80343	0.59313	8.03434
0.00000	0.00000	0.00000	1.00000

boidNo = 10
boid Wall No = 0
position = = (-9.6, -2.3, -1.3)
Boid Radius= 10
Boid Frame=
 0.03469	-0.96388	-0.26405	-9.63885
-0.60009	-0.23137	0.76574	-2.31366
0.79918	-0.13189	0.58644	-1.31892
0.00000	0.00000	0.00000	1.00000

boidNo = 11
boid Wall No = 1
position = = (-0.2, 1.0, 9.9)
Boid Radius= 10
Boid Frame=
 0.69796	-0.02470	0.71571	-0.24696
-0.71048	0.10156	0.69635	1.01564
0.08989	0.99452	-0.05334	9.94523
0.00000	0.00000	0.00000	1.00000

boidNo = 12
boid Wall No = 1
position = = (-5.5, 4.7, -6.9)
Boid Radius= 10
Boid Frame=
 -0.78905	-0.54954	-0.27460	-5.49538
-0.56270	0.46714	0.68202	4.67144
0.24652	-0.69267	0.67782	-6.92665
0.00000	0.00000	0.00000	1.00000

boidNo = 13
boid Wall No = 1
position = = (-1.8, 9.4, 3.0)
Boid Radius= 10
Boid Frame=
 0.87243	-0.18174	0.45369	-1.81738
0.01523	0.93795	0.34644	9.37949
0.48850	0.29534	-0.82106	2.95336
0.00000	0.00000	0.00000	1.00000

boidNo = 14
boid Wall No = 1
position = = (1.8, 9.8, 0.3)
Boid Radius= 10
Boid Frame=
 -0.20707	0.17615	-0.96234	1.76154
0.06507	0.98396	0.16611	9.83958
-0.97616	0.02822	0.21521	0.28219
0.00000	0.00000	0.00000	1.00000

