Iteration Num of Simuation:0
m_SimulationDeltaT of action plan:0
boidNo = 0
boid Wall No = 0
position = = (1.4, -9.8, -1.0)
Boid Radius= 10
Boid Frame=
 -0.41355	0.13938	0.89975	1.39378
0.03622	-0.98491	0.16922	-9.84913
-0.90976	-0.10257	-0.40227	-1.02573
0.00000	0.00000	0.00000	1.00000

boidNo = 1
boid Wall No = 1
position = = (0.1, 5.1, 8.6)
Boid Radius= 10
Boid Frame=
 0.74632	0.01200	0.66548	0.11998
-0.57723	0.50947	0.63816	5.09466
0.33138	0.86041	-0.38715	8.60407
0.00000	0.00000	0.00000	1.00000

boidNo = 2
boid Wall No = 0
position = = (-3.5, -7.4, 5.7)
Boid Radius= 10
Boid Frame=
 0.92974	-0.34959	-0.11565	-3.49586
-0.20045	-0.74399	0.63742	-7.43988
0.30888	0.56945	0.76179	5.69448
0.00000	0.00000	0.00000	1.00000

boidNo = 3
boid Wall No = 0
position = = (1.9, -6.9, 7.0)
Boid Radius= 9.999999
Boid Frame=
 0.87686	0.18726	0.44278	1.87262
-0.20503	-0.68740	0.69674	-6.87395
-0.43484	0.70173	0.56435	7.01727
0.00000	0.00000	0.00000	1.00000

boidNo = 4
boid Wall No = 0
position = = (-0.1, -10.0, 0.3)
Boid Radius= 10
Boid Frame=
 0.92627	-0.00945	-0.37674	-0.09454
0.00137	-0.99959	0.02846	-9.99594
0.37685	0.02688	0.92588	0.26881
0.00000	0.00000	0.00000	1.00000

boidNo = 5
boid Wall No = 1
position = = (2.2, 8.7, 4.4)
Boid Radius= 10
Boid Frame=
 0.93610	0.21700	0.27683	2.17001
-0.31269	0.87381	0.37239	8.73813
0.16109	0.43516	-0.88583	4.35157
0.00000	0.00000	0.00000	1.00000

boidNo = 6
boid Wall No = 1
position = = (-9.1, 0.5, -4.0)
Boid Radius= 9.999999
Boid Frame=
 -0.31484	-0.91434	-0.25466	-9.14344
-0.71725	0.05347	0.69476	0.53466
0.62164	-0.40139	0.67265	-4.01394
0.00000	0.00000	0.00000	1.00000

boidNo = 7
boid Wall No = 0
position = = (-9.8, -0.4, -1.7)
Boid Radius= 10
Boid Frame=
 -0.06952	-0.98438	-0.16176	-9.84378
-0.79343	-0.04373	0.60709	-0.43726
0.60468	-0.17055	0.77800	-1.70551
0.00000	0.00000	0.00000	1.00000

boidNo = 8
boid Wall No = 0
position = = (2.0, -5.8, -7.9)
Boid Radius= 10
Boid Frame=
 -0.95053	0.19886	-0.23865	1.98860
-0.31049	-0.58396	0.75006	-5.83959
-0.00979	-0.78705	-0.61681	-7.87049
0.00000	0.00000	0.00000	1.00000

boidNo = 9
boid Wall No = 0
position = = (9.1, 0.0, 4.2)
Boid Radius= 9.999999
Boid Frame=
 0.23267	0.90598	0.35364	9.05982
-0.82983	-0.00469	0.55799	-0.04687
-0.50719	0.42329	-0.75072	4.23290
0.00000	0.00000	0.00000	1.00000

boidNo = 10
boid Wall No = 1
position = = (3.4, 2.8, -9.0)
Boid Radius= 10
Boid Frame=
 -0.60218	0.33627	-0.72409	3.36268
-0.67193	0.27633	0.68713	2.76327
-0.43115	-0.90031	-0.05955	-9.00315
0.00000	0.00000	0.00000	1.00000

boidNo = 11
boid Wall No = 1
position = = (3.0, 9.0, -3.0)
Boid Radius= 9.999999
Boid Frame=
 -0.67252	0.30402	-0.67475	3.04016
-0.02023	0.90384	0.42739	9.03840
-0.73980	-0.30108	0.60170	-3.01078
0.00000	0.00000	0.00000	1.00000

boidNo = 12
boid Wall No = 0
position = = (-0.5, -8.4, -5.3)
Boid Radius= 10
Boid Frame=
 -0.99653	-0.04582	0.06943	-0.45824
0.07577	-0.84456	0.53007	-8.44561
-0.03435	-0.53349	-0.84511	-5.33495
0.00000	0.00000	0.00000	1.00000

boidNo = 13
boid Wall No = 0
position = = (1.8, -9.5, 2.7)
Boid Radius= 10
Boid Frame=
 0.91569	0.18374	-0.35743	1.83742
0.26362	-0.94591	0.18911	-9.45908
0.30335	0.26739	0.91459	2.67391
0.00000	0.00000	0.00000	1.00000

boidNo = 14
boid Wall No = 0
position = = (5.5, -7.2, 4.3)
Boid Radius= 10
Boid Frame=
 0.39967	0.54808	0.73476	5.48076
-0.22562	-0.71809	0.65836	-7.18092
-0.88846	0.42890	0.16334	4.28901
0.00000	0.00000	0.00000	1.00000

