Iteration Num of Simuation:0
m_SimulationDeltaT of action plan:0
boidNo = 0
boid Wall No = 1
position = = (4.3, 8.9, 1.1)
Boid Radius= 10
Boid Frame=
 0.43892	0.43280	-0.78742	4.32796
-0.10138	0.89461	0.43520	8.94609
-0.89279	0.11119	-0.43654	1.11189
0.00000	0.00000	0.00000	1.00000

boidNo = 1
boid Wall No = 1
position = = (-1.9, 9.8, 0.9)
Boid Radius= 10
Boid Frame=
 0.01299	-0.18876	0.98194	-1.88763
-0.09137	0.97769	0.18916	9.77687
0.99573	0.09218	0.00454	0.92180
0.00000	0.00000	0.00000	1.00000

boidNo = 2
boid Wall No = 0
position = = (-4.0, -9.0, 1.4)
Boid Radius= 10
Boid Frame=
 0.47426	-0.40345	-0.78250	-4.03449
-0.07675	-0.90438	0.41977	-9.04380
0.87704	0.13902	0.45987	1.39019
0.00000	0.00000	0.00000	1.00000

boidNo = 3
boid Wall No = 0
position = = (5.6, -8.0, 2.2)
Boid Radius= 10
Boid Frame=
 0.12303	0.55579	0.82217	5.55792
-0.17725	-0.80283	0.56925	-8.02833
-0.97645	0.21576	0.00025	2.15762
0.00000	0.00000	0.00000	1.00000

boidNo = 4
boid Wall No = 0
position = = (0.1, -9.6, 2.8)
Boid Radius= 10
Boid Frame=
 0.96884	0.01120	-0.24745	0.11196
0.07912	-0.96064	0.26629	-9.60640
0.23473	0.27757	0.93159	2.77571
0.00000	0.00000	0.00000	1.00000

boidNo = 5
boid Wall No = 1
position = = (-10.0, 0.9, 0.2)
Boid Radius= 10
Boid Frame=
 -0.05183	-0.99575	0.07609	-9.95753
-0.70258	0.09051	0.70583	0.90508
0.70972	0.01687	0.70428	0.16875
0.00000	0.00000	0.00000	1.00000

boidNo = 6
boid Wall No = 1
position = = (-0.9, 9.9, -0.5)
Boid Radius= 10
Boid Frame=
 -0.00270	-0.08649	0.99625	-0.86486
0.05062	0.99496	0.08651	9.94964
0.99871	-0.05066	-0.00169	-0.50662
0.00000	0.00000	0.00000	1.00000

boidNo = 7
boid Wall No = 0
position = = (7.8, -5.0, 3.7)
Boid Radius= 10
Boid Frame=
 -0.23563	0.78256	0.57626	7.82564
-0.79298	-0.49761	0.35152	-4.97614
-0.56184	0.37413	-0.73781	3.74132
0.00000	0.00000	0.00000	1.00000

boidNo = 8
boid Wall No = 1
position = = (-1.5, 9.6, -2.4)
Boid Radius= 10
Boid Frame=
 -0.89674	-0.14861	0.41686	-1.48610
-0.02637	0.95820	0.28488	9.58200
0.44177	-0.24448	0.86318	-2.44475
0.00000	0.00000	0.00000	1.00000

boidNo = 9
boid Wall No = 0
position = = (3.4, -6.0, -7.2)
Boid Radius= 10
Boid Frame=
 -0.92645	0.33773	-0.16623	3.37734
-0.34834	-0.60184	0.71864	-6.01840
-0.14267	-0.72369	-0.67522	-7.23688
0.00000	0.00000	0.00000	1.00000

boidNo = 10
boid Wall No = 0
position = = (1.8, -9.3, 3.3)
Boid Radius= 10
Boid Frame=
 0.85394	0.18319	0.48706	1.83194
-0.01377	-0.92770	0.37307	-9.27702
-0.52019	0.32528	0.78968	3.25284
0.00000	0.00000	0.00000	1.00000

boidNo = 11
boid Wall No = 1
position = = (-6.6, 1.4, -7.4)
Boid Radius= 10
Boid Frame=
 -0.59644	-0.65937	-0.45771	-6.59367
-0.69417	0.13745	0.70657	1.37445
0.40298	-0.73915	0.53969	-7.39151
0.00000	0.00000	0.00000	1.00000

boidNo = 12
boid Wall No = 0
position = = (0.3, -9.5, -3.0)
Boid Radius= 10
Boid Frame=
 -0.98994	0.03128	0.13799	0.31278
0.01200	-0.95319	0.30212	-9.53195
-0.14098	-0.30073	-0.94323	-3.00735
0.00000	0.00000	0.00000	1.00000

boidNo = 13
boid Wall No = 0
position = = (-4.2, -8.6, 2.8)
Boid Radius= 10
Boid Frame=
 0.48720	-0.42100	-0.76511	-4.21001
0.04255	-0.86364	0.50231	-8.63639
0.87225	0.27728	0.40285	2.77284
0.00000	0.00000	0.00000	1.00000

boidNo = 14
boid Wall No = 1
position = = (6.3, 6.3, -4.5)
Boid Radius= 10
Boid Frame=
 -0.20821	0.63293	-0.74569	6.32927
-0.42153	0.62990	0.65234	6.29895
-0.88259	-0.45015	-0.13565	-4.50151
0.00000	0.00000	0.00000	1.00000

boidNo = 15
boid Wall No = 1
position = = (1.6, 2.2, 9.6)
Boid Radius= 10
Boid Frame=
 0.65229	0.16425	0.73996	1.64253
-0.75530	0.22271	0.61638	2.22706
0.06355	0.96095	-0.26933	9.60949
0.00000	0.00000	0.00000	1.00000

boidNo = 16
boid Wall No = 1
position = = (2.4, 7.7, 5.8)
Boid Radius= 10
Boid Frame=
 0.97009	0.24121	0.02716	2.41207
-0.20936	0.77485	0.59647	7.74847
-0.12283	0.58432	-0.80217	5.84322
0.00000	0.00000	0.00000	1.00000

boidNo = 17
boid Wall No = 0
position = = (9.8, -1.7, 1.3)
Boid Radius= 10
Boid Frame=
 -0.00210	0.97771	0.20995	9.77710
-0.60836	-0.16788	0.77570	-1.67879
-0.79366	0.12609	-0.59515	1.26092
0.00000	0.00000	0.00000	1.00000

boidNo = 18
boid Wall No = 0
position = = (0.4, -10.0, -0.1)
Boid Radius= 10
Boid Frame=
 -0.22547	0.04359	0.97327	0.43586
-0.00426	-0.99903	0.04375	-9.99033
-0.97424	-0.00572	-0.22544	-0.05724
0.00000	0.00000	0.00000	1.00000

boidNo = 19
boid Wall No = 1
position = = (4.3, 4.6, 7.7)
Boid Radius= 10
Boid Frame=
 0.53158	0.43416	0.72728	4.34163
-0.82411	0.46343	0.32570	4.63427
0.19563	0.77249	-0.60414	7.72489
0.00000	0.00000	0.00000	1.00000

