Iteration Num of Simuation:0
m_SimulationDeltaT of action plan:0
boidNo = 0
boid Wall No = 1
position = = (-4.7, 3.2, 8.2)
Boid Radius= 10
Boid Frame=
 0.55049	-0.47097	0.68931	-4.70971
-0.62236	0.31883	0.71486	3.18827
0.55645	0.82252	0.11760	8.22518
0.00000	0.00000	0.00000	1.00000

boidNo = 1
boid Wall No = 0
position = = (3.6, -3.5, -8.7)
Boid Radius= 10
Boid Frame=
 -0.79545	0.35692	-0.48977	3.56917
-0.59957	-0.34585	0.72174	-3.45851
-0.08821	-0.86775	-0.48910	-8.67754
0.00000	0.00000	0.00000	1.00000

boidNo = 2
boid Wall No = 0
position = = (1.3, -9.9, 1.0)
Boid Radius= 10
Boid Frame=
 0.77351	0.13075	0.62015	1.30745
0.03726	-0.98618	0.16144	-9.86179
-0.63269	0.10177	0.76769	1.01767
0.00000	0.00000	0.00000	1.00000

boidNo = 3
boid Wall No = 1
position = = (4.7, 8.5, 2.2)
Boid Radius= 10
Boid Frame=
 0.69092	0.47112	-0.54833	4.71125
-0.20315	0.85445	0.47816	8.54454
-0.69380	0.21898	-0.68607	2.18976
0.00000	0.00000	0.00000	1.00000

boidNo = 4
boid Wall No = 1
position = = (-1.5, 7.5, -6.4)
Boid Radius= 10
Boid Frame=
 -0.91501	-0.15199	-0.37372	-1.51989
-0.35205	0.75322	0.55563	7.53221
-0.19704	-0.63997	0.74271	-6.39967
0.00000	0.00000	0.00000	1.00000

boidNo = 5
boid Wall No = 1
position = = (-0.6, 9.7, 2.3)
Boid Radius= 10
Boid Frame=
 0.99773	-0.06368	-0.02207	-0.63679
0.06705	0.97094	0.22975	9.70937
-0.00680	0.23071	-0.97300	2.30709
0.00000	0.00000	0.00000	1.00000

boidNo = 6
boid Wall No = 0
position = = (-1.3, -9.7, 2.0)
Boid Radius= 10
Boid Frame=
 0.66841	-0.12780	-0.73274	-1.27797
0.06155	-0.97225	0.22572	-9.72246
0.74125	0.19597	0.64199	1.95974
0.00000	0.00000	0.00000	1.00000

boidNo = 7
boid Wall No = 0
position = = (1.1, -8.8, -4.7)
Boid Radius= 10
Boid Frame=
 -0.85409	0.10570	0.50928	1.05700
0.16006	-0.87821	0.45070	-8.78209
-0.49489	-0.46645	-0.73315	-4.66452
0.00000	0.00000	0.00000	1.00000

boidNo = 8
boid Wall No = 0
position = = (0.1, -7.0, -7.2)
Boid Radius= 10
Boid Frame=
 -0.95800	0.00982	-0.28660	0.09815
-0.21194	-0.69747	0.68456	-6.97469
0.19317	-0.71655	-0.67026	-7.16548
0.00000	0.00000	0.00000	1.00000

boidNo = 9
boid Wall No = 0
position = = (-7.3, -6.8, 0.9)
Boid Radius= 10
Boid Frame=
 0.40102	-0.72857	-0.55531	-7.28569
-0.32178	-0.67959	0.65925	-6.79592
0.85770	0.08569	0.50697	0.85687
0.00000	0.00000	0.00000	1.00000

boidNo = 10
boid Wall No = 0
position = = (0.0, -10.0, 0.0)
Boid Radius= 10
Boid Frame=
 0.68284	-0.00397	-0.73055	-0.03974
-0.00023	-0.99999	0.00523	-9.99986
0.73056	0.00340	0.68284	0.03402
0.00000	0.00000	0.00000	1.00000

boidNo = 11
boid Wall No = 1
position = = (-6.5, 3.9, 6.5)
Boid Radius= 10
Boid Frame=
 0.35734	-0.64617	0.67437	-6.46174
-0.60301	0.39176	0.69491	3.91759
0.71322	0.65497	0.24966	6.54968
0.00000	0.00000	0.00000	1.00000

boidNo = 12
boid Wall No = 0
position = = (-7.2, -4.6, 5.2)
Boid Radius= 10
Boid Frame=
 0.68747	-0.71771	0.11079	-7.17708
-0.58986	-0.46287	0.66168	-4.62868
0.42361	0.52024	0.74156	5.20239
0.00000	0.00000	0.00000	1.00000

boidNo = 13
boid Wall No = 1
position = = (9.5, 0.5, -2.9)
Boid Radius= 10
Boid Frame=
 -0.17127	0.95479	-0.24299	9.54790
-0.70197	0.05479	0.71009	0.54792
-0.69130	-0.29219	-0.66085	-2.92188
0.00000	0.00000	0.00000	1.00000

boidNo = 14
boid Wall No = 1
position = = (-7.8, 5.3, 3.3)
Boid Radius= 10
Boid Frame=
 -0.00098	-0.78224	0.62298	-7.82235
-0.53493	0.52677	0.66058	5.26766
0.84489	0.33260	0.41896	3.32604
0.00000	0.00000	0.00000	1.00000

