Iteration Num of Simuation:0
m_SimulationDeltaT of action plan:0
boidNo = 0
boid Wall No = 0
position = = (-1.7, -1.3, 9.8)
Boid Radius= 9.999999
Boid Frame=
 0.73246	-0.17173	0.65879	-1.71730
-0.67965	-0.12816	0.72225	-1.28164
0.03960	0.97677	0.21059	9.76772
0.00000	0.00000	0.00000	1.00000

boidNo = 1
boid Wall No = 0
position = = (8.0, -5.2, 3.0)
Boid Radius= 9.999999
Boid Frame=
 0.08414	0.80044	0.59348	8.00441
-0.40583	-0.51643	0.75406	-5.16426
-0.91007	0.30430	-0.28139	3.04300
0.00000	0.00000	0.00000	1.00000

boidNo = 2
boid Wall No = 1
position = = (0.3, 7.2, 6.9)
Boid Radius= 10
Boid Frame=
 0.91083	0.03327	0.41143	0.33272
-0.30603	0.72332	0.61900	7.23319
0.27700	0.68971	-0.66900	6.89712
0.00000	0.00000	0.00000	1.00000

boidNo = 3
boid Wall No = 1
position = = (10.0, 0.1, 0.8)
Boid Radius= 10
Boid Frame=
 0.06429	0.99654	0.05275	9.96536
-0.72208	0.00996	0.69174	0.09965
-0.68881	0.08256	-0.72022	0.82561
0.00000	0.00000	0.00000	1.00000

boidNo = 4
boid Wall No = 0
position = = (8.5, -1.7, 4.9)
Boid Radius= 10
Boid Frame=
 0.30059	0.85466	0.42332	8.54660
-0.61579	-0.16503	0.77043	-1.65026
-0.72832	0.49226	-0.47669	4.92263
0.00000	0.00000	0.00000	1.00000

boidNo = 5
boid Wall No = 1
position = = (-0.7, 9.7, 2.1)
Boid Radius= 10
Boid Frame=
 0.99712	-0.07411	0.01603	-0.74105
0.06905	0.97488	0.21176	9.74880
0.03132	0.21004	-0.97719	2.10043
0.00000	0.00000	0.00000	1.00000

boidNo = 6
boid Wall No = 1
position = = (3.1, 2.4, -9.2)
Boid Radius= 10
Boid Frame=
 -0.62664	0.30590	-0.71676	3.05898
-0.67637	0.24338	0.69519	2.43380
-0.38710	-0.92043	-0.05439	-9.20431
0.00000	0.00000	0.00000	1.00000

boidNo = 7
boid Wall No = 0
position = = (-5.4, -7.3, 4.2)
Boid Radius= 10
Boid Frame=
 0.71769	-0.54134	-0.43802	-5.41341
-0.14054	-0.72868	0.67028	-7.28681
0.68203	0.41949	0.59905	4.19492
0.00000	0.00000	0.00000	1.00000

boidNo = 8
boid Wall No = 0
position = = (0.2, -10.0, -0.8)
Boid Radius= 10
Boid Frame=
 -0.94138	0.01646	0.33694	0.16459
0.01166	-0.99663	0.08125	-9.96626
-0.33714	-0.08042	-0.93801	-0.80416
0.00000	0.00000	0.00000	1.00000

boidNo = 9
boid Wall No = 0
position = = (7.5, -5.8, 3.2)
Boid Radius= 10
Boid Frame=
 -0.35298	0.75011	0.55922	7.50114
-0.76297	-0.57673	0.29201	-5.76727
-0.54156	0.32360	-0.77589	3.23597
0.00000	0.00000	0.00000	1.00000

boidNo = 10
boid Wall No = 1
position = = (-2.7, 8.0, 5.3)
Boid Radius= 10
Boid Frame=
 0.73477	-0.27291	0.62100	-2.72906
-0.18295	0.80184	0.56885	8.01836
0.65318	0.53158	-0.53923	5.31584
0.00000	0.00000	0.00000	1.00000

boidNo = 11
boid Wall No = 0
position = = (4.9, -8.6, -1.5)
Boid Radius= 10
Boid Frame=
 -0.09136	0.49135	0.86616	4.91353
0.11703	-0.85847	0.49934	-8.58468
-0.98892	-0.14698	-0.02093	-1.46985
0.00000	0.00000	0.00000	1.00000

boidNo = 12
boid Wall No = 1
position = = (-5.5, 8.2, -1.3)
Boid Radius= 10
Boid Frame=
 -0.42543	-0.55292	0.71644	-5.52923
-0.14312	0.82280	0.55002	8.22797
0.89360	-0.13146	0.42918	-1.31457
0.00000	0.00000	0.00000	1.00000

boidNo = 13
boid Wall No = 0
position = = (9.4, -1.2, 3.2)
Boid Radius= 10
Boid Frame=
 0.17786	0.93954	0.29263	9.39540
-0.63722	-0.11664	0.76181	-1.16643
-0.74988	0.32196	-0.57794	3.21962
0.00000	0.00000	0.00000	1.00000

boidNo = 14
boid Wall No = 0
position = = (5.1, -7.8, 3.6)
Boid Radius= 10
Boid Frame=
 0.52124	0.50500	0.68795	5.05005
-0.06065	-0.78216	0.62011	-7.82165
-0.85125	0.36495	0.37707	3.64950
0.00000	0.00000	0.00000	1.00000

