Iteration Num of Simuation:0
m_SimulationDeltaT of action plan:0
boidNo = 0
boid Wall No = 0
position = = (-4.4, -6.1, 6.6)
Boid Radius= 10
Boid Frame=
 0.89677	-0.43639	0.07322	-4.36389
-0.35632	-0.61406	0.70425	-6.14063
0.26236	0.65764	0.70617	6.57641
0.00000	0.00000	0.00000	1.00000

boidNo = 1
boid Wall No = 0
position = = (0.9, -9.9, 1.2)
Boid Radius= 9.999999
Boid Frame=
 0.99341	0.08985	-0.07111	0.89853
0.09762	-0.98861	0.11453	-9.88612
0.06001	0.12071	0.99087	1.20714
0.00000	0.00000	0.00000	1.00000

boidNo = 2
boid Wall No = 0
position = = (9.3, -3.8, -0.2)
Boid Radius= 10
Boid Frame=
 -0.28938	0.92638	0.24100	9.26379
-0.67855	-0.37611	0.63096	-3.76110
-0.67515	-0.01906	-0.73743	-0.19055
0.00000	0.00000	0.00000	1.00000

boidNo = 3
boid Wall No = 1
position = = (6.5, 3.3, -6.9)
Boid Radius= 10
Boid Frame=
 -0.41015	0.64565	-0.64414	6.45651
-0.60893	0.33193	0.72044	3.31927
-0.67896	-0.68772	-0.25701	-6.87721
0.00000	0.00000	0.00000	1.00000

boidNo = 4
boid Wall No = 1
position = = (1.5, 9.8, 1.2)
Boid Radius= 10
Boid Frame=
 0.33315	0.14533	-0.93161	1.45325
0.06359	0.98234	0.17598	9.82338
-0.94073	0.11787	-0.31802	1.17867
0.00000	0.00000	0.00000	1.00000

boidNo = 5
boid Wall No = 0
position = = (-4.8, -8.7, -0.3)
Boid Radius= 10
Boid Frame=
 -0.22887	-0.48319	-0.84507	-4.83193
0.08825	-0.87484	0.47631	-8.74837
0.96945	-0.03443	-0.24286	-0.34430
0.00000	0.00000	0.00000	1.00000

boidNo = 6
boid Wall No = 0
position = = (-0.1, -9.9, 1.5)
Boid Radius= 10
Boid Frame=
 0.86463	-0.00924	-0.50232	-0.09236
0.06549	-0.98923	0.13092	-9.89227
0.49812	0.14610	0.85471	1.46099
0.00000	0.00000	0.00000	1.00000

boidNo = 7
boid Wall No = 1
position = = (1.3, 9.9, -0.8)
Boid Radius= 10
Boid Frame=
 -0.83106	0.12839	-0.54116	1.28394
0.06584	0.98886	0.13351	9.88859
-0.55227	-0.07532	0.83026	-0.75324
0.00000	0.00000	0.00000	1.00000

boidNo = 8
boid Wall No = 0
position = = (3.6, -6.7, -6.5)
Boid Radius= 10
Boid Frame=
 -0.93192	0.36155	-0.02854	3.61548
-0.27979	-0.66664	0.69087	-6.66642
-0.23076	-0.65182	-0.72241	-6.51822
0.00000	0.00000	0.00000	1.00000

boidNo = 9
boid Wall No = 0
position = = (-4.7, -8.8, 0.0)
Boid Radius= 10
Boid Frame=
 -0.28329	-0.46588	-0.83827	-4.65877
0.14951	-0.88485	0.44123	-8.84850
0.94731	0.00033	-0.32033	0.00334
0.00000	0.00000	0.00000	1.00000

boidNo = 10
boid Wall No = 0
position = = (-5.1, -8.4, 1.7)
Boid Radius= 10
Boid Frame=
 0.20545	-0.51398	-0.83283	-5.13984
0.07497	-0.84022	0.53704	-8.40220
0.97579	0.17277	0.13409	1.72774
0.00000	0.00000	0.00000	1.00000

boidNo = 11
boid Wall No = 1
position = = (0.4, 5.6, 8.3)
Boid Radius= 10
Boid Frame=
 0.84212	0.04091	0.53773	0.40905
-0.46446	0.56173	0.68464	5.61728
0.27405	0.82631	-0.49204	8.26310
0.00000	0.00000	0.00000	1.00000

boidNo = 12
boid Wall No = 0
position = = (-0.8, -3.3, 9.4)
Boid Radius= 10
Boid Frame=
 0.84275	-0.07683	0.53280	-0.76834
-0.52552	-0.33188	0.78338	-3.31878
-0.11663	0.94019	0.32007	9.40188
0.00000	0.00000	0.00000	1.00000

boidNo = 13
boid Wall No = 1
position = = (7.3, 6.7, 1.4)
Boid Radius= 10
Boid Frame=
 0.49072	0.72609	-0.48165	7.26092
-0.36507	0.67326	0.64300	6.73258
-0.79115	0.13969	-0.59546	1.39694
0.00000	0.00000	0.00000	1.00000

boidNo = 14
boid Wall No = 1
position = = (-9.3, 1.2, -3.5)
Boid Radius= 10
Boid Frame=
 -0.32759	-0.92923	-0.17092	-9.29233
-0.69840	0.11632	0.70619	1.16322
0.63633	-0.35071	0.68709	-3.50708
0.00000	0.00000	0.00000	1.00000

