Iteration Num of Simuation:0
m_SimulationDeltaT of action plan:0
boidNo = 0
boid Wall No = 1
position = = (-1.0, 9.9, -0.5)
Boid Radius= 10
Boid Frame=
 -0.86486	-0.10308	0.49132	-1.03079
-0.06294	0.99323	0.09760	9.93234
0.49806	-0.05349	0.86549	-0.53486
0.00000	0.00000	0.00000	1.00000

boidNo = 1
boid Wall No = 0
position = = (-9.7, -0.5, 2.2)
Boid Radius= 10
Boid Frame=
 0.14249	-0.97440	0.17389	-9.74402
-0.88603	-0.04726	0.46122	-0.47256
0.44120	0.21979	0.87008	2.19790
0.00000	0.00000	0.00000	1.00000

boidNo = 2
boid Wall No = 1
position = = (-4.4, 6.2, 6.5)
Boid Radius= 10
Boid Frame=
 0.47127	-0.44408	0.76203	-4.44083
-0.45685	0.61615	0.64160	6.16146
0.75445	0.65050	-0.08749	6.50503
0.00000	0.00000	0.00000	1.00000

boidNo = 3
boid Wall No = 0
position = = (-0.7, -9.9, 0.9)
Boid Radius= 10
Boid Frame=
 0.89566	-0.06795	-0.43952	-0.67952
-0.02122	-0.99366	0.11038	-9.93663
0.44423	0.08954	0.89143	0.89540
0.00000	0.00000	0.00000	1.00000

boidNo = 4
boid Wall No = 0
position = = (-0.5, -9.9, -1.1)
Boid Radius= 10
Boid Frame=
 -0.90120	-0.04686	-0.43086	-0.46855
-0.00400	-0.99320	0.11638	-9.93197
0.43339	-0.10661	-0.89488	-1.06608
0.00000	0.00000	0.00000	1.00000

boidNo = 5
boid Wall No = 0
position = = (-1.7, -9.2, 3.6)
Boid Radius= 10
Boid Frame=
 -0.44199	-0.16528	0.88166	-1.65282
-0.26050	-0.91687	-0.30247	-9.16870
-0.85836	0.36336	-0.36220	3.63361
0.00000	0.00000	0.00000	1.00000

boidNo = 6
boid Wall No = 1
position = = (2.9, 9.6, -0.6)
Boid Radius= 10
Boid Frame=
 -0.33762	0.28818	-0.89609	2.88179
0.04614	0.95590	0.29003	9.55904
-0.94015	-0.05657	0.33603	-0.56571
0.00000	0.00000	0.00000	1.00000

boidNo = 7
boid Wall No = 0
position = = (4.5, -8.8, -1.7)
Boid Radius= 10
Boid Frame=
 -0.24778	0.44598	0.86006	4.45985
0.05624	-0.87962	0.47233	-8.79624
-0.96718	-0.16541	-0.19287	-1.65407
0.00000	0.00000	0.00000	1.00000

boidNo = 8
boid Wall No = 0
position = = (-6.6, -4.8, 5.7)
Boid Radius= 10
Boid Frame=
 0.74696	-0.66439	0.02517	-6.64393
-0.45197	-0.47964	0.75211	-4.79644
0.48762	0.57317	0.65856	5.73170
0.00000	0.00000	0.00000	1.00000

boidNo = 9
boid Wall No = 1
position = = (-3.6, 9.3, -0.7)
Boid Radius= 10
Boid Frame=
 -0.30921	-0.35953	0.88041	-3.59528
-0.04460	0.93025	0.36421	9.30247
0.94995	-0.07335	0.30368	-0.73355
0.00000	0.00000	0.00000	1.00000

boidNo = 10
boid Wall No = 1
position = = (0.7, 6.5, 7.6)
Boid Radius= 10
Boid Frame=
 0.91115	0.07202	0.40574	0.72019
-0.35209	0.64764	0.67572	6.47638
0.21411	0.75854	-0.61545	7.58537
0.00000	0.00000	0.00000	1.00000

boidNo = 11
boid Wall No = 0
position = = (-1.7, -9.9, -0.1)
Boid Radius= 10
Boid Frame=
 0.02293	-0.16522	-0.98599	-1.65215
-0.01272	-0.98622	0.16496	-9.86219
0.99966	-0.00875	0.02472	-0.08755
0.00000	0.00000	0.00000	1.00000

boidNo = 12
boid Wall No = 1
position = = (7.9, 6.2, 0.1)
Boid Radius= 10
Boid Frame=
 0.58830	0.78765	-0.18305	7.87649
-0.74554	0.61598	0.25443	6.15983
-0.31316	0.01321	-0.94961	0.13213
0.00000	0.00000	0.00000	1.00000

boidNo = 13
boid Wall No = 0
position = = (-5.1, -8.4, 1.6)
Boid Radius= 10
Boid Frame=
 0.47568	-0.51159	-0.71554	-5.11595
-0.12050	-0.84370	0.52312	-8.43698
0.87133	0.16262	0.46298	1.62618
0.00000	0.00000	0.00000	1.00000

boidNo = 14
boid Wall No = 1
position = = (7.5, 4.1, 5.2)
Boid Radius= 10
Boid Frame=
 0.65679	0.74819	0.09404	7.48188
-0.56528	0.40598	0.71808	4.05976
-0.49908	0.52478	-0.68958	5.24785
0.00000	0.00000	0.00000	1.00000

boidNo = 15
boid Wall No = 1
position = = (1.7, 4.6, 8.7)
Boid Radius= 10
Boid Frame=
 0.70759	0.16705	0.68659	1.67049
-0.67252	0.45739	0.58181	4.57390
0.21685	0.87344	-0.43599	8.73435
0.00000	0.00000	0.00000	1.00000

boidNo = 16
boid Wall No = 1
position = = (7.0, 2.1, 6.9)
Boid Radius= 10
Boid Frame=
 0.61389	0.69668	0.37117	6.96682
-0.67062	0.21224	0.71079	2.12244
-0.41641	0.68526	-0.59751	6.85264
0.00000	0.00000	0.00000	1.00000

boidNo = 17
boid Wall No = 0
position = = (-6.6, -7.2, 2.2)
Boid Radius= 10
Boid Frame=
 0.54052	-0.65953	-0.52236	-6.59534
-0.25542	-0.72020	0.64503	-7.20202
0.80162	0.21523	0.55774	2.15229
0.00000	0.00000	0.00000	1.00000

boidNo = 18
boid Wall No = 1
position = = (-7.6, 5.3, 3.7)
Boid Radius= 10
Boid Frame=
 0.11181	-0.76309	0.63655	-7.63086
-0.45734	0.52918	0.71470	5.29184
0.88223	0.37103	0.28983	3.71032
0.00000	0.00000	0.00000	1.00000

boidNo = 19
boid Wall No = 0
position = = (1.6, -6.6, 7.3)
Boid Radius= 10
Boid Frame=
 0.88773	0.16276	0.43064	1.62757
-0.22593	-0.66101	0.71556	-6.61009
-0.40112	0.73251	0.55003	7.32515
0.00000	0.00000	0.00000	1.00000

