Iteration Num of Simuation:0
m_SimulationDeltaT of action plan:0
boidNo = 0
boid Wall No = 0
position = = (4.7, -8.3, 2.9)
Boid Radius= 10
Boid Frame=
 0.60199	0.46803	0.64696	4.68030
0.06004	-0.83445	0.54780	-8.34452
-0.79624	0.29093	0.53044	2.90926
0.00000	0.00000	0.00000	1.00000

boidNo = 1
boid Wall No = 0
position = = (-6.3, -0.3, -7.8)
Boid Radius= 10
Boid Frame=
 -0.46232	-0.63019	-0.62380	-6.30189
-0.78893	-0.02880	0.61380	-0.28798
0.40478	-0.77591	0.48386	-7.75908
0.00000	0.00000	0.00000	1.00000

boidNo = 2
boid Wall No = 1
position = = (1.0, 9.0, 4.2)
Boid Radius= 10
Boid Frame=
 0.98891	0.09812	-0.11150	0.98124
-0.04157	0.90355	0.42645	9.03554
-0.14259	0.41709	-0.89761	4.17088
0.00000	0.00000	0.00000	1.00000

boidNo = 3
boid Wall No = 0
position = = (5.8, -8.1, 1.1)
Boid Radius= 10
Boid Frame=
 0.21066	0.58092	0.78623	5.80916
0.01277	-0.80585	0.59199	-8.05846
-0.97748	0.11467	0.17718	1.14667
0.00000	0.00000	0.00000	1.00000

boidNo = 4
boid Wall No = 0
position = = (-6.8, -0.9, 7.3)
Boid Radius= 10
Boid Frame=
 0.54696	-0.67738	0.49193	-6.77380
-0.72620	-0.09156	0.68136	-0.91556
0.41650	0.72991	0.54199	7.29914
0.00000	0.00000	0.00000	1.00000

boidNo = 5
boid Wall No = 0
position = = (6.1, -4.9, -6.3)
Boid Radius= 10
Boid Frame=
 -0.78581	0.60643	-0.12145	6.06427
-0.48946	-0.48974	0.72152	-4.89740
-0.37807	-0.62642	-0.68166	-6.26419
0.00000	0.00000	0.00000	1.00000

boidNo = 6
boid Wall No = 1
position = = (0.1, 9.9, 1.1)
Boid Radius= 10
Boid Frame=
 0.85253	0.00966	-0.52259	0.09659
0.04673	0.99442	0.09461	9.94417
-0.52058	0.10508	-0.84732	1.05082
0.00000	0.00000	0.00000	1.00000

boidNo = 7
boid Wall No = 1
position = = (-1.6, 9.7, 1.7)
Boid Radius= 10
Boid Frame=
 0.82601	-0.16140	0.54006	-1.61397
0.03904	0.97221	0.23084	9.72208
0.56231	0.16959	-0.80935	1.69594
0.00000	0.00000	0.00000	1.00000

boidNo = 8
boid Wall No = 1
position = = (-7.3, 4.0, -5.5)
Boid Radius= 10
Boid Frame=
 -0.66584	-0.73258	-0.14138	-7.32580
-0.59094	0.40214	0.69934	4.02137
0.45546	-0.54919	0.70067	-5.49193
0.00000	0.00000	0.00000	1.00000

boidNo = 9
boid Wall No = 1
position = = (4.4, 6.7, 6.0)
Boid Radius= 10
Boid Frame=
 0.89779	0.43867	0.03922	4.38666
-0.35446	0.66684	0.65550	6.66844
-0.26139	0.60241	-0.75418	6.02405
0.00000	0.00000	0.00000	1.00000

boidNo = 10
boid Wall No = 0
position = = (8.6, -5.0, -0.3)
Boid Radius= 9.999999
Boid Frame=
 -0.35141	0.86294	0.36311	8.62940
-0.55075	-0.50418	0.66520	-5.04177
-0.75709	-0.03377	-0.65243	-0.33772
0.00000	0.00000	0.00000	1.00000

boidNo = 11
boid Wall No = 0
position = = (2.3, -6.0, 7.7)
Boid Radius= 10
Boid Frame=
 0.79704	0.22678	0.55974	2.26777
-0.34130	-0.59549	0.72726	-5.95492
-0.49824	0.77069	0.39723	7.70689
0.00000	0.00000	0.00000	1.00000

boidNo = 12
boid Wall No = 0
position = = (-1.3, -8.4, 5.3)
Boid Radius= 10
Boid Frame=
 0.96757	-0.13255	-0.21502	-1.32554
0.00660	-0.83768	0.54613	-8.37677
0.25251	0.52984	0.80964	5.29836
0.00000	0.00000	0.00000	1.00000

boidNo = 13
boid Wall No = 1
position = = (9.9, 0.1, -1.2)
Boid Radius= 10
Boid Frame=
 -0.07574	0.99263	-0.09460	9.92630
-0.71097	0.01275	0.70310	0.12755
-0.69913	-0.12051	-0.70477	-1.20509
0.00000	0.00000	0.00000	1.00000

boidNo = 14
boid Wall No = 1
position = = (9.9, 1.2, -0.5)
Boid Radius= 10
Boid Frame=
 0.05374	0.99141	-0.11921	9.91414
-0.71840	0.12130	0.68497	1.21302
-0.69355	-0.04883	-0.71875	-0.48828
0.00000	0.00000	0.00000	1.00000

