Iteration Num of Simuation:0
m_SimulationDeltaT of action plan:0
boidNo = 0
boid Wall No = 1
position = = (9.9, 1.2, -1.1)
Boid Radius= 10
Boid Frame=
 0.00881	0.98695	-0.16076	9.86954
-0.69765	0.12124	0.70611	1.21240
-0.71639	-0.10594	-0.68961	-1.05936
0.00000	0.00000	0.00000	1.00000

boidNo = 1
boid Wall No = 0
position = = (-4.0, -8.6, 3.1)
Boid Radius= 10
Boid Frame=
 0.44619	-0.39917	-0.80099	-3.99168
0.11539	-0.86189	0.49380	-8.61888
0.88747	0.31275	0.33850	3.12754
0.00000	0.00000	0.00000	1.00000

boidNo = 2
boid Wall No = 1
position = = (6.6, 2.1, 7.2)
Boid Radius= 10
Boid Frame=
 0.63068	0.66128	0.40614	6.61279
-0.67731	0.21359	0.70401	2.13589
-0.37880	0.71909	-0.58260	7.19090
0.00000	0.00000	0.00000	1.00000

boidNo = 3
boid Wall No = 0
position = = (2.6, -9.6, 1.3)
Boid Radius= 10
Boid Frame=
 0.87694	0.26208	0.40285	2.62076
0.18008	-0.95635	0.23016	-9.56348
-0.44559	0.12929	0.88585	1.29290
0.00000	0.00000	0.00000	1.00000

boidNo = 4
boid Wall No = 0
position = = (0.9, -3.9, 9.2)
Boid Radius= 9.999999
Boid Frame=
 0.75058	0.09250	0.65427	0.92496
-0.57833	-0.38701	0.71817	-3.87008
-0.31964	0.91743	0.23699	9.17425
0.00000	0.00000	0.00000	1.00000

boidNo = 5
boid Wall No = 0
position = = (-4.5, -8.6, 2.5)
Boid Radius= 10
Boid Frame=
 0.32618	-0.44955	-0.83157	-4.49551
0.10679	-0.85653	0.50493	-8.56529
0.93926	0.25350	0.23137	2.53499
0.00000	0.00000	0.00000	1.00000

boidNo = 6
boid Wall No = 0
position = = (8.5, -5.1, 1.5)
Boid Radius= 10
Boid Frame=
 -0.12626	0.84690	0.51654	8.46904
-0.46811	-0.50995	0.72168	-5.09952
-0.87460	0.15068	-0.46083	1.50675
0.00000	0.00000	0.00000	1.00000

boidNo = 7
boid Wall No = 1
position = = (-3.8, 4.0, 8.3)
Boid Radius= 10
Boid Frame=
 0.58320	-0.37640	0.71987	-3.76399
-0.59687	0.40256	0.69404	4.02562
0.55103	0.83443	-0.01011	8.34427
0.00000	0.00000	0.00000	1.00000

boidNo = 8
boid Wall No = 1
position = = (-1.5, 9.6, -2.3)
Boid Radius= 10
Boid Frame=
 -0.73420	-0.14976	0.66221	-1.49761
0.04487	0.96253	0.26743	9.62531
0.67744	-0.22606	0.69997	-2.26065
0.00000	0.00000	0.00000	1.00000

boidNo = 9
boid Wall No = 0
position = = (9.0, -1.7, 3.9)
Boid Radius= 10
Boid Frame=
 0.17493	0.90496	0.38787	9.04962
-0.68296	-0.17224	0.70986	-1.72235
-0.70920	0.38907	-0.58792	3.89074
0.00000	0.00000	0.00000	1.00000

boidNo = 10
boid Wall No = 1
position = = (9.5, 0.8, -2.9)
Boid Radius= 10
Boid Frame=
 -0.15488	0.95342	-0.25885	9.53420
-0.70213	0.07809	0.70775	0.78088
-0.69500	-0.29136	-0.65733	-2.91363
0.00000	0.00000	0.00000	1.00000

boidNo = 11
boid Wall No = 1
position = = (-0.7, 7.1, 7.0)
Boid Radius= 10
Boid Frame=
 0.85045	-0.07325	0.52093	-0.73249
-0.32497	0.70556	0.62974	7.05562
0.41368	0.70485	-0.57624	7.04853
0.00000	0.00000	0.00000	1.00000

boidNo = 12
boid Wall No = 0
position = = (7.3, -6.2, 2.9)
Boid Radius= 10
Boid Frame=
 0.10100	0.72591	0.68033	7.25915
-0.32263	-0.62297	0.71261	-6.22971
-0.94112	0.29147	-0.17128	2.91471
0.00000	0.00000	0.00000	1.00000

boidNo = 13
boid Wall No = 0
position = = (-2.2, -7.3, -6.5)
Boid Radius= 10
Boid Frame=
 -0.88544	-0.21850	-0.41018	-2.18501
-0.13198	-0.72803	0.67272	-7.28032
0.44561	-0.64979	-0.61579	-6.49790
0.00000	0.00000	0.00000	1.00000

boidNo = 14
boid Wall No = 1
position = = (-2.5, 2.8, 9.3)
Boid Radius= 10
Boid Frame=
 0.65737	-0.24634	0.71217	-2.46337
-0.65680	0.27602	0.70174	2.76016
0.36943	0.92905	-0.01965	9.29050
0.00000	0.00000	0.00000	1.00000

