Iteration Num of Simuation:0
m_SimulationDeltaT of action plan:0
boidNo = 0
boid Wall No = 1
position = = (-0.8, 8.4, 5.3)
Boid Radius= 10
Boid Frame=
 0.93258	-0.08378	0.35111	-0.83777
-0.12171	0.84275	0.52436	8.42753
0.33983	0.53174	-0.77574	5.31741
0.00000	0.00000	0.00000	1.00000

boidNo = 1
boid Wall No = 0
position = = (6.8, -7.3, 0.8)
Boid Radius= 10
Boid Frame=
 -0.04149	0.68398	0.72832	6.83982
-0.14760	-0.72514	0.67259	-7.25144
-0.98818	0.07959	-0.13104	0.79594
0.00000	0.00000	0.00000	1.00000

boidNo = 2
boid Wall No = 0
position = = (-0.8, -9.0, 4.3)
Boid Radius= 10
Boid Frame=
 0.84373	-0.07955	-0.53085	-0.79546
0.16689	-0.90107	0.40028	-9.01067
0.51017	0.42632	0.74698	4.26322
0.00000	0.00000	0.00000	1.00000

boidNo = 3
boid Wall No = 1
position = = (2.5, 9.5, -1.8)
Boid Radius= 10
Boid Frame=
 -0.67104	0.25114	-0.69760	2.51139
0.03939	0.95163	0.30470	9.51632
-0.74038	-0.17699	0.64847	-1.76989
0.00000	0.00000	0.00000	1.00000

boidNo = 4
boid Wall No = 0
position = = (-4.2, -2.2, 8.8)
Boid Radius= 10
Boid Frame=
 0.72284	-0.42052	0.54833	-4.20525
-0.66751	-0.21970	0.71145	-2.19695
0.17872	0.88028	0.43951	8.80280
0.00000	0.00000	0.00000	1.00000

boidNo = 5
boid Wall No = 0
position = = (-1.4, -9.6, 2.5)
Boid Radius= 10
Boid Frame=
 0.38374	-0.13772	-0.91311	-1.37724
0.17705	-0.95950	0.21913	-9.59498
0.90631	0.24576	0.34382	2.45757
0.00000	0.00000	0.00000	1.00000

boidNo = 6
boid Wall No = 0
position = = (5.1, -8.6, -0.7)
Boid Radius= 9.999999
Boid Frame=
 0.05081	0.50868	0.85945	5.08682
0.10941	-0.85822	0.50148	-8.58221
-0.99270	-0.06855	0.09926	-0.68554
0.00000	0.00000	0.00000	1.00000

boidNo = 7
boid Wall No = 0
position = = (-3.7, -6.6, -6.5)
Boid Radius= 10
Boid Frame=
 -0.70089	-0.36988	-0.60987	-3.69880
-0.26253	-0.66124	0.70274	-6.61241
0.66320	-0.65265	-0.36635	-6.52648
0.00000	0.00000	0.00000	1.00000

boidNo = 8
boid Wall No = 0
position = = (0.5, -0.4, -10.0)
Boid Radius= 10
Boid Frame=
 -0.70818	0.04877	-0.70435	0.48771
-0.70598	-0.03689	0.70727	-0.36892
-0.00851	-0.99813	-0.06056	-9.98128
0.00000	0.00000	0.00000	1.00000

boidNo = 9
boid Wall No = 0
position = = (-4.1, -8.7, -2.9)
Boid Radius= 10
Boid Frame=
 -0.68398	-0.40655	-0.60571	-4.06551
0.08221	-0.86798	0.48975	-8.67979
0.72485	-0.28518	-0.62710	-2.85183
0.00000	0.00000	0.00000	1.00000

boidNo = 10
boid Wall No = 1
position = = (1.2, 4.9, -8.6)
Boid Radius= 10
Boid Frame=
 -0.73638	0.12273	-0.66535	1.22731
-0.53604	0.49418	0.68443	4.94179
-0.41280	-0.86065	0.29811	-8.60654
0.00000	0.00000	0.00000	1.00000

boidNo = 11
boid Wall No = 0
position = = (-6.1, -6.9, 3.8)
Boid Radius= 10
Boid Frame=
 0.67436	-0.61208	-0.41303	-6.12083
-0.20637	-0.69329	0.69048	-6.93291
0.70898	0.38040	0.59384	3.80397
0.00000	0.00000	0.00000	1.00000

boidNo = 12
boid Wall No = 0
position = = (7.7, -4.6, 4.4)
Boid Radius= 10
Boid Frame=
 0.16849	0.77027	0.61505	7.70274
-0.51512	-0.46318	0.72119	-4.63179
-0.84039	0.43834	-0.31874	4.38341
0.00000	0.00000	0.00000	1.00000

boidNo = 13
boid Wall No = 0
position = = (0.5, -8.5, -5.2)
Boid Radius= 10
Boid Frame=
 -0.96476	0.05108	0.25813	0.51081
0.09220	-0.85317	0.51342	-8.53168
-0.24645	-0.51913	-0.81839	-5.19130
0.00000	0.00000	0.00000	1.00000

boidNo = 14
boid Wall No = 1
position = = (-2.5, 9.5, -1.8)
Boid Radius= 9.999999
Boid Frame=
 -0.44230	-0.25203	0.86073	-2.52031
0.04796	0.95169	0.30331	9.51686
0.89559	-0.17543	0.40884	-1.75428
0.00000	0.00000	0.00000	1.00000

