Iteration Num of Simuation:0
m_SimulationDeltaT of action plan:0
boidNo = 0
boid Wall No = 1
position = = (-2.4, 4.8, -8.5)
Boid Radius= 10
Boid Frame=
 -0.85486	-0.24323	-0.45832	-2.43229
-0.51692	0.47547	0.71184	4.75474
-0.04478	-0.84544	0.53219	-8.45437
0.00000	0.00000	0.00000	1.00000

boidNo = 1
boid Wall No = 1
position = = (-9.8, 0.6, -1.7)
Boid Radius= 10
Boid Frame=
 -0.15871	-0.98271	-0.09538	-9.82707
-0.77290	0.06355	0.63134	0.63553
0.61436	-0.17392	0.76962	-1.73920
0.00000	0.00000	0.00000	1.00000

boidNo = 2
boid Wall No = 0
position = = (-1.9, -9.8, -1.0)
Boid Radius= 10
Boid Frame=
 -0.74954	-0.19453	-0.63274	-1.94529
0.08279	-0.97589	0.20196	-9.75889
0.65677	-0.09899	-0.74757	-0.98993
0.00000	0.00000	0.00000	1.00000

boidNo = 3
boid Wall No = 0
position = = (-1.0, -9.9, 0.1)
Boid Radius= 10
Boid Frame=
 -0.08826	-0.10425	-0.99063	-1.04248
0.02330	-0.99445	0.10257	-9.94452
0.99582	0.01403	-0.09020	0.14032
0.00000	0.00000	0.00000	1.00000

boidNo = 4
boid Wall No = 0
position = = (-6.3, -5.7, 5.3)
Boid Radius= 10
Boid Frame=
 0.74173	-0.63019	0.22957	-6.30186
-0.64185	-0.56762	0.51560	-5.67623
0.19461	0.52978	0.82550	5.29783
0.00000	0.00000	0.00000	1.00000

boidNo = 5
boid Wall No = 0
position = = (3.6, -7.1, 6.0)
Boid Radius= 10
Boid Frame=
 0.72393	0.36157	0.58753	3.61566
-0.19405	-0.71055	0.67636	-7.10547
-0.66202	0.60365	0.44423	6.03650
0.00000	0.00000	0.00000	1.00000

boidNo = 6
boid Wall No = 0
position = = (-9.6, 0.0, 2.8)
Boid Radius= 10
Boid Frame=
 0.23046	-0.96098	0.15297	-9.60984
-0.56441	-0.00395	0.82549	-0.03950
0.79267	0.27658	0.54330	2.76578
0.00000	0.00000	0.00000	1.00000

boidNo = 7
boid Wall No = 0
position = = (7.1, -3.2, 6.3)
Boid Radius= 10
Boid Frame=
 0.28730	0.71033	0.64257	7.10325
-0.68215	-0.31920	0.65786	-3.19204
-0.67241	0.62733	-0.39284	6.27333
0.00000	0.00000	0.00000	1.00000

boidNo = 8
boid Wall No = 1
position = = (0.8, 10.0, -0.2)
Boid Radius= 10
Boid Frame=
 -0.52757	0.07947	-0.84579	0.79467
0.02243	0.99657	0.07964	9.96571
-0.84922	-0.02304	0.52754	-0.23043
0.00000	0.00000	0.00000	1.00000

boidNo = 9
boid Wall No = 0
position = = (1.2, -2.7, 9.6)
Boid Radius= 10
Boid Frame=
 0.80963	0.11596	0.57538	1.15955
-0.53110	-0.27259	0.80226	-2.72594
-0.24987	0.95512	0.15912	9.55116
0.00000	0.00000	0.00000	1.00000

boidNo = 10
boid Wall No = 0
position = = (7.8, -3.7, -5.1)
Boid Radius= 10
Boid Frame=
 -0.62870	0.77749	-0.01592	7.77487
-0.47471	-0.36748	0.79976	-3.67484
-0.61595	-0.51036	-0.60011	-5.10363
0.00000	0.00000	0.00000	1.00000

boidNo = 11
boid Wall No = 0
position = = (-4.0, -8.3, 3.7)
Boid Radius= 10
Boid Frame=
 0.59895	-0.40301	-0.69199	-4.03006
0.06906	-0.83492	0.54602	-8.34920
0.79780	0.37483	0.47225	3.74826
0.00000	0.00000	0.00000	1.00000

boidNo = 12
boid Wall No = 0
position = = (-3.9, -6.1, -6.9)
Boid Radius= 10
Boid Frame=
 -0.71178	-0.38714	-0.58608	-3.87139
-0.27604	-0.61309	0.74022	-6.13086
0.64589	-0.68866	-0.32952	-6.88657
0.00000	0.00000	0.00000	1.00000

boidNo = 13
boid Wall No = 0
position = = (-3.2, -9.2, -2.4)
Boid Radius= 10
Boid Frame=
 -0.48735	-0.32043	-0.81229	-3.20427
-0.05680	-0.91663	0.39567	-9.16635
0.87135	-0.23897	-0.42852	-2.38973
0.00000	0.00000	0.00000	1.00000

boidNo = 14
boid Wall No = 0
position = = (-7.9, -5.8, 2.0)
Boid Radius= 10
Boid Frame=
 0.51917	-0.79340	-0.31779	-7.93395
-0.47238	-0.57624	0.66694	-5.76241
0.71227	0.19614	0.67395	1.96140
0.00000	0.00000	0.00000	1.00000

boidNo = 15
boid Wall No = 1
position = = (-5.6, 7.0, 4.4)
Boid Radius= 10
Boid Frame=
 0.29829	-0.55662	0.77537	-5.56623
-0.32733	0.70343	0.63090	7.03429
0.89659	0.44199	-0.02762	4.41995
0.00000	0.00000	0.00000	1.00000

boidNo = 16
boid Wall No = 0
position = = (7.6, -5.6, 3.2)
Boid Radius= 10
Boid Frame=
 0.13248	0.76320	0.63243	7.63204
-0.34588	-0.56235	0.75109	-5.62352
-0.92888	0.31825	-0.18948	3.18245
0.00000	0.00000	0.00000	1.00000

boidNo = 17
boid Wall No = 0
position = = (-6.9, -3.8, 6.2)
Boid Radius= 10
Boid Frame=
 0.69266	-0.69277	0.20074	-6.92772
-0.58458	-0.37619	0.71885	-3.76188
0.42249	0.61526	0.66555	6.15264
0.00000	0.00000	0.00000	1.00000

boidNo = 18
boid Wall No = 0
position = = (2.1, -3.4, -9.2)
Boid Radius= 10
Boid Frame=
 -0.84926	0.21103	-0.48397	2.11026
-0.52797	-0.33640	0.77980	-3.36401
-0.00175	-0.91777	-0.39711	-9.17771
0.00000	0.00000	0.00000	1.00000

boidNo = 19
boid Wall No = 1
position = = (7.0, 6.5, -2.8)
Boid Radius= 10
Boid Frame=
 0.30310	0.70027	-0.64634	7.00265
-0.63329	0.65483	0.41248	6.54829
-0.71209	-0.28430	-0.64195	-2.84301
0.00000	0.00000	0.00000	1.00000

