Iteration Num of Simuation:0
m_SimulationDeltaT of action plan:0
boidNo = 0
boid Wall No = 1
position = = (2.7, 3.5, 9.0)
Boid Radius= 10
Boid Frame=
 0.82384	0.27158	0.49752	2.71581
-0.56603	0.34780	0.74743	3.47801
-0.02995	0.89737	-0.44026	8.97373
0.00000	0.00000	0.00000	1.00000

boidNo = 1
boid Wall No = 1
position = = (4.0, 8.9, 2.3)
Boid Radius= 9.999999
Boid Frame=
 0.72665	0.40380	-0.55581	4.03797
-0.15937	0.88604	0.43535	8.86042
-0.66827	0.22777	-0.70820	2.27765
0.00000	0.00000	0.00000	1.00000

boidNo = 2
boid Wall No = 0
position = = (0.9, -10.0, 0.4)
Boid Radius= 10
Boid Frame=
 0.28330	0.09187	0.95462	0.91869
-0.00783	-0.99515	0.09809	-9.95147
-0.95900	0.03526	0.28121	0.35261
0.00000	0.00000	0.00000	1.00000

boidNo = 3
boid Wall No = 1
position = = (3.3, 1.9, 9.3)
Boid Radius= 10
Boid Frame=
 0.60380	0.32710	0.72693	3.27102
-0.79532	0.18569	0.57705	1.85691
-0.05377	0.92657	-0.37227	9.26565
0.00000	0.00000	0.00000	1.00000

boidNo = 4
boid Wall No = 0
position = = (-3.2, -1.8, 9.3)
Boid Radius= 10
Boid Frame=
 0.78066	-0.31661	0.53882	-3.16606
-0.60782	-0.18417	0.77242	-1.84175
0.14532	0.93051	0.33622	9.30506
0.00000	0.00000	0.00000	1.00000

boidNo = 5
boid Wall No = 1
position = = (-7.2, 2.2, 6.6)
Boid Radius= 10
Boid Frame=
 0.40060	-0.71678	0.57074	-7.16780
-0.64502	0.22178	0.73127	2.21785
0.65074	0.66109	0.37349	6.61089
0.00000	0.00000	0.00000	1.00000

boidNo = 6
boid Wall No = 0
position = = (-4.7, -4.3, -7.7)
Boid Radius= 10
Boid Frame=
 -0.43902	-0.46746	-0.76730	-4.67458
-0.64429	-0.43143	0.63147	-4.31428
0.62622	-0.77159	0.11178	-7.71591
0.00000	0.00000	0.00000	1.00000

boidNo = 7
boid Wall No = 0
position = = (3.5, -7.4, -5.7)
Boid Radius= 10
Boid Frame=
 -0.90439	0.35225	0.24083	3.52247
-0.11486	-0.74452	0.65765	-7.44520
-0.41096	-0.56711	-0.71380	-5.67109
0.00000	0.00000	0.00000	1.00000

boidNo = 8
boid Wall No = 0
position = = (1.9, -5.2, -8.3)
Boid Radius= 10
Boid Frame=
 -0.90319	0.19463	-0.38259	1.94631
-0.42590	-0.51743	0.74221	-5.17428
0.05350	-0.83330	-0.55023	-8.33299
0.00000	0.00000	0.00000	1.00000

boidNo = 9
boid Wall No = 0
position = = (-0.8, -9.8, 2.0)
Boid Radius= 10
Boid Frame=
 0.97809	-0.08034	-0.19206	-0.80343
-0.03811	-0.97604	0.21421	-9.76043
0.20466	0.20220	0.95772	2.02200
0.00000	0.00000	0.00000	1.00000

boidNo = 10
boid Wall No = 0
position = = (1.6, -0.2, 9.9)
Boid Radius= 10
Boid Frame=
 0.52962	0.16378	0.83228	1.63779
-0.84168	-0.02033	0.53960	-0.20335
-0.10530	0.98629	-0.12708	9.86287
0.00000	0.00000	0.00000	1.00000

boidNo = 11
boid Wall No = 0
position = = (6.6, -6.7, -3.4)
Boid Radius= 9.999999
Boid Frame=
 -0.73312	0.65890	0.16850	6.58897
-0.47325	-0.67217	0.56941	-6.72171
-0.48844	-0.33770	-0.80460	-3.37700
0.00000	0.00000	0.00000	1.00000

boidNo = 12
boid Wall No = 0
position = = (-0.2, -9.9, 1.7)
Boid Radius= 10
Boid Frame=
 0.99976	-0.01688	0.01373	-0.16882
-0.01895	-0.98556	0.16827	-9.85559
-0.01069	0.16849	0.98565	1.68490
0.00000	0.00000	0.00000	1.00000

boidNo = 13
boid Wall No = 1
position = = (-6.3, 4.8, 6.1)
Boid Radius= 10
Boid Frame=
 0.39029	-0.62916	0.67218	-6.29163
-0.48835	0.47745	0.73045	4.77451
0.78050	0.61335	0.12091	6.13347
0.00000	0.00000	0.00000	1.00000

boidNo = 14
boid Wall No = 0
position = = (0.5, -9.9, 1.3)
Boid Radius= 10
Boid Frame=
 0.95441	0.04903	0.29445	0.49033
0.00718	-0.98990	0.14156	-9.89904
-0.29842	0.13299	0.94513	1.32987
0.00000	0.00000	0.00000	1.00000

boidNo = 15
boid Wall No = 0
position = = (-1.2, -8.7, 4.8)
Boid Radius= 10
Boid Frame=
 0.84306	-0.12113	-0.52400	-1.21132
0.16415	-0.86986	0.46518	-8.69864
0.51216	0.47819	0.71346	4.78189
0.00000	0.00000	0.00000	1.00000

boidNo = 16
boid Wall No = 1
position = = (7.9, 2.3, -5.7)
Boid Radius= 10
Boid Frame=
 -0.16066	0.78875	-0.59335	7.88747
-0.81474	0.23335	0.53080	2.33348
-0.55712	-0.56871	-0.60514	-5.68706
0.00000	0.00000	0.00000	1.00000

boidNo = 17
boid Wall No = 0
position = = (-2.0, -7.7, 6.1)
Boid Radius= 9.999999
Boid Frame=
 0.97971	-0.19782	0.03202	-1.97824
-0.17537	-0.76899	0.61473	-7.68995
0.09699	0.60788	0.78809	6.07876
0.00000	0.00000	0.00000	1.00000

boidNo = 18
boid Wall No = 0
position = = (1.2, -9.8, 1.8)
Boid Radius= 10
Boid Frame=
 0.89313	0.11631	0.43451	1.16306
0.02345	-0.97672	0.21324	-9.76719
-0.44920	0.18026	0.87506	1.80257
0.00000	0.00000	0.00000	1.00000

boidNo = 19
boid Wall No = 0
position = = (0.1, -10.0, -0.5)
Boid Radius= 10
Boid Frame=
 -0.98344	0.01375	0.18069	0.13751
-0.00382	-0.99847	0.05518	-9.98469
-0.18117	-0.05357	-0.98199	-0.53575
0.00000	0.00000	0.00000	1.00000

