Iteration Num of Simuation:0
m_SimulationDeltaT of action plan:0
boidNo = 0
boid Wall No = 0
position = = (-5.9, -7.5, -3.1)
Boid Radius= 10
Boid Frame=
 -0.27795	-0.58650	-0.76077	-5.86499
-0.17741	-0.74701	0.64071	-7.47007
0.94407	-0.31305	-0.10358	-3.13048
0.00000	0.00000	0.00000	1.00000

boidNo = 1
boid Wall No = 0
position = = (-1.1, -9.9, -0.4)
Boid Radius= 10
Boid Frame=
 -0.69334	-0.11139	-0.71194	-1.11395
0.04574	-0.99279	0.11080	-9.92790
0.71915	-0.04426	-0.69344	-0.44257
0.00000	0.00000	0.00000	1.00000

boidNo = 2
boid Wall No = 0
position = = (4.0, -9.0, 2.0)
Boid Radius= 10
Boid Frame=
 0.71339	0.39555	0.57846	3.95554
0.16608	-0.89738	0.40881	-8.97379
-0.68081	0.19557	0.70587	1.95569
0.00000	0.00000	0.00000	1.00000

boidNo = 3
boid Wall No = 1
position = = (4.1, 8.8, 2.4)
Boid Radius= 10
Boid Frame=
 0.64781	0.41376	-0.63964	4.13758
-0.10043	0.87870	0.46668	8.78704
-0.75515	0.23808	-0.61079	2.38084
0.00000	0.00000	0.00000	1.00000

boidNo = 4
boid Wall No = 0
position = = (-4.7, -5.3, 7.1)
Boid Radius= 10
Boid Frame=
 0.85094	-0.46774	0.23898	-4.67742
-0.48550	-0.52679	0.69769	-5.26795
0.20045	0.70972	0.67536	7.09722
0.00000	0.00000	0.00000	1.00000

boidNo = 5
boid Wall No = 1
position = = (-3.1, 9.2, 2.2)
Boid Radius= 10
Boid Frame=
 0.54904	-0.31366	0.77471	-3.13664
-0.00947	0.92452	0.38103	9.24515
0.83574	0.21653	-0.50463	2.16533
0.00000	0.00000	0.00000	1.00000

boidNo = 6
boid Wall No = 0
position = = (-1.7, -9.8, -0.4)
Boid Radius= 10
Boid Frame=
 -0.88212	-0.16991	-0.43931	-1.69905
0.13224	-0.98450	0.11523	-9.84498
0.45208	-0.04356	-0.89091	-0.43556
0.00000	0.00000	0.00000	1.00000

boidNo = 7
boid Wall No = 1
position = = (-3.2, 4.2, -8.5)
Boid Radius= 10
Boid Frame=
 -0.80839	-0.31924	-0.49456	-3.19241
-0.58845	0.41661	0.69294	4.16610
0.01518	-0.85119	0.52464	-8.51188
0.00000	0.00000	0.00000	1.00000

boidNo = 8
boid Wall No = 0
position = = (6.2, -6.4, -4.6)
Boid Radius= 10
Boid Frame=
 -0.73616	0.61839	0.27506	6.18395
-0.26410	-0.63665	0.72452	-6.36655
-0.62315	-0.46072	-0.63200	-4.60716
0.00000	0.00000	0.00000	1.00000

boidNo = 9
boid Wall No = 1
position = = (-3.4, 9.4, 0.3)
Boid Radius= 10
Boid Frame=
 0.15916	-0.34187	0.92617	-3.41871
0.02649	0.93927	0.34215	9.39271
0.98690	0.02992	-0.15855	0.29920
0.00000	0.00000	0.00000	1.00000

boidNo = 10
boid Wall No = 1
position = = (4.3, 9.0, -0.3)
Boid Radius= 10
Boid Frame=
 0.00120	0.42943	-0.90310	4.29435
-0.03478	0.90257	0.42914	9.02570
-0.99939	-0.03089	-0.01602	-0.30890
0.00000	0.00000	0.00000	1.00000

boidNo = 11
boid Wall No = 0
position = = (7.1, -7.0, -0.2)
Boid Radius= 10
Boid Frame=
 -0.20662	0.71028	0.67291	7.10284
-0.18576	-0.70372	0.68577	-7.03717
-0.96063	-0.01669	-0.27735	-0.16692
0.00000	0.00000	0.00000	1.00000

boidNo = 12
boid Wall No = 0
position = = (-0.3, -7.1, -7.0)
Boid Radius= 10
Boid Frame=
 -0.95215	-0.02683	-0.30446	-0.26835
-0.19648	-0.70931	0.67696	-7.09308
0.23412	-0.70439	-0.67009	-7.04388
0.00000	0.00000	0.00000	1.00000

boidNo = 13
boid Wall No = 1
position = = (2.8, 9.6, 0.8)
Boid Radius= 10
Boid Frame=
 0.08253	0.28327	-0.95548	2.83274
0.05431	0.95605	0.28813	9.56049
-0.99511	0.07568	-0.06351	0.75675
0.00000	0.00000	0.00000	1.00000

boidNo = 14
boid Wall No = 1
position = = (-4.3, 8.5, 3.2)
Boid Radius= 10
Boid Frame=
 0.43841	-0.42626	0.79126	-4.26265
-0.11541	0.84639	0.51991	8.46390
0.89134	0.31925	-0.32187	3.19253
0.00000	0.00000	0.00000	1.00000

