Iteration Num of Simuation:0
m_SimulationDeltaT of action plan:0
boidNo = 0
boid Wall No = 1
position = = (-3.4, 7.3, 6.0)
Boid Radius= 10
Boid Frame=
 0.65946	-0.33763	0.67166	-3.37632
-0.26922	0.72813	0.63035	7.28134
0.70188	0.59651	-0.38927	5.96512
0.00000	0.00000	0.00000	1.00000

boidNo = 1
boid Wall No = 1
position = = (0.8, 9.9, -1.1)
Boid Radius= 10
Boid Frame=
 -0.98675	0.08087	-0.14066	0.80874
0.06364	0.99036	0.12300	9.90364
-0.14925	-0.11242	0.98239	-1.12422
0.00000	0.00000	0.00000	1.00000

boidNo = 2
boid Wall No = 1
position = = (4.1, 9.0, -1.5)
Boid Radius= 10
Boid Frame=
 -0.27407	0.41320	-0.86842	4.13203
-0.02931	0.89899	0.43700	8.98986
-0.96126	-0.14522	0.23427	-1.45218
0.00000	0.00000	0.00000	1.00000

boidNo = 3
boid Wall No = 1
position = = (6.3, 3.2, 7.1)
Boid Radius= 10
Boid Frame=
 0.70472	0.63197	0.32246	6.31974
-0.61669	0.32089	0.71883	3.20891
-0.35081	0.70543	-0.61587	7.05434
0.00000	0.00000	0.00000	1.00000

boidNo = 4
boid Wall No = 0
position = = (-0.8, -0.4, -10.0)
Boid Radius= 10
Boid Frame=
 -0.32937	-0.07604	-0.94113	-0.76037
-0.94224	-0.03767	0.33281	-0.37668
0.06076	-0.99639	0.05924	-9.96393
0.00000	0.00000	0.00000	1.00000

boidNo = 5
boid Wall No = 0
position = = (-0.8, -10.0, 0.2)
Boid Radius= 10
Boid Frame=
 0.12894	-0.08468	-0.98803	-0.84682
0.00616	-0.99626	0.08619	-9.96260
0.99163	0.01720	0.12793	0.17198
0.00000	0.00000	0.00000	1.00000

boidNo = 6
boid Wall No = 1
position = = (-0.2, 9.9, -1.5)
Boid Radius= 10
Boid Frame=
 -0.81011	-0.02410	0.58578	-0.24096
0.06611	0.98903	0.13211	9.89029
0.58254	-0.14575	0.79963	-1.45745
0.00000	0.00000	0.00000	1.00000

boidNo = 7
boid Wall No = 0
position = = (-1.3, -9.7, -2.2)
Boid Radius= 10
Boid Frame=
 -0.98006	-0.12641	0.15329	-1.26406
0.15649	-0.96648	0.20354	-9.66480
-0.12242	-0.22347	-0.96699	-2.23470
0.00000	0.00000	0.00000	1.00000

boidNo = 8
boid Wall No = 1
position = = (-3.7, 8.8, 3.1)
Boid Radius= 10
Boid Frame=
 0.54730	-0.36708	0.75214	-3.67078
-0.06860	0.87599	0.47744	8.75985
0.83412	0.31290	-0.45424	3.12896
0.00000	0.00000	0.00000	1.00000

boidNo = 9
boid Wall No = 0
position = = (-4.3, -1.8, -8.9)
Boid Radius= 9.999999
Boid Frame=
 -0.49621	-0.42577	-0.75664	-4.25771
-0.77136	-0.18378	0.60928	-1.83784
0.39847	-0.88597	0.23723	-8.85970
0.00000	0.00000	0.00000	1.00000

boidNo = 10
boid Wall No = 0
position = = (4.5, -8.9, -1.0)
Boid Radius= 10
Boid Frame=
 0.02153	0.44754	0.89401	4.47538
0.12641	-0.88825	0.44162	-8.88255
-0.99174	-0.10350	0.07570	-1.03502
0.00000	0.00000	0.00000	1.00000

boidNo = 11
boid Wall No = 0
position = = (-3.3, -9.4, -0.5)
Boid Radius= 10
Boid Frame=
 -0.59968	-0.32960	-0.72921	-3.29601
0.16560	-0.94263	0.28988	-9.42627
0.78292	-0.05307	-0.61985	-0.53075
0.00000	0.00000	0.00000	1.00000

boidNo = 12
boid Wall No = 0
position = = (-3.9, -8.9, -2.3)
Boid Radius= 10
Boid Frame=
 -0.78400	-0.38830	-0.48433	-3.88299
0.19120	-0.89333	0.40670	-8.93328
0.59059	-0.22625	-0.77461	-2.26249
0.00000	0.00000	0.00000	1.00000

boidNo = 13
boid Wall No = 0
position = = (-2.0, -4.0, 8.9)
Boid Radius= 10
Boid Frame=
 0.82010	-0.19914	0.53646	-1.99141
-0.56754	-0.40278	0.71810	-4.02783
-0.07307	0.89337	0.44334	8.93370
0.00000	0.00000	0.00000	1.00000

boidNo = 14
boid Wall No = 0
position = = (-3.0, -8.6, 4.2)
Boid Radius= 9.999999
Boid Frame=
 0.66894	-0.29946	-0.68033	-2.99458
0.12617	-0.85623	0.50094	-8.56233
0.73253	0.42094	0.53498	4.20940
0.00000	0.00000	0.00000	1.00000

