Iteration Num of Simuation:0
m_SimulationDeltaT of action plan:0
boidNo = 0
boid Wall No = 0
position = = (1.7, -6.2, -7.6)
Boid Radius= 10
Boid Frame=
 -0.94077	0.17225	-0.29202	1.72253
-0.33356	-0.62449	0.70622	-6.24490
0.06072	-0.76180	-0.64496	-7.61801
0.00000	0.00000	0.00000	1.00000

boidNo = 1
boid Wall No = 1
position = = (3.5, 8.9, -3.1)
Boid Radius= 10
Boid Frame=
 -0.53203	0.34999	-0.77101	3.49986
-0.08066	0.88549	0.45761	8.85487
-0.84287	-0.30565	0.44288	-3.05650
0.00000	0.00000	0.00000	1.00000

boidNo = 2
boid Wall No = 1
position = = (-7.9, 2.4, -5.7)
Boid Radius= 10
Boid Frame=
 -0.50864	-0.78649	-0.35031	-7.86494
-0.77242	0.23711	0.58919	2.37107
0.38033	-0.57027	0.72811	-5.70270
0.00000	0.00000	0.00000	1.00000

boidNo = 3
boid Wall No = 0
position = = (1.5, -4.9, 8.6)
Boid Radius= 10
Boid Frame=
 0.76395	0.15309	0.62686	1.53093
-0.49369	-0.48688	0.72057	-4.86880
-0.41552	0.85995	0.29637	8.59948
0.00000	0.00000	0.00000	1.00000

boidNo = 4
boid Wall No = 1
position = = (-0.5, 4.1, -9.1)
Boid Radius= 10
Boid Frame=
 -0.70482	-0.05285	-0.70742	-0.52846
-0.66242	0.40584	0.62967	4.05843
-0.25383	-0.91241	0.32105	-9.12414
0.00000	0.00000	0.00000	1.00000

boidNo = 5
boid Wall No = 0
position = = (8.0, -4.4, -4.2)
Boid Radius= 10
Boid Frame=
 -0.27339	0.79729	-0.53813	7.97287
-0.87736	-0.43603	-0.20028	-4.36031
0.39432	-0.41738	-0.81872	-4.17385
0.00000	0.00000	0.00000	1.00000

boidNo = 6
boid Wall No = 1
position = = (1.8, 9.5, 2.6)
Boid Radius= 10
Boid Frame=
 0.84562	0.18155	-0.50196	1.81549
-0.01373	0.94747	0.31956	9.47467
-0.53360	0.26334	-0.80369	2.63337
0.00000	0.00000	0.00000	1.00000

boidNo = 7
boid Wall No = 1
position = = (5.1, 8.4, 1.7)
Boid Radius= 9.999999
Boid Frame=
 0.48081	0.50752	-0.71501	5.07523
-0.11195	0.84431	0.52403	8.44314
-0.86965	0.17192	-0.46277	1.71916
0.00000	0.00000	0.00000	1.00000

boidNo = 8
boid Wall No = 0
position = = (-5.7, -1.5, 8.1)
Boid Radius= 10
Boid Frame=
 0.69026	-0.56790	0.44836	-5.67902
-0.62291	-0.15115	0.76755	-1.51148
0.36813	0.80910	0.45809	8.09099
0.00000	0.00000	0.00000	1.00000

boidNo = 9
boid Wall No = 1
position = = (0.5, 9.9, -1.2)
Boid Radius= 10
Boid Frame=
 -0.99331	0.04601	-0.10594	0.46010
0.03249	0.99150	0.12600	9.91499
-0.11084	-0.12171	0.98636	-1.21712
0.00000	0.00000	0.00000	1.00000

boidNo = 10
boid Wall No = 0
position = = (5.7, -7.6, 3.0)
Boid Radius= 10
Boid Frame=
 0.32265	0.57236	0.75386	5.72355
-0.12570	-0.76349	0.63347	-7.63490
-0.93813	0.29915	0.17439	2.99153
0.00000	0.00000	0.00000	1.00000

boidNo = 11
boid Wall No = 1
position = = (-0.5, 9.9, 1.0)
Boid Radius= 10
Boid Frame=
 0.95378	-0.05234	0.29593	-0.52337
0.01877	0.99317	0.11514	9.93172
0.29993	0.10426	-0.94825	1.04259
0.00000	0.00000	0.00000	1.00000

boidNo = 12
boid Wall No = 0
position = = (4.1, -9.1, 0.3)
Boid Radius= 10
Boid Frame=
 0.13999	0.40837	0.90202	4.08369
0.03518	-0.91247	0.40764	-9.12466
-0.98953	0.02533	0.14210	0.25329
0.00000	0.00000	0.00000	1.00000

boidNo = 13
boid Wall No = 0
position = = (-4.9, -2.5, 8.4)
Boid Radius= 10
Boid Frame=
 0.20589	-0.48620	0.84924	-4.86204
-0.96406	-0.24970	0.09077	-2.49700
-0.16792	0.83741	0.52014	8.37410
0.00000	0.00000	0.00000	1.00000

boidNo = 14
boid Wall No = 0
position = = (-5.4, -8.1, 2.3)
Boid Radius= 10
Boid Frame=
 0.36786	-0.54181	-0.75573	-5.41810
0.01818	-0.80837	0.58840	-8.08368
0.92971	0.23018	0.28752	2.30181
0.00000	0.00000	0.00000	1.00000

