Iteration Num of Simuation:0
m_SimulationDeltaT of action plan:0
boidNo = 0
boid Wall No = 1
position = = (3.0, 1.7, 9.4)
Boid Radius= 10
Boid Frame=
 0.70508	0.29830	0.64334	2.98298
-0.70244	0.16949	0.69127	1.69486
-0.09717	0.93930	-0.32904	9.39305
0.00000	0.00000	0.00000	1.00000

boidNo = 1
boid Wall No = 1
position = = (-9.5, 0.1, -3.0)
Boid Radius= 10
Boid Frame=
 -0.22710	-0.95340	-0.19861	-9.53405
-0.67071	0.00525	0.74170	0.05249
0.70610	-0.30165	0.64065	-3.01649
0.00000	0.00000	0.00000	1.00000

boidNo = 2
boid Wall No = 0
position = = (0.9, -10.0, 0.3)
Boid Radius= 10
Boid Frame=
 -0.12321	0.09253	0.98806	0.92527
-0.03892	-0.99533	0.08835	-9.95328
-0.99162	0.02757	-0.12623	0.27571
0.00000	0.00000	0.00000	1.00000

boidNo = 3
boid Wall No = 0
position = = (-7.9, -6.0, 1.2)
Boid Radius= 10
Boid Frame=
 0.44179	-0.78899	-0.42698	-7.88995
-0.42328	-0.60296	0.67622	-6.02960
0.79099	0.11801	0.60035	1.18011
0.00000	0.00000	0.00000	1.00000

boidNo = 4
boid Wall No = 1
position = = (-6.2, 7.8, -1.0)
Boid Radius= 10
Boid Frame=
 -0.42580	-0.61540	0.66330	-6.15401
-0.22047	0.78155	0.58358	7.81554
0.87754	-0.10225	0.46847	-1.02251
0.00000	0.00000	0.00000	1.00000

boidNo = 5
boid Wall No = 1
position = = (-4.1, 5.0, -7.6)
Boid Radius= 10
Boid Frame=
 -0.84610	-0.40743	-0.34367	-4.07428
-0.52184	0.50185	0.68980	5.01849
0.10857	-0.76299	0.63723	-7.62988
0.00000	0.00000	0.00000	1.00000

boidNo = 6
boid Wall No = 1
position = = (6.7, 1.5, 7.3)
Boid Radius= 10
Boid Frame=
 0.53018	0.66667	0.52389	6.66668
-0.78248	0.14675	0.60514	1.46752
-0.32654	0.73077	-0.59946	7.30765
0.00000	0.00000	0.00000	1.00000

boidNo = 7
boid Wall No = 1
position = = (-8.4, 2.5, 4.8)
Boid Radius= 10
Boid Frame=
 0.13716	-0.84226	0.52133	-8.42259
-0.75133	0.25452	0.60888	2.54522
0.64552	0.47520	0.59790	4.75203
0.00000	0.00000	0.00000	1.00000

boidNo = 8
boid Wall No = 1
position = = (-5.3, 8.4, 1.2)
Boid Radius= 10
Boid Frame=
 -0.13062	-0.52685	0.83986	-5.26853
-0.21985	0.84142	0.49364	8.41420
0.96675	0.12016	0.22573	1.20162
0.00000	0.00000	0.00000	1.00000

boidNo = 9
boid Wall No = 0
position = = (-0.7, -2.5, 9.7)
Boid Radius= 10
Boid Frame=
 0.59942	-0.07486	0.79693	-0.74857
-0.78507	-0.24912	0.56710	-2.49118
-0.15608	0.96558	0.20809	9.65576
0.00000	0.00000	0.00000	1.00000

boidNo = 10
boid Wall No = 1
position = = (1.1, 8.6, -4.9)
Boid Radius= 10
Boid Frame=
 -0.20581	0.11307	-0.97204	1.13069
-0.46676	0.86169	0.19906	8.61690
-0.86010	-0.49468	0.12457	-4.94678
0.00000	0.00000	0.00000	1.00000

boidNo = 11
boid Wall No = 0
position = = (0.7, -9.7, -2.4)
Boid Radius= 10
Boid Frame=
 -0.77352	0.07459	0.62936	0.74586
0.09850	-0.96683	0.23565	-9.66834
-0.62607	-0.24427	-0.74052	-2.44273
0.00000	0.00000	0.00000	1.00000

boidNo = 12
boid Wall No = 1
position = = (-4.8, 7.5, -4.6)
Boid Radius= 10
Boid Frame=
 -0.87788	-0.47781	0.03186	-4.77811
-0.38805	0.74879	0.53734	7.48791
0.28060	-0.45936	0.84277	-4.59357
0.00000	0.00000	0.00000	1.00000

boidNo = 13
boid Wall No = 0
position = = (-3.5, -9.4, -0.3)
Boid Radius= 10
Boid Frame=
 -0.07323	-0.35016	-0.93382	-3.50157
-0.00787	-0.93611	0.35163	-9.36106
0.99728	-0.03309	-0.06579	-0.33094
0.00000	0.00000	0.00000	1.00000

boidNo = 14
boid Wall No = 0
position = = (1.8, -7.6, -6.2)
Boid Radius= 10
Boid Frame=
 -0.98292	0.18115	0.03258	1.81150
-0.11969	-0.76357	0.63453	-7.63571
-0.13982	-0.61979	-0.77221	-6.19794
0.00000	0.00000	0.00000	1.00000

boidNo = 15
boid Wall No = 1
position = = (-9.1, 2.7, -3.1)
Boid Radius= 10
Boid Frame=
 -0.40622	-0.91209	-0.05541	-9.12094
-0.68827	0.26553	0.67511	2.65525
0.60106	-0.31238	0.73563	-3.12381
0.00000	0.00000	0.00000	1.00000

boidNo = 16
boid Wall No = 1
position = = (-6.0, 7.9, 0.8)
Boid Radius= 9.999999
Boid Frame=
 -0.48503	-0.60443	0.63199	-6.04425
-0.44888	0.79230	0.41324	7.92300
0.75050	0.08325	0.65560	0.83252
0.00000	0.00000	0.00000	1.00000

boidNo = 17
boid Wall No = 0
position = = (4.7, -6.5, -6.0)
Boid Radius= 10
Boid Frame=
 -0.87437	0.46798	-0.12832	4.67980
-0.43756	-0.64604	0.62544	-6.46038
-0.20980	-0.60302	-0.76965	-6.03017
0.00000	0.00000	0.00000	1.00000

boidNo = 18
boid Wall No = 1
position = = (4.8, 8.7, -0.9)
Boid Radius= 10
Boid Frame=
 0.02394	0.48166	-0.87603	4.81665
-0.11163	0.87209	0.47645	8.72088
-0.99346	-0.08639	-0.07464	-0.86386
0.00000	0.00000	0.00000	1.00000

boidNo = 19
boid Wall No = 1
position = = (-0.2, 9.2, 3.9)
Boid Radius= 10
Boid Frame=
 0.99491	-0.01667	0.09942	-0.16667
-0.02381	0.91948	0.39241	9.19482
0.09796	0.39278	-0.91440	3.92780
0.00000	0.00000	0.00000	1.00000

