Iteration Num of Simuation:0
m_SimulationDeltaT of action plan:0
boidNo = 0
boid Wall No = 1
position = = (-9.2, 3.7, 1.4)
Boid Radius= 9.999999
Boid Frame=
 -0.12378	-0.91978	0.37239	-9.19783
-0.61727	0.36521	0.69685	3.65207
0.77695	0.14361	0.61296	1.43609
0.00000	0.00000	0.00000	1.00000

boidNo = 1
boid Wall No = 1
position = = (-5.2, 8.2, 2.6)
Boid Radius= 10
Boid Frame=
 0.22345	-0.51505	0.82752	-5.15053
-0.16349	0.81715	0.55275	8.17154
0.96091	0.25880	-0.09839	2.58804
0.00000	0.00000	0.00000	1.00000

boidNo = 2
boid Wall No = 0
position = = (-2.2, -9.1, -3.5)
Boid Radius= 9.999999
Boid Frame=
 -0.97361	-0.21697	-0.07069	-2.16975
0.17669	-0.91281	0.36819	-9.12807
0.14442	-0.34599	-0.92706	-3.45986
0.00000	0.00000	0.00000	1.00000

boidNo = 3
boid Wall No = 0
position = = (-1.1, -9.7, -2.0)
Boid Radius= 10
Boid Frame=
 -0.95449	-0.11185	0.27649	-1.11848
0.16006	-0.97431	0.15843	-9.74310
-0.25167	-0.19548	-0.94787	-1.95475
0.00000	0.00000	0.00000	1.00000

boidNo = 4
boid Wall No = 1
position = = (5.3, 8.3, -1.6)
Boid Radius= 10
Boid Frame=
 -0.06881	0.53343	-0.84304	5.33435
-0.14033	0.83146	0.53756	8.31464
-0.98771	-0.15529	-0.01764	-1.55288
0.00000	0.00000	0.00000	1.00000

boidNo = 5
boid Wall No = 0
position = = (-4.9, -4.4, 7.5)
Boid Radius= 9.999999
Boid Frame=
 0.81697	-0.49284	0.29944	-4.92837
-0.53224	-0.44454	0.72049	-4.44536
0.22197	0.74800	0.62548	7.47997
0.00000	0.00000	0.00000	1.00000

boidNo = 6
boid Wall No = 1
position = = (4.8, 6.0, -6.3)
Boid Radius= 10
Boid Frame=
 -0.45909	0.48426	-0.74480	4.84264
-0.44034	0.60409	0.66421	6.04094
-0.77158	-0.63290	0.06409	-6.32898
0.00000	0.00000	0.00000	1.00000

boidNo = 7
boid Wall No = 1
position = = (-5.9, 2.7, -7.6)
Boid Radius= 9.999999
Boid Frame=
 -0.68919	-0.59443	-0.41433	-5.94430
-0.65786	0.27367	0.70165	2.73672
0.30369	-0.75615	0.57967	-7.56146
0.00000	0.00000	0.00000	1.00000

boidNo = 8
boid Wall No = 0
position = = (4.0, -5.9, -7.0)
Boid Radius= 10
Boid Frame=
 -0.90515	0.40068	-0.14200	4.00682
-0.37299	-0.58833	0.71745	-5.88333
-0.20393	-0.70237	-0.68198	-7.02366
0.00000	0.00000	0.00000	1.00000

boidNo = 9
boid Wall No = 0
position = = (2.1, -8.9, -4.0)
Boid Radius= 10
Boid Frame=
 -0.68277	0.21360	0.69872	2.13604
0.16034	-0.88919	0.42852	-8.89193
-0.71283	-0.40461	-0.57286	-4.04611
0.00000	0.00000	0.00000	1.00000

boidNo = 10
boid Wall No = 0
position = = (-8.5, -5.3, -0.2)
Boid Radius= 10
Boid Frame=
 0.25423	-0.84627	-0.46818	-8.46269
-0.44349	-0.53220	0.72117	-5.32202
0.85947	-0.02429	0.51061	-0.24288
0.00000	0.00000	0.00000	1.00000

boidNo = 11
boid Wall No = 1
position = = (-1.8, 8.3, -5.3)
Boid Radius= 10
Boid Frame=
 -0.98348	-0.17985	0.02058	-1.79851
-0.14075	0.83121	0.53785	8.31206
0.11384	-0.52607	0.84279	-5.26070
0.00000	0.00000	0.00000	1.00000

boidNo = 12
boid Wall No = 0
position = = (-1.7, -8.3, -5.4)
Boid Radius= 10
Boid Frame=
 -0.97357	-0.16845	-0.15424	-1.68451
0.05458	-0.82733	0.55906	-8.27332
0.22178	-0.53586	-0.81466	-5.35860
0.00000	0.00000	0.00000	1.00000

boidNo = 13
boid Wall No = 1
position = = (-0.1, 9.4, 3.5)
Boid Radius= 10
Boid Frame=
 0.99836	-0.01262	-0.05582	-0.12616
0.03111	0.93833	0.34435	9.38327
-0.04803	0.34552	-0.93718	3.45518
0.00000	0.00000	0.00000	1.00000

boidNo = 14
boid Wall No = 1
position = = (8.7, 0.2, -4.9)
Boid Radius= 10
Boid Frame=
 -0.33746	0.87112	-0.35675	8.71117
-0.70696	0.01570	0.70708	0.15703
-0.62155	-0.49082	-0.61055	-4.90824
0.00000	0.00000	0.00000	1.00000

