Iteration Num of Simuation:0
m_SimulationDeltaT of action plan:0
boidNo = 0
boid Wall No = 1
position = = (-6.5, 7.6, -0.6)
Boid Radius= 10
Boid Frame=
 -0.50352	-0.65258	0.56622	-6.52583
-0.37820	0.75571	0.53466	7.55713
0.77681	-0.05507	0.62732	-0.55073
0.00000	0.00000	0.00000	1.00000

boidNo = 1
boid Wall No = 0
position = = (1.0, -1.4, 9.9)
Boid Radius= 10
Boid Frame=
 0.52065	0.09955	0.84795	0.99552
-0.83624	-0.14074	0.52999	-1.40741
-0.17210	0.98503	-0.00997	9.85029
0.00000	0.00000	0.00000	1.00000

boidNo = 2
boid Wall No = 1
position = = (-2.4, 9.2, -3.0)
Boid Radius= 10
Boid Frame=
 -0.84130	-0.23838	-0.48518	-2.38379
-0.34974	0.92439	0.15227	9.24389
-0.41219	-0.29779	0.86106	-2.97792
0.00000	0.00000	0.00000	1.00000

boidNo = 3
boid Wall No = 0
position = = (0.1, -10.0, 0.0)
Boid Radius= 10
Boid Frame=
 0.31694	0.00580	0.94843	0.05797
-0.00024	-0.99998	0.00619	-9.99981
-0.94844	0.00219	0.31694	0.02191
0.00000	0.00000	0.00000	1.00000

boidNo = 4
boid Wall No = 0
position = = (1.3, -9.9, -1.0)
Boid Radius= 10
Boid Frame=
 -0.59232	0.12718	0.79560	1.27176
0.00417	-0.98697	0.16087	-9.86967
-0.80569	-0.09860	-0.58407	-0.98601
0.00000	0.00000	0.00000	1.00000

boidNo = 5
boid Wall No = 1
position = = (-5.4, 8.4, 0.6)
Boid Radius= 10
Boid Frame=
 -0.16442	-0.54305	0.82345	-5.43052
-0.17739	0.83747	0.51688	8.37474
0.97031	0.06109	0.23403	0.61087
0.00000	0.00000	0.00000	1.00000

boidNo = 6
boid Wall No = 0
position = = (9.4, -2.3, -2.5)
Boid Radius= 9.999999
Boid Frame=
 -0.31014	0.94238	-0.12540	9.42384
-0.86756	-0.22660	0.44272	-2.26601
-0.38880	-0.24610	-0.88785	-2.46099
0.00000	0.00000	0.00000	1.00000

boidNo = 7
boid Wall No = 1
position = = (0.0, 9.5, -3.0)
Boid Radius= 10
Boid Frame=
 -0.98426	-0.00124	0.17671	-0.01235
0.05144	0.95467	0.29318	9.54674
0.16906	-0.29765	0.93959	-2.97651
0.00000	0.00000	0.00000	1.00000

boidNo = 8
boid Wall No = 0
position = = (-1.6, -7.3, -6.7)
Boid Radius= 10
Boid Frame=
 -0.84665	-0.15816	-0.50810	-1.58160
-0.24864	-0.72660	0.64049	-7.26601
0.47048	-0.66861	-0.57586	-6.68607
0.00000	0.00000	0.00000	1.00000

boidNo = 9
boid Wall No = 1
position = = (-5.1, 8.3, -2.3)
Boid Radius= 10
Boid Frame=
 -0.61836	-0.50508	0.60210	-5.05080
-0.16091	0.83127	0.53206	8.31273
0.76925	-0.23212	0.59530	-2.32120
0.00000	0.00000	0.00000	1.00000

boidNo = 10
boid Wall No = 1
position = = (-1.3, 9.8, 1.3)
Boid Radius= 10
Boid Frame=
 0.87442	-0.13284	0.46663	-1.32840
0.05623	0.98305	0.17448	9.83054
0.48190	0.12633	-0.86707	1.26327
0.00000	0.00000	0.00000	1.00000

boidNo = 11
boid Wall No = 1
position = = (2.5, 7.4, -6.2)
Boid Radius= 10
Boid Frame=
 -0.73420	0.25450	-0.62943	2.54504
-0.26999	0.74118	0.61462	7.41180
-0.62294	-0.62119	0.47546	-6.21192
0.00000	0.00000	0.00000	1.00000

boidNo = 12
boid Wall No = 0
position = = (9.5, -2.4, -2.2)
Boid Radius= 10
Boid Frame=
 -0.30487	0.94690	-0.10216	9.46900
-0.87349	-0.23525	0.42623	-2.35251
-0.37957	-0.21918	-0.89883	-2.19177
0.00000	0.00000	0.00000	1.00000

boidNo = 13
boid Wall No = 1
position = = (-4.3, 6.3, -6.5)
Boid Radius= 10
Boid Frame=
 -0.89232	-0.43356	-0.12565	-4.33564
-0.39825	0.62511	0.67129	6.25110
0.21250	-0.64905	0.73047	-6.49045
0.00000	0.00000	0.00000	1.00000

boidNo = 14
boid Wall No = 1
position = = (8.6, 4.8, -1.6)
Boid Radius= 10
Boid Frame=
 0.13764	0.85882	-0.49344	8.58818
-0.52868	0.48499	0.69663	4.84986
-0.83759	-0.16499	-0.52079	-1.64988
0.00000	0.00000	0.00000	1.00000

boidNo = 15
boid Wall No = 1
position = = (2.0, 9.8, -0.3)
Boid Radius= 10
Boid Frame=
 -0.44896	0.20401	-0.86995	2.04005
0.06616	0.97851	0.19532	9.78506
-0.89110	-0.03013	0.45281	-0.30131
0.00000	0.00000	0.00000	1.00000

boidNo = 16
boid Wall No = 0
position = = (7.4, -6.2, -2.8)
Boid Radius= 10
Boid Frame=
 -0.55582	0.73534	0.38774	7.35339
-0.31511	-0.61798	0.72028	-6.17983
-0.76927	-0.27816	-0.57520	-2.78162
0.00000	0.00000	0.00000	1.00000

boidNo = 17
boid Wall No = 1
position = = (1.8, 9.8, 0.3)
Boid Radius= 9.999999
Boid Frame=
 -0.08077	0.18045	-0.98026	1.80447
0.04532	0.98312	0.17724	9.83124
-0.99570	0.03011	0.08759	0.30114
0.00000	0.00000	0.00000	1.00000

boidNo = 18
boid Wall No = 1
position = = (-7.6, 6.4, -1.2)
Boid Radius= 10
Boid Frame=
 -0.44190	-0.75990	0.47673	-7.59902
-0.36762	0.63816	0.67646	6.38165
0.81828	-0.12367	0.56136	-1.23671
0.00000	0.00000	0.00000	1.00000

boidNo = 19
boid Wall No = 0
position = = (-6.6, -0.4, 7.5)
Boid Radius= 9.999999
Boid Frame=
 0.40621	-0.65818	0.63387	-6.58181
-0.86055	-0.04224	0.50762	-0.42242
0.30733	0.75167	0.58356	7.51674
0.00000	0.00000	0.00000	1.00000

