Iteration Num of Simuation:0
m_SimulationDeltaT of action plan:0
boidNo = 0
boid Wall No = 0
position = = (-7.5, -0.7, -6.6)
Boid Radius= 10
Boid Frame=
 -0.43191	-0.75121	-0.49914	-7.51211
-0.69860	-0.07139	0.71195	-0.71388
0.57045	-0.65619	0.49396	-6.56191
0.00000	0.00000	0.00000	1.00000

boidNo = 1
boid Wall No = 0
position = = (0.8, -10.0, -0.4)
Boid Radius= 10
Boid Frame=
 -0.10445	0.08019	0.99129	0.80185
0.03331	-0.99590	0.08407	-9.95903
-0.99397	-0.04180	-0.10135	-0.41805
0.00000	0.00000	0.00000	1.00000

boidNo = 2
boid Wall No = 0
position = = (-0.5, -4.9, 8.7)
Boid Radius= 10
Boid Frame=
 0.82797	-0.05028	0.55852	-0.50275
-0.50695	-0.49288	0.70716	-4.92884
-0.23973	0.86864	0.43358	8.68641
0.00000	0.00000	0.00000	1.00000

boidNo = 3
boid Wall No = 0
position = = (-2.5, -9.2, -3.1)
Boid Radius= 10
Boid Frame=
 -0.91656	-0.25427	-0.30866	-2.54271
0.12664	-0.91666	0.37908	-9.16656
0.37932	-0.30836	-0.87237	-3.08363
0.00000	0.00000	0.00000	1.00000

boidNo = 4
boid Wall No = 1
position = = (0.4, 9.8, 1.9)
Boid Radius= 10
Boid Frame=
 0.83165	0.04325	-0.55362	0.43248
0.07082	0.98056	0.18298	9.80562
-0.55077	0.19139	-0.81242	1.91386
0.00000	0.00000	0.00000	1.00000

boidNo = 5
boid Wall No = 0
position = = (3.3, -2.1, 9.2)
Boid Radius= 10
Boid Frame=
 0.57207	0.32978	0.75098	3.29779
-0.73001	-0.21269	0.64950	-2.12689
-0.37392	0.91979	-0.11907	9.19788
0.00000	0.00000	0.00000	1.00000

boidNo = 6
boid Wall No = 1
position = = (-8.0, 5.9, -0.1)
Boid Radius= 10
Boid Frame=
 -0.32962	-0.80386	0.49514	-8.03859
-0.42802	0.59469	0.68054	5.94691
0.84151	-0.01239	0.54009	-0.12392
0.00000	0.00000	0.00000	1.00000

boidNo = 7
boid Wall No = 1
position = = (-0.7, 9.9, -0.8)
Boid Radius= 10
Boid Frame=
 -0.29193	-0.07202	0.95373	-0.72021
0.05189	0.99450	0.09098	9.94500
0.95503	-0.07604	0.28658	-0.76045
0.00000	0.00000	0.00000	1.00000

boidNo = 8
boid Wall No = 0
position = = (-0.8, -10.0, 0.2)
Boid Radius= 9.999999
Boid Frame=
 0.19997	-0.08033	-0.97650	-0.80326
0.00598	-0.99652	0.08320	-9.96515
0.97978	0.02248	0.19879	0.22480
0.00000	0.00000	0.00000	1.00000

boidNo = 9
boid Wall No = 0
position = = (4.7, -0.7, -8.8)
Boid Radius= 10
Boid Frame=
 -0.62664	0.46637	-0.62436	4.66372
-0.72859	-0.06630	0.68173	-0.66301
-0.27654	-0.88210	-0.38134	-8.82101
0.00000	0.00000	0.00000	1.00000

boidNo = 10
boid Wall No = 0
position = = (0.0, -10.0, -0.1)
Boid Radius= 10
Boid Frame=
 -0.82970	0.00463	0.55818	0.04628
0.00074	-0.99996	0.00940	-9.99956
-0.55820	-0.00821	-0.82966	-0.08211
0.00000	0.00000	0.00000	1.00000

boidNo = 11
boid Wall No = 1
position = = (-5.7, 3.8, 7.3)
Boid Radius= 10
Boid Frame=
 0.44260	-0.56809	0.69382	-5.68087
-0.60493	0.38199	0.69867	3.81994
0.66194	0.72894	0.17458	7.28943
0.00000	0.00000	0.00000	1.00000

boidNo = 12
boid Wall No = 0
position = = (1.4, -9.8, 1.7)
Boid Radius= 10
Boid Frame=
 0.99061	0.13524	0.01998	1.35244
0.12959	-0.97546	0.17800	-9.75461
-0.04356	0.17374	0.98383	1.73740
0.00000	0.00000	0.00000	1.00000

boidNo = 13
boid Wall No = 0
position = = (6.4, -7.3, 2.4)
Boid Radius= 10
Boid Frame=
 0.22901	0.63542	0.73742	6.35423
-0.11520	-0.73454	0.66872	-7.34539
-0.96658	0.23810	0.09501	2.38097
0.00000	0.00000	0.00000	1.00000

boidNo = 14
boid Wall No = 0
position = = (10.0, -0.6, -0.5)
Boid Radius= 10
Boid Frame=
 -0.07881	0.99678	0.01497	9.96778
-0.66091	-0.06348	0.74778	-0.63480
-0.74632	-0.04904	-0.66378	-0.49037
0.00000	0.00000	0.00000	1.00000

