Iteration Num of Simuation:0
m_SimulationDeltaT of action plan:0
boidNo = 0
boid Wall No = 0
position = = (-0.8, -9.7, -2.1)
Boid Radius= 10
Boid Frame=
 -0.97181	-0.07725	-0.22277	-0.77249
0.02572	-0.97390	0.22551	-9.73901
0.23438	-0.21342	-0.94843	-2.13423
0.00000	0.00000	0.00000	1.00000

boidNo = 1
boid Wall No = 1
position = = (-3.4, 4.5, 8.3)
Boid Radius= 10
Boid Frame=
 0.58803	-0.34084	0.73351	-3.40839
-0.58548	0.44633	0.67676	4.46332
0.55806	0.82742	-0.06290	8.27416
0.00000	0.00000	0.00000	1.00000

boidNo = 2
boid Wall No = 1
position = = (-4.5, 8.8, 1.8)
Boid Radius= 10
Boid Frame=
 -0.00509	-0.44508	0.89547	-4.45084
-0.19965	0.87791	0.43522	8.77909
0.97985	0.17657	0.09333	1.76568
0.00000	0.00000	0.00000	1.00000

boidNo = 3
boid Wall No = 1
position = = (7.5, 0.3, 6.6)
Boid Radius= 10
Boid Frame=
 0.46397	0.75268	0.46713	7.52679
-0.73577	0.03376	0.67639	0.33764
-0.49333	0.65752	-0.56947	6.57521
0.00000	0.00000	0.00000	1.00000

boidNo = 4
boid Wall No = 0
position = = (0.5, -10.0, 0.0)
Boid Radius= 10
Boid Frame=
 -0.01178	0.04547	0.99890	0.45466
-0.00372	-0.99896	0.04542	-9.98961
-0.99992	0.00318	-0.01194	0.03183
0.00000	0.00000	0.00000	1.00000

boidNo = 5
boid Wall No = 0
position = = (-3.8, -7.4, -5.6)
Boid Radius= 10
Boid Frame=
 0.66173	-0.38384	-0.64403	-3.83842
-0.64006	-0.73655	-0.21868	-7.36546
0.39042	-0.55693	0.73308	-5.56926
0.00000	0.00000	0.00000	1.00000

boidNo = 6
boid Wall No = 1
position = = (-1.5, 9.9, 0.8)
Boid Radius= 9.999999
Boid Frame=
 0.14760	-0.15058	0.97752	-1.50580
-0.05838	0.98529	0.16059	9.85293
0.98732	0.08077	-0.13664	0.80772
0.00000	0.00000	0.00000	1.00000

boidNo = 7
boid Wall No = 0
position = = (5.1, -6.8, -5.3)
Boid Radius= 10
Boid Frame=
 -0.82437	0.50903	0.24759	5.09030
-0.21084	-0.68206	0.70025	-6.82056
-0.52532	-0.52506	-0.66959	-5.25060
0.00000	0.00000	0.00000	1.00000

boidNo = 8
boid Wall No = 1
position = = (1.9, 0.1, -9.8)
Boid Radius= 10
Boid Frame=
 -0.76226	0.18608	-0.61995	1.86080
-0.62936	0.01070	0.77704	0.10701
-0.15123	-0.98248	-0.10895	-9.82476
0.00000	0.00000	0.00000	1.00000

boidNo = 9
boid Wall No = 1
position = = (-6.0, 7.1, 3.7)
Boid Radius= 10
Boid Frame=
 0.22514	-0.60281	0.76546	-6.02815
-0.28982	0.70863	0.64331	7.08633
0.93022	0.36668	0.01517	3.66681
0.00000	0.00000	0.00000	1.00000

boidNo = 10
boid Wall No = 0
position = = (-5.7, -2.3, 7.9)
Boid Radius= 10
Boid Frame=
 0.56001	-0.57420	0.59723	-5.74198
-0.80939	-0.22527	0.54235	-2.25274
0.17688	0.78711	0.59090	7.87114
0.00000	0.00000	0.00000	1.00000

boidNo = 11
boid Wall No = 0
position = = (-3.9, -6.9, -6.1)
Boid Radius= 10
Boid Frame=
 -0.71907	-0.39140	-0.57423	-3.91397
-0.18386	-0.68972	0.70034	-6.89724
0.67017	-0.60917	-0.42400	-6.09172
0.00000	0.00000	0.00000	1.00000

boidNo = 12
boid Wall No = 0
position = = (-1.0, -9.9, -0.4)
Boid Radius= 9.999999
Boid Frame=
 -0.40420	-0.09614	-0.90960	-0.96141
-0.00195	-0.99437	0.10597	-9.94368
0.91467	-0.04460	-0.40174	-0.44604
0.00000	0.00000	0.00000	1.00000

boidNo = 13
boid Wall No = 1
position = = (0.1, 10.0, -0.9)
Boid Radius= 10
Boid Frame=
 -0.99471	0.01494	-0.10163	0.14942
0.00608	0.99620	0.08694	9.96195
-0.10254	-0.08586	0.99102	-0.85863
0.00000	0.00000	0.00000	1.00000

boidNo = 14
boid Wall No = 0
position = = (0.4, -8.8, 4.7)
Boid Radius= 10
Boid Frame=
 0.98850	0.03597	0.14688	0.35967
-0.03772	-0.88194	0.46985	-8.81939
-0.14644	0.46999	0.87044	4.69990
0.00000	0.00000	0.00000	1.00000

boidNo = 15
boid Wall No = 0
position = = (2.9, -1.5, -9.5)
Boid Radius= 10
Boid Frame=
 -0.55662	0.28692	-0.77965	2.86922
-0.82978	-0.14619	0.53861	-1.46194
-0.04056	-0.94673	-0.31946	-9.46733
0.00000	0.00000	0.00000	1.00000

boidNo = 16
boid Wall No = 0
position = = (-3.3, -9.2, -2.2)
Boid Radius= 10
Boid Frame=
 -0.59637	-0.32619	-0.73345	-3.26188
0.02026	-0.91954	0.39247	-9.19540
0.80246	-0.21920	-0.55499	-2.19198
0.00000	0.00000	0.00000	1.00000

boidNo = 17
boid Wall No = 0
position = = (1.6, -4.3, -8.9)
Boid Radius= 10
Boid Frame=
 -0.82423	0.15941	-0.54335	1.59408
-0.55388	-0.42645	0.71509	-4.26448
0.11772	-0.89035	-0.43979	-8.90354
0.00000	0.00000	0.00000	1.00000

boidNo = 18
boid Wall No = 1
position = = (-7.4, 0.3, -6.8)
Boid Radius= 10
Boid Frame=
 -0.50371	-0.73643	-0.45162	-7.36426
-0.69476	0.03464	0.71841	0.34637
0.51341	-0.67563	0.52908	-6.75631
0.00000	0.00000	0.00000	1.00000

boidNo = 19
boid Wall No = 0
position = = (0.2, -10.0, 0.1)
Boid Radius= 9.999999
Boid Frame=
 0.37042	0.02096	0.92863	0.20958
0.00130	-0.99976	0.02205	-9.99756
-0.92886	0.00696	0.37036	0.06963
0.00000	0.00000	0.00000	1.00000

