Iteration Num of Simuation:0
m_SimulationDeltaT of action plan:0
boidNo = 0
boid Wall No = 1
position = = (5.1, 6.5, 5.7)
Boid Radius= 10
Boid Frame=
 0.86261	0.50502	-0.02937	5.05022
-0.35755	0.64972	0.67083	6.49724
-0.35787	0.56817	-0.74103	5.68165
0.00000	0.00000	0.00000	1.00000

boidNo = 1
boid Wall No = 1
position = = (-6.7, 4.4, 6.0)
Boid Radius= 10
Boid Frame=
 0.30176	-0.67130	0.67698	-6.71299
-0.57519	0.43810	0.69081	4.38100
0.76033	0.59785	0.25393	5.97851
0.00000	0.00000	0.00000	1.00000

boidNo = 2
boid Wall No = 0
position = = (-7.5, -5.8, -3.3)
Boid Radius= 10
Boid Frame=
 -0.13624	-0.74820	-0.64933	-7.48204
-0.35333	-0.57564	0.73743	-5.75641
0.92553	-0.32989	0.18594	-3.29891
0.00000	0.00000	0.00000	1.00000

boidNo = 3
boid Wall No = 0
position = = (-7.1, -0.2, -7.1)
Boid Radius= 10
Boid Frame=
 -0.42714	-0.70563	-0.56536	-7.05634
-0.78658	-0.01839	0.61722	-0.18391
0.44593	-0.70834	0.54718	-7.08338
0.00000	0.00000	0.00000	1.00000

boidNo = 4
boid Wall No = 1
position = = (4.5, 8.1, -3.8)
Boid Radius= 10
Boid Frame=
 -0.43591	0.44518	-0.78218	4.45181
-0.17179	0.81196	0.55787	8.11956
-0.88344	-0.37755	0.27746	-3.77547
0.00000	0.00000	0.00000	1.00000

