Iteration Num of Simuation:0
m_SimulationDeltaT of action plan:0
boidNo = 0
boid Wall No = 1
position = = (7.6, 2.4, -6.1)
Boid Radius= 10
Boid Frame=
 -0.32177	0.75668	-0.56912	7.56681
-0.66791	0.24464	0.70289	2.44641
-0.67109	-0.60629	-0.42668	-6.06288
0.00000	0.00000	0.00000	1.00000

boidNo = 1
boid Wall No = 0
position = = (0.4, -9.2, 3.9)
Boid Radius= 9.999999
Boid Frame=
 0.87584	0.04442	-0.48054	0.44422
0.22145	-0.92173	0.31841	-9.21726
0.42879	0.38529	0.81713	3.85289
0.00000	0.00000	0.00000	1.00000

boidNo = 2
boid Wall No = 0
position = = (4.2, -5.5, -7.2)
Boid Radius= 10
Boid Frame=
 -0.85541	0.42006	-0.30302	4.20059
-0.50596	-0.55254	0.66235	-5.52536
-0.11079	-0.71990	-0.68518	-7.19900
0.00000	0.00000	0.00000	1.00000

boidNo = 3
boid Wall No = 1
position = = (-1.0, 5.0, 8.6)
Boid Radius= 10
Boid Frame=
 0.74796	-0.09929	0.65628	-0.99291
-0.53126	0.50317	0.68160	5.03169
0.39790	0.85847	-0.32360	8.58465
0.00000	0.00000	0.00000	1.00000

boidNo = 4
boid Wall No = 1
position = = (0.0, 8.3, -5.6)
Boid Radius= 10
Boid Frame=
 -0.96853	0.00330	-0.24887	0.03303
-0.13698	0.82778	0.54407	8.27781
-0.20780	-0.56104	0.80128	-5.61041
0.00000	0.00000	0.00000	1.00000

boidNo = 5
boid Wall No = 1
position = = (4.0, 6.9, -6.0)
Boid Radius= 10
Boid Frame=
 -0.55147	0.39683	-0.73377	3.96826
-0.34516	0.69224	0.63377	6.92239
-0.75944	-0.60277	0.24478	-6.02773
0.00000	0.00000	0.00000	1.00000

boidNo = 6
boid Wall No = 0
position = = (-1.5, -9.8, -1.6)
Boid Radius= 10
Boid Frame=
 -0.98868	-0.14720	-0.02900	-1.47201
0.14065	-0.97667	0.16230	-9.76666
0.05222	-0.15638	-0.98631	-1.56385
0.00000	0.00000	0.00000	1.00000

boidNo = 7
boid Wall No = 1
position = = (-6.8, 7.4, -0.5)
Boid Radius= 10
Boid Frame=
 -0.40875	-0.67541	0.61379	-6.75413
-0.31365	0.73554	0.60051	7.35537
0.85706	-0.05294	0.51249	-0.52940
0.00000	0.00000	0.00000	1.00000

boidNo = 8
boid Wall No = 0
position = = (-8.2, -2.0, 5.4)
Boid Radius= 10
Boid Frame=
 0.47475	-0.81548	0.33107	-8.15475
-0.76776	-0.19982	0.60878	-1.99818
0.43029	0.54321	0.72095	5.43206
0.00000	0.00000	0.00000	1.00000

boidNo = 9
boid Wall No = 1
position = = (9.1, 3.7, -1.9)
Boid Radius= 10
Boid Frame=
 0.07206	0.90827	-0.41213	9.08272
-0.58013	0.37428	0.72344	3.74283
-0.81133	-0.18696	-0.55388	-1.86958
0.00000	0.00000	0.00000	1.00000

boidNo = 10
boid Wall No = 0
position = = (-4.9, -7.9, -3.7)
Boid Radius= 10
Boid Frame=
 -0.55006	-0.49030	-0.67605	-4.90296
-0.04846	-0.78941	0.61194	-7.89414
0.83372	-0.36937	-0.41047	-3.69371
0.00000	0.00000	0.00000	1.00000

boidNo = 11
boid Wall No = 0
position = = (6.2, -7.7, 1.4)
Boid Radius= 10
Boid Frame=
 0.16465	0.61880	0.76810	6.18795
-0.05162	-0.77226	0.63321	-7.72259
-0.98500	0.14391	0.09521	1.43906
0.00000	0.00000	0.00000	1.00000

boidNo = 12
boid Wall No = 0
position = = (7.1, -5.3, -4.6)
Boid Radius= 10
Boid Frame=
 -0.70006	0.70839	0.09000	7.08386
-0.44757	-0.53349	0.71768	-5.33491
-0.55641	-0.46214	-0.69053	-4.62143
0.00000	0.00000	0.00000	1.00000

boidNo = 13
boid Wall No = 0
position = = (-3.6, -4.8, 8.0)
Boid Radius= 10
Boid Frame=
 0.89746	-0.36248	0.25133	-3.62480
-0.41157	-0.48322	0.77273	-4.83218
0.15865	0.79694	0.58286	7.96937
0.00000	0.00000	0.00000	1.00000

boidNo = 14
boid Wall No = 1
position = = (0.7, 7.2, -6.9)
Boid Radius= 10
Boid Frame=
 -0.79907	0.06635	-0.59757	0.66354
-0.37661	0.71952	0.58349	7.19521
-0.46868	-0.69129	0.54996	-6.91294
0.00000	0.00000	0.00000	1.00000

