Iteration Num of Simuation:0
m_SimulationDeltaT of action plan:0
boidNo = 0
boid Wall No = 0
position = = (-5.5, -7.5, 3.7)
Boid Radius= 10
Boid Frame=
 0.65638	-0.55305	-0.51312	-5.53050
-0.11545	-0.74578	0.65612	-7.45776
0.74554	0.37142	0.55337	3.71422
0.00000	0.00000	0.00000	1.00000

boidNo = 1
boid Wall No = 0
position = = (-9.0, -2.2, -3.7)
Boid Radius= 10
Boid Frame=
 -0.13727	-0.90035	-0.41294	-9.00353
-0.66556	-0.22492	0.71165	-2.24923
0.73362	-0.37252	0.56836	-3.72523
0.00000	0.00000	0.00000	1.00000

boidNo = 2
boid Wall No = 0
position = = (-3.8, -9.1, -1.6)
Boid Radius= 10
Boid Frame=
 -0.71195	-0.37877	-0.59133	-3.78769
0.17549	-0.91131	0.37245	-9.11311
0.67995	-0.16139	-0.71527	-1.61392
0.00000	0.00000	0.00000	1.00000

boidNo = 3
boid Wall No = 1
position = = (6.3, 3.5, -6.9)
Boid Radius= 10
Boid Frame=
 -0.39376	0.63226	-0.66723	6.32260
-0.62668	0.34639	0.69806	3.46385
-0.67247	-0.69301	-0.25983	-6.93012
0.00000	0.00000	0.00000	1.00000

boidNo = 4
boid Wall No = 1
position = = (-6.8, 0.6, -7.3)
Boid Radius= 9.999999
Boid Frame=
 -0.54509	-0.68275	-0.48654	-6.82752
-0.70490	0.05906	0.70685	0.59065
0.45386	-0.72826	0.51347	-7.28259
0.00000	0.00000	0.00000	1.00000

boidNo = 5
boid Wall No = 0
position = = (-1.9, -9.5, 2.3)
Boid Radius= 10
Boid Frame=
 0.07033	-0.18635	-0.97996	-1.86350
0.22180	-0.95488	0.19750	-9.54882
0.97255	0.23125	0.02583	2.31246
0.00000	0.00000	0.00000	1.00000

boidNo = 6
boid Wall No = 1
position = = (6.5, 7.1, 2.8)
Boid Radius= 10
Boid Frame=
 0.65088	0.65005	-0.39215	6.50052
-0.32507	0.70544	0.62983	7.05440
-0.68606	0.28247	-0.67047	2.82467
0.00000	0.00000	0.00000	1.00000

boidNo = 7
boid Wall No = 1
position = = (-3.6, 9.3, -0.2)
Boid Radius= 10
Boid Frame=
 -0.00554	-0.36076	0.93264	-3.60764
0.02219	0.93238	0.36080	9.32381
0.99974	-0.02269	-0.00284	-0.22694
0.00000	0.00000	0.00000	1.00000

boidNo = 8
boid Wall No = 1
position = = (0.8, 9.8, -1.6)
Boid Radius= 10
Boid Frame=
 -0.82124	0.07735	-0.56531	0.77353
-0.03000	0.98354	0.17817	9.83543
-0.56979	-0.16328	0.80541	-1.63281
0.00000	0.00000	0.00000	1.00000

boidNo = 9
boid Wall No = 1
position = = (-2.9, 9.5, -1.2)
Boid Radius= 10
Boid Frame=
 -0.24100	-0.29263	0.92536	-2.92627
0.04375	0.94922	0.31157	9.49217
0.96954	-0.11557	0.21596	-1.15570
0.00000	0.00000	0.00000	1.00000

boidNo = 10
boid Wall No = 0
position = = (0.0, -10.0, 0.1)
Boid Radius= 9.999999
Boid Frame=
 0.92996	0.00480	0.36763	0.04804
0.00002	-0.99992	0.01301	-9.99915
-0.36766	0.01209	0.92988	0.12087
0.00000	0.00000	0.00000	1.00000

boidNo = 11
boid Wall No = 0
position = = (-2.1, -9.6, 2.0)
Boid Radius= 10
Boid Frame=
 0.12129	-0.21150	-0.96982	-2.11504
0.17781	-0.95660	0.23086	-9.56603
0.97656	0.20044	0.07842	2.00443
0.00000	0.00000	0.00000	1.00000

boidNo = 12
boid Wall No = 1
position = = (-0.4, 10.0, -0.9)
Boid Radius= 10
Boid Frame=
 -0.56325	-0.03949	0.82534	-0.39492
0.05063	0.99533	0.08217	9.95331
0.82474	-0.08807	0.55862	-0.88068
0.00000	0.00000	0.00000	1.00000

boidNo = 13
boid Wall No = 1
position = = (-6.5, 6.9, 3.2)
Boid Radius= 10
Boid Frame=
 0.09593	-0.64691	0.75651	-6.46907
-0.34146	0.69251	0.63548	6.92512
0.93499	0.31928	0.15446	3.19280
0.00000	0.00000	0.00000	1.00000

boidNo = 14
boid Wall No = 0
position = = (2.2, -0.6, -9.7)
Boid Radius= 10
Boid Frame=
 -0.69380	0.21746	-0.68655	2.17462
-0.71133	-0.05807	0.70045	-0.58070
-0.11245	-0.97434	-0.19498	-9.74340
0.00000	0.00000	0.00000	1.00000

