Iteration Num of Simuation:0
m_SimulationDeltaT of action plan:0
boidNo = 0
boid Wall No = 0
position = = (3.3, -6.8, 6.5)
Boid Radius= 10
Boid Frame=
 0.75581	0.33115	0.56488	3.31145
-0.22022	-0.68388	0.69557	-6.83879
-0.61664	0.65012	0.44396	6.50117
0.00000	0.00000	0.00000	1.00000

boidNo = 1
boid Wall No = 1
position = = (-7.1, 2.4, -6.7)
Boid Radius= 10
Boid Frame=
 -0.61370	-0.70527	-0.35492	-7.05267
-0.67882	0.24176	0.69336	2.41762
0.40320	-0.66645	0.62712	-6.66445
0.00000	0.00000	0.00000	1.00000

boidNo = 2
boid Wall No = 0
position = = (5.4, -7.6, 3.6)
Boid Radius= 10
Boid Frame=
 0.47308	0.54336	0.69351	5.43356
-0.08310	-0.75614	0.64911	-7.56142
-0.87709	0.36471	0.31256	3.64712
0.00000	0.00000	0.00000	1.00000

boidNo = 3
boid Wall No = 0
position = = (-6.0, -6.8, 4.2)
Boid Radius= 10
Boid Frame=
 0.73357	-0.59836	-0.32223	-5.98365
-0.25911	-0.68458	0.68134	-6.84575
0.62828	0.41631	0.65723	4.16313
0.00000	0.00000	0.00000	1.00000

boidNo = 4
boid Wall No = 0
position = = (2.0, -6.0, -7.8)
Boid Radius= 10
Boid Frame=
 -0.92385	0.19689	-0.32824	1.96886
-0.37829	-0.60031	0.70465	-6.00307
0.05831	-0.77516	-0.62907	-7.75157
0.00000	0.00000	0.00000	1.00000

boidNo = 5
boid Wall No = 1
position = = (-7.3, 6.5, -2.4)
Boid Radius= 9.999999
Boid Frame=
 -0.58585	-0.72547	0.36122	-7.25467
-0.39677	0.64540	0.65271	6.45402
0.70665	-0.23907	0.66595	-2.39070
0.00000	0.00000	0.00000	1.00000

boidNo = 6
boid Wall No = 0
position = = (-9.3, -3.6, -0.3)
Boid Radius= 10
Boid Frame=
 0.20866	-0.93077	-0.30021	-9.30773
-0.59457	-0.36445	0.71670	-3.64450
0.77650	-0.02895	0.62945	-0.28947
0.00000	0.00000	0.00000	1.00000

boidNo = 7
boid Wall No = 1
position = = (-1.1, 9.4, -3.1)
Boid Radius= 10
Boid Frame=
 -0.90535	-0.10773	0.41078	-1.07728
0.03583	0.94446	0.32666	9.44461
0.42315	-0.31047	0.85121	-3.10465
0.00000	0.00000	0.00000	1.00000

boidNo = 8
boid Wall No = 1
position = = (-6.0, 4.4, 6.7)
Boid Radius= 10
Boid Frame=
 0.39885	-0.59591	0.69701	-5.95907
-0.56873	0.43550	0.69777	4.35496
0.71935	0.67471	0.16522	6.74714
0.00000	0.00000	0.00000	1.00000

boidNo = 9
boid Wall No = 1
position = = (-1.4, 9.8, 1.5)
Boid Radius= 10
Boid Frame=
 0.90283	-0.14257	0.40567	-1.42569
0.06728	0.97865	0.19420	9.78652
0.42470	0.14803	-0.89315	1.48033
0.00000	0.00000	0.00000	1.00000

boidNo = 10
boid Wall No = 0
position = = (9.2, -3.7, -1.2)
Boid Radius= 9.999999
Boid Frame=
 -0.32987	0.92074	0.20838	9.20738
-0.56663	-0.36967	0.73639	-3.69670
-0.75506	-0.12484	-0.64366	-1.24841
0.00000	0.00000	0.00000	1.00000

boidNo = 11
boid Wall No = 1
position = = (3.9, 6.6, 6.5)
Boid Radius= 10
Boid Frame=
 0.89748	0.38860	0.20862	3.88599
-0.42874	0.65765	0.61942	6.57647
-0.10351	0.64536	-0.75683	6.45362
0.00000	0.00000	0.00000	1.00000

boidNo = 12
boid Wall No = 0
position = = (-0.2, -10.0, 0.0)
Boid Radius= 10
Boid Frame=
 -0.05744	-0.01839	-0.99818	-0.18387
-0.00342	-0.99982	0.01861	-9.99821
0.99834	-0.00449	-0.05736	-0.04487
0.00000	0.00000	0.00000	1.00000

boidNo = 13
boid Wall No = 1
position = = (-3.7, 9.0, -2.2)
Boid Radius= 10
Boid Frame=
 -0.54218	-0.36740	0.75568	-3.67402
-0.01977	0.90467	0.42565	9.04672
0.84003	-0.21584	0.49776	-2.15836
0.00000	0.00000	0.00000	1.00000

boidNo = 14
boid Wall No = 1
position = = (0.2, 9.9, -1.4)
Boid Radius= 10
Boid Frame=
 -0.94052	0.01773	0.33927	0.17729
0.06564	0.98930	0.13028	9.89302
0.33333	-0.14480	0.93162	-1.44803
0.00000	0.00000	0.00000	1.00000

