Iteration Num of Simuation:0
m_SimulationDeltaT of action plan:0
boidNo = 0
boid Wall No = 0
position = = (8.7, -0.2, -4.9)
Boid Radius= 10
Boid Frame=
 -0.36024	0.87045	-0.33547	8.70451
-0.70327	-0.01715	0.71072	-0.17145
-0.61289	-0.49196	-0.61834	-4.91957
0.00000	0.00000	0.00000	1.00000

boidNo = 1
boid Wall No = 0
position = = (-2.0, -9.2, 3.4)
Boid Radius= 10
Boid Frame=
 0.88525	-0.20276	-0.41860	-2.02765
-0.02389	-0.91861	0.39444	-9.18612
0.46451	0.33917	0.81804	3.39174
0.00000	0.00000	0.00000	1.00000

boidNo = 2
boid Wall No = 0
position = = (-2.2, -7.4, 6.3)
Boid Radius= 10
Boid Frame=
 0.97525	-0.21996	-0.02245	-2.19961
-0.15284	-0.74404	0.65041	-7.44044
0.15977	0.63088	0.75925	6.30885
0.00000	0.00000	0.00000	1.00000

boidNo = 3
boid Wall No = 0
position = = (-0.5, -9.9, -1.1)
Boid Radius= 10
Boid Frame=
 -0.92628	-0.04523	-0.37412	-0.45231
-0.00136	-0.99236	0.12334	-9.92363
0.37684	-0.11476	-0.91914	-1.14757
0.00000	0.00000	0.00000	1.00000

boidNo = 4
boid Wall No = 0
position = = (2.2, -9.7, -1.2)
Boid Radius= 10
Boid Frame=
 -0.52657	0.21537	0.82240	2.15372
-0.00987	-0.96886	0.24741	-9.68861
-0.85007	-0.12216	-0.51230	-1.22160
0.00000	0.00000	0.00000	1.00000

boidNo = 5
boid Wall No = 0
position = = (9.4, -1.9, 2.9)
Boid Radius= 10
Boid Frame=
 0.04173	0.93738	0.34580	9.37380
-0.76667	-0.19189	0.61270	-1.91893
-0.64069	0.29068	-0.71065	2.90682
0.00000	0.00000	0.00000	1.00000

boidNo = 6
boid Wall No = 0
position = = (-2.6, -6.8, 6.9)
Boid Radius= 10
Boid Frame=
 0.96402	-0.25874	0.06099	-2.58740
-0.22564	-0.67512	0.70235	-6.75123
0.14055	0.69084	0.70921	6.90842
0.00000	0.00000	0.00000	1.00000

boidNo = 7
boid Wall No = 1
position = = (3.0, 7.5, -5.8)
Boid Radius= 10
Boid Frame=
 -0.67844	0.30355	-0.66901	3.03547
-0.25945	0.75298	0.60475	7.52975
-0.68732	-0.58386	0.43210	-5.83856
0.00000	0.00000	0.00000	1.00000

boidNo = 8
boid Wall No = 1
position = = (0.1, 9.9, -1.4)
Boid Radius= 9.999999
Boid Frame=
 -0.55320	0.01330	-0.83294	0.13296
-0.11036	0.98989	0.08910	9.89891
-0.82570	-0.14121	0.54614	-1.41209
0.00000	0.00000	0.00000	1.00000

boidNo = 9
boid Wall No = 0
position = = (-8.9, -4.5, 0.5)
Boid Radius= 9.999999
Boid Frame=
 0.31631	-0.89347	-0.31882	-8.93475
-0.54987	-0.44654	0.70586	-4.46545
0.77304	0.04796	0.63254	0.47962
0.00000	0.00000	0.00000	1.00000

boidNo = 10
boid Wall No = 1
position = = (-5.2, 7.5, -4.0)
Boid Radius= 10
Boid Frame=
 -0.78159	-0.52361	0.33904	-5.23606
-0.23789	0.75264	0.61396	7.52638
0.57665	-0.39921	0.71282	-3.99215
0.00000	0.00000	0.00000	1.00000

boidNo = 11
boid Wall No = 1
position = = (-2.8, 9.6, 0.6)
Boid Radius= 10
Boid Frame=
 -0.17390	-0.28457	0.94275	-2.84575
-0.11801	0.95646	0.26695	9.56459
0.97767	0.06483	0.19991	0.64829
0.00000	0.00000	0.00000	1.00000

boidNo = 12
boid Wall No = 0
position = = (-9.2, -3.3, -2.1)
Boid Radius= 10
Boid Frame=
 0.02003	-0.91931	-0.39302	-9.19310
-0.58377	-0.32989	0.74188	-3.29888
0.81167	-0.21457	0.54328	-2.14575
0.00000	0.00000	0.00000	1.00000

boidNo = 13
boid Wall No = 0
position = = (-2.9, -8.7, 4.0)
Boid Radius= 9.999999
Boid Frame=
 0.79077	-0.28646	-0.54094	-2.86457
0.02008	-0.87112	0.49065	-8.71123
0.61178	0.39886	0.68311	3.98858
0.00000	0.00000	0.00000	1.00000

boidNo = 14
boid Wall No = 0
position = = (-1.2, -9.9, 1.1)
Boid Radius= 10
Boid Frame=
 0.67386	-0.12200	-0.72872	-1.21995
-0.00071	-0.98638	0.16447	-9.86382
0.73886	0.11031	0.66477	1.10310
0.00000	0.00000	0.00000	1.00000

boidNo = 15
boid Wall No = 1
position = = (0.5, 10.0, -0.5)
Boid Radius= 10
Boid Frame=
 -0.90830	0.05296	-0.41496	0.52958
0.02857	0.99749	0.06477	9.97491
-0.41735	-0.04698	0.90753	-0.46975
0.00000	0.00000	0.00000	1.00000

boidNo = 16
boid Wall No = 0
position = = (4.0, -8.8, 2.5)
Boid Radius= 10
Boid Frame=
 0.39159	0.40268	0.82735	4.02678
-0.07976	-0.88092	0.46650	-8.80918
-0.91668	0.24867	0.31284	2.48666
0.00000	0.00000	0.00000	1.00000

boidNo = 17
boid Wall No = 1
position = = (-6.8, 2.3, -6.9)
Boid Radius= 10
Boid Frame=
 -0.47067	-0.68164	-0.56021	-6.81640
-0.86515	0.23192	0.44467	2.31920
0.17318	-0.69396	0.69888	-6.93960
0.00000	0.00000	0.00000	1.00000

boidNo = 18
boid Wall No = 0
position = = (7.6, -6.3, 1.8)
Boid Radius= 10
Boid Frame=
 -0.07848	0.75505	0.65096	7.55046
-0.35839	-0.63069	0.68833	-6.30687
-0.93027	0.17928	-0.32010	1.79276
0.00000	0.00000	0.00000	1.00000

boidNo = 19
boid Wall No = 0
position = = (1.0, -10.0, -0.1)
Boid Radius= 10
Boid Frame=
 -0.37720	0.09870	0.92086	0.98703
-0.02639	-0.99505	0.09584	-9.95047
-0.92576	-0.01185	-0.37793	-0.11847
0.00000	0.00000	0.00000	1.00000

