Iteration Num of Simuation:0
m_SimulationDeltaT of action plan:0
boidNo = 0
boid Wall No = 0
position = = (-7.1, -6.6, 2.5)
Boid Radius= 10
Boid Frame=
 0.49958	-0.70970	-0.49673	-7.09702
-0.22250	-0.65930	0.71820	-6.59304
0.83720	0.24828	0.48729	2.48276
0.00000	0.00000	0.00000	1.00000

boidNo = 1
boid Wall No = 1
position = = (2.1, 8.9, -4.1)
Boid Radius= 10
Boid Frame=
 -0.74419	0.21372	-0.63286	2.13717
-0.12517	0.88604	0.44640	8.86038
-0.65614	-0.41142	0.63263	-4.11415
0.00000	0.00000	0.00000	1.00000

boidNo = 2
boid Wall No = 1
position = = (5.2, 1.5, -8.4)
Boid Radius= 10
Boid Frame=
 -0.12114	0.51884	-0.84625	5.18837
-0.96022	0.15485	0.23240	1.54847
-0.25161	-0.84073	-0.47944	-8.40733
0.00000	0.00000	0.00000	1.00000

boidNo = 3
boid Wall No = 0
position = = (6.0, -7.6, -2.5)
Boid Radius= 10
Boid Frame=
 -0.47693	0.60407	0.63846	6.04072
-0.08878	-0.75579	0.64876	-7.55794
-0.87445	-0.25273	-0.41409	-2.52731
0.00000	0.00000	0.00000	1.00000

boidNo = 4
boid Wall No = 0
position = = (8.6, -4.9, 1.4)
Boid Radius= 10
Boid Frame=
 -0.18583	0.86049	0.47438	8.60486
-0.56086	-0.48930	0.66785	-4.89298
-0.80679	0.14195	-0.57354	1.41954
0.00000	0.00000	0.00000	1.00000

boidNo = 5
boid Wall No = 1
position = = (-9.3, 0.6, -3.7)
Boid Radius= 10
Boid Frame=
 -0.27310	-0.92888	-0.25020	-9.28879
-0.77314	0.05718	0.63165	0.57178
0.57242	-0.36594	0.73377	-3.65943
0.00000	0.00000	0.00000	1.00000

boidNo = 6
boid Wall No = 1
position = = (1.0, 9.9, -0.7)
Boid Radius= 10
Boid Frame=
 -0.75631	0.09501	-0.64728	0.95008
0.02407	0.99277	0.11759	9.92770
-0.65377	-0.07336	0.75312	-0.73357
0.00000	0.00000	0.00000	1.00000

boidNo = 7
boid Wall No = 0
position = = (-5.7, -8.1, 1.3)
Boid Radius= 9.999999
Boid Frame=
 0.23796	-0.57202	-0.78496	-5.72019
-0.01211	-0.80986	0.58649	-8.09864
0.97120	0.13006	0.19965	1.30055
0.00000	0.00000	0.00000	1.00000

boidNo = 8
boid Wall No = 1
position = = (-2.9, 4.3, 8.6)
Boid Radius= 10
Boid Frame=
 0.34462	-0.28859	0.89328	-2.88589
-0.78792	0.42837	0.44237	4.28367
0.51031	0.85628	0.07976	8.56282
0.00000	0.00000	0.00000	1.00000

boidNo = 9
boid Wall No = 1
position = = (-8.7, 4.6, 1.4)
Boid Radius= 10
Boid Frame=
 -0.13084	-0.87479	0.46649	-8.74793
-0.50528	0.46368	0.72780	4.63682
0.85298	0.14048	0.50269	1.40484
0.00000	0.00000	0.00000	1.00000

boidNo = 10
boid Wall No = 0
position = = (5.0, -8.2, 2.7)
Boid Radius= 10
Boid Frame=
 0.54324	0.49676	0.67684	4.96760
0.05267	-0.82475	0.56304	-8.24750
-0.83792	0.27022	0.47421	2.70217
0.00000	0.00000	0.00000	1.00000

boidNo = 11
boid Wall No = 1
position = = (-9.7, 1.8, -1.5)
Boid Radius= 10
Boid Frame=
 -0.22757	-0.97271	0.04525	-9.72710
-0.61285	0.17918	0.76961	1.79178
0.75672	-0.14741	0.63690	-1.47412
0.00000	0.00000	0.00000	1.00000

boidNo = 12
boid Wall No = 1
position = = (-3.9, 9.2, 0.3)
Boid Radius= 10
Boid Frame=
 -0.01096	-0.39366	0.91919	-3.93658
-0.04041	0.91867	0.39295	9.18670
0.99912	0.03284	0.02598	0.32842
0.00000	0.00000	0.00000	1.00000

boidNo = 13
boid Wall No = 0
position = = (0.3, -9.7, -2.3)
Boid Radius= 10
Boid Frame=
 -0.99846	0.03262	-0.04487	0.32620
-0.04219	-0.97169	0.23247	-9.71687
0.03602	-0.23401	-0.97157	-2.34008
0.00000	0.00000	0.00000	1.00000

boidNo = 14
boid Wall No = 0
position = = (0.3, -9.9, -1.5)
Boid Radius= 10
Boid Frame=
 -0.98081	0.02717	0.19308	0.27171
0.00287	-0.98812	0.15365	-9.88121
-0.19496	-0.15126	-0.96908	-1.51257
0.00000	0.00000	0.00000	1.00000

boidNo = 15
boid Wall No = 0
position = = (-1.6, -9.8, -1.3)
Boid Radius= 10
Boid Frame=
 -0.61530	-0.16182	-0.77150	-1.61816
0.00055	-0.97879	0.20485	-9.78792
0.78829	-0.12562	-0.60234	-1.25623
0.00000	0.00000	0.00000	1.00000

boidNo = 16
boid Wall No = 1
position = = (-0.5, 9.5, 3.2)
Boid Radius= 10
Boid Frame=
 0.85844	-0.05303	0.51016	-0.53028
-0.12146	0.94533	0.30265	9.45332
0.49832	0.32177	-0.80507	3.21769
0.00000	0.00000	0.00000	1.00000

boidNo = 17
boid Wall No = 1
position = = (3.6, 0.7, -9.3)
Boid Radius= 10
Boid Frame=
 -0.70538	0.36097	-0.61003	3.60968
-0.63338	0.06540	0.77108	0.65400
-0.31823	-0.93028	-0.18250	-9.30282
0.00000	0.00000	0.00000	1.00000

boidNo = 18
boid Wall No = 1
position = = (-2.9, 4.5, 8.5)
Boid Radius= 10
Boid Frame=
 0.69390	-0.29373	0.65743	-2.93729
-0.50859	0.44641	0.73625	4.46406
0.50974	0.84525	-0.16038	8.45248
0.00000	0.00000	0.00000	1.00000

boidNo = 19
boid Wall No = 1
position = = (8.4, 0.2, 5.3)
Boid Radius= 9.999999
Boid Frame=
 0.42234	0.84481	0.32852	8.44806
-0.64160	0.02260	0.76671	0.22598
-0.64030	0.53459	-0.55157	5.34595
0.00000	0.00000	0.00000	1.00000

