Iteration Num of Simuation:0
m_SimulationDeltaT of action plan:0
boidNo = 0
boid Wall No = 1
position = = (-4.8, 8.4, 2.7)
Boid Radius= 10
Boid Frame=
 0.09389	-0.48018	0.87213	-4.80175
-0.25564	0.83500	0.48725	8.35003
0.96220	0.26870	0.04435	2.68705
0.00000	0.00000	0.00000	1.00000

boidNo = 1
boid Wall No = 0
position = = (0.0, -10.0, -0.6)
Boid Radius= 10
Boid Frame=
 -0.99615	-0.00438	-0.08755	-0.04376
-0.00056	-0.99841	0.05631	-9.98413
0.08766	-0.05614	-0.99457	-0.56138
0.00000	0.00000	0.00000	1.00000

boidNo = 2
boid Wall No = 0
position = = (2.8, -1.1, 9.5)
Boid Radius= 10
Boid Frame=
 0.53932	0.28408	0.79274	2.84082
-0.80300	-0.11005	0.58574	-1.10048
-0.25364	0.95246	-0.16877	9.52464
0.00000	0.00000	0.00000	1.00000

boidNo = 3
boid Wall No = 1
position = = (0.3, 9.5, -3.0)
Boid Radius= 10
Boid Frame=
 -0.82618	0.03081	-0.56256	0.30812
-0.14276	0.95447	0.26193	9.54469
-0.54501	-0.29671	0.78417	-2.96715
0.00000	0.00000	0.00000	1.00000

boidNo = 4
boid Wall No = 1
position = = (5.3, 5.6, 6.3)
Boid Radius= 10
Boid Frame=
 0.83291	0.53027	0.15832	5.30273
-0.48593	0.56390	0.66775	5.63903
-0.26481	0.63311	-0.72736	6.33107
0.00000	0.00000	0.00000	1.00000

boidNo = 5
boid Wall No = 0
position = = (-7.9, -6.0, -1.4)
Boid Radius= 10
Boid Frame=
 0.10240	-0.79129	-0.60281	-7.91289
-0.35547	-0.59509	0.72077	-5.95087
0.92906	-0.14047	0.34222	-1.40472
0.00000	0.00000	0.00000	1.00000

boidNo = 6
boid Wall No = 0
position = = (0.7, -0.7, -10.0)
Boid Radius= 10
Boid Frame=
 -0.65193	0.06513	-0.75547	0.65126
-0.75821	-0.06881	0.64836	-0.68814
0.00976	-0.99550	-0.09424	-9.95502
0.00000	0.00000	0.00000	1.00000

boidNo = 7
boid Wall No = 0
position = = (-0.3, -9.1, -4.1)
Boid Radius= 10
Boid Frame=
 -0.99435	-0.02660	-0.10278	-0.26603
-0.01814	-0.91129	0.41136	-9.11293
0.10461	-0.41090	-0.90566	-4.10899
0.00000	0.00000	0.00000	1.00000

boidNo = 8
boid Wall No = 1
position = = (8.5, 0.7, 5.2)
Boid Radius= 10
Boid Frame=
 0.41915	0.85108	0.31619	8.51079
-0.69207	0.07409	0.71801	0.74092
-0.58766	0.51978	-0.62007	5.19784
0.00000	0.00000	0.00000	1.00000

boidNo = 9
boid Wall No = 0
position = = (-6.0, -2.9, -7.4)
Boid Radius= 10
Boid Frame=
 0.18533	-0.60170	-0.77692	-6.01697
-0.95552	-0.29491	0.00046	-2.94910
0.22940	-0.74229	0.62959	-7.42286
0.00000	0.00000	0.00000	1.00000

boidNo = 10
boid Wall No = 0
position = = (1.7, -9.2, 3.4)
Boid Radius= 10
Boid Frame=
 0.98425	0.17310	-0.03587	1.73101
0.17482	-0.92299	0.34283	-9.22986
-0.02624	0.34370	0.93871	3.43704
0.00000	0.00000	0.00000	1.00000

boidNo = 11
boid Wall No = 1
position = = (-9.3, 1.5, 3.4)
Boid Radius= 10
Boid Frame=
 0.14390	-0.92743	0.34520	-9.27434
-0.71047	0.14600	0.68842	1.46000
0.68886	0.34431	0.63790	3.44311
0.00000	0.00000	0.00000	1.00000

boidNo = 12
boid Wall No = 1
position = = (0.8, 10.0, -0.5)
Boid Radius= 10
Boid Frame=
 -0.84573	0.07895	-0.52773	0.78949
0.03826	0.99542	0.08760	9.95421
-0.53223	-0.05389	0.84488	-0.53890
0.00000	0.00000	0.00000	1.00000

boidNo = 13
boid Wall No = 1
position = = (3.3, 9.2, 2.0)
Boid Radius= 10
Boid Frame=
 0.60576	0.33184	-0.72315	3.31841
-0.04741	0.92231	0.38352	9.22315
-0.79424	0.19804	-0.57443	1.98035
0.00000	0.00000	0.00000	1.00000

boidNo = 14
boid Wall No = 0
position = = (-0.2, -8.0, 6.0)
Boid Radius= 10
Boid Frame=
 0.99969	-0.01849	0.01665	-0.18492
-0.02478	-0.80137	0.59766	-8.01369
-0.00229	0.59789	0.80158	5.97885
0.00000	0.00000	0.00000	1.00000

boidNo = 15
boid Wall No = 0
position = = (7.1, -6.4, -2.8)
Boid Radius= 10
Boid Frame=
 -0.53843	0.71277	0.44950	7.12771
-0.24716	-0.64354	0.72441	-6.43543
-0.80561	-0.27895	-0.52267	-2.78945
0.00000	0.00000	0.00000	1.00000

boidNo = 16
boid Wall No = 1
position = = (3.2, 4.0, 8.6)
Boid Radius= 10
Boid Frame=
 0.83701	0.32151	0.44277	3.21514
-0.54370	0.39742	0.73922	3.97415
-0.06171	0.85947	-0.50745	8.59471
0.00000	0.00000	0.00000	1.00000

boidNo = 17
boid Wall No = 0
position = = (-0.6, -7.6, -6.5)
Boid Radius= 10
Boid Frame=
 -0.97599	-0.06131	-0.20903	-0.61310
-0.09133	-0.75598	0.64819	-7.55983
0.19776	-0.65171	-0.73223	-6.51713
0.00000	0.00000	0.00000	1.00000

boidNo = 18
boid Wall No = 1
position = = (1.1, 9.9, 0.3)
Boid Radius= 10
Boid Frame=
 -0.27387	0.11166	-0.95526	1.11661
0.05733	0.99337	0.09968	9.93367
-0.96006	0.02747	0.27845	0.27465
0.00000	0.00000	0.00000	1.00000

boidNo = 19
boid Wall No = 1
position = = (-0.3, 2.7, 9.6)
Boid Radius= 10
Boid Frame=
 0.77994	-0.03239	0.62501	-0.32388
-0.59617	0.26547	0.75770	2.65472
0.19046	0.96357	-0.18774	9.63575
0.00000	0.00000	0.00000	1.00000

