Iteration Num of Simuation:0
m_SimulationDeltaT of action plan:0
boidNo = 0
boid Wall No = 0
position = = (-0.7, -9.9, -0.7)
Boid Radius= 9.999999
Boid Frame=
 -0.99111	-0.07203	0.11188	-0.72033
0.07963	-0.99470	0.06497	-9.94705
-0.10661	-0.07330	-0.99160	-0.73304
0.00000	0.00000	0.00000	1.00000

boidNo = 1
boid Wall No = 1
position = = (-0.4, 10.0, -0.7)
Boid Radius= 10
Boid Frame=
 -0.48673	-0.04142	0.87257	-0.41424
0.03698	0.99700	0.06796	9.97003
0.87277	-0.06534	0.48374	-0.65343
0.00000	0.00000	0.00000	1.00000

boidNo = 2
boid Wall No = 1
position = = (1.2, 6.7, 7.4)
Boid Radius= 10
Boid Frame=
 0.90732	0.11577	0.40419	1.15774
-0.37265	0.66661	0.64557	6.66608
0.19470	0.73636	-0.64797	7.36363
0.00000	0.00000	0.00000	1.00000

boidNo = 3
boid Wall No = 0
position = = (9.3, -3.6, 1.1)
Boid Radius= 10
Boid Frame=
 -0.13901	0.92664	0.34930	9.26643
-0.59644	-0.35991	0.71744	-3.59914
-0.79053	0.10860	-0.60272	1.08603
0.00000	0.00000	0.00000	1.00000

boidNo = 4
boid Wall No = 0
position = = (0.1, -9.8, -2.0)
Boid Radius= 9.999999
Boid Frame=
 -0.67442	0.00914	0.73829	0.09142
0.13996	-0.98021	0.13999	-9.80211
-0.72496	-0.19774	-0.65979	-1.97742
0.00000	0.00000	0.00000	1.00000

boidNo = 5
boid Wall No = 0
position = = (6.9, -6.9, 2.1)
Boid Radius= 9.999999
Boid Frame=
 0.08309	0.69450	0.71467	6.94505
-0.21784	-0.68715	0.69309	-6.87152
-0.97244	0.21327	-0.09419	2.13273
0.00000	0.00000	0.00000	1.00000

boidNo = 6
boid Wall No = 0
position = = (-1.5, -9.6, -2.2)
Boid Radius= 10
Boid Frame=
 -0.98217	-0.15088	0.11215	-1.50884
0.17178	-0.96267	0.20920	-9.62668
-0.07640	-0.22473	-0.97142	-2.24730
0.00000	0.00000	0.00000	1.00000

boidNo = 7
boid Wall No = 0
position = = (-0.8, -9.9, -1.2)
Boid Radius= 10
Boid Frame=
 -0.96794	-0.08445	0.23657	-0.84455
0.11037	-0.98900	0.09850	-9.88998
-0.22565	-0.12145	-0.96661	-1.21453
0.00000	0.00000	0.00000	1.00000

boidNo = 8
boid Wall No = 1
position = = (3.5, 9.0, -2.4)
Boid Radius= 10
Boid Frame=
 -0.53085	0.35163	-0.77107	3.51631
-0.01907	0.90467	0.42568	9.04672
-0.84725	-0.24067	0.47354	-2.40674
0.00000	0.00000	0.00000	1.00000

boidNo = 9
boid Wall No = 1
position = = (-0.5, 8.3, 5.6)
Boid Radius= 10
Boid Frame=
 0.94534	-0.04519	0.32294	-0.45193
-0.14515	0.82851	0.54084	8.28508
0.29200	0.55815	-0.77666	5.58151
0.00000	0.00000	0.00000	1.00000

boidNo = 10
boid Wall No = 1
position = = (4.0, 3.4, -8.5)
Boid Radius= 10
Boid Frame=
 -0.57556	0.39719	-0.71483	3.97189
-0.63107	0.34020	0.69715	3.40204
-0.52009	-0.85235	-0.05485	-8.52351
0.00000	0.00000	0.00000	1.00000

boidNo = 11
boid Wall No = 1
position = = (-4.5, 2.6, 8.5)
Boid Radius= 9.999999
Boid Frame=
 0.55983	-0.45228	0.69429	-4.52279
-0.66357	0.25710	0.70255	2.57104
0.49625	0.85402	0.15618	8.54015
0.00000	0.00000	0.00000	1.00000

boidNo = 12
boid Wall No = 1
position = = (2.3, 9.7, 0.9)
Boid Radius= 10
Boid Frame=
 0.17242	0.22579	-0.95879	2.25794
0.05554	0.96960	0.23833	9.69596
-0.98346	0.09434	-0.15464	0.94342
0.00000	0.00000	0.00000	1.00000

boidNo = 13
boid Wall No = 1
position = = (2.0, 9.8, 0.6)
Boid Radius= 10
Boid Frame=
 -0.01919	0.19729	-0.98016	1.97290
0.06198	0.97869	0.19578	9.78688
-0.99789	0.05699	0.03101	0.56988
0.00000	0.00000	0.00000	1.00000

boidNo = 14
boid Wall No = 0
position = = (1.4, -9.9, 0.7)
Boid Radius= 10
Boid Frame=
 0.94597	0.13992	0.29251	1.39922
0.11181	-0.98753	0.11079	-9.87534
-0.30436	0.07210	0.94982	0.72097
0.00000	0.00000	0.00000	1.00000

