Iteration Num of Simuation:0
m_SimulationDeltaT of action plan:0
boidNo = 0
boid Wall No = 1
position = = (-0.5, 9.9, -1.2)
Boid Radius= 10
Boid Frame=
 -0.92450	-0.05471	-0.37724	-0.54705
-0.09500	0.99149	0.08904	9.91487
-0.36916	-0.11816	0.92182	-1.18157
0.00000	0.00000	0.00000	1.00000

boidNo = 1
boid Wall No = 1
position = = (-9.1, 4.0, -1.2)
Boid Radius= 10
Boid Frame=
 -0.36899	-0.90767	0.19993	-9.07674
-0.63441	0.40318	0.65953	4.03176
0.67924	-0.11652	0.72461	-1.16519
0.00000	0.00000	0.00000	1.00000

boidNo = 2
boid Wall No = 1
position = = (-3.7, 8.4, -4.0)
Boid Radius= 10
Boid Frame=
 -0.85441	-0.36937	0.36545	-3.69365
-0.13794	0.83933	0.52583	8.39331
0.50096	-0.39887	0.76808	-3.98865
0.00000	0.00000	0.00000	1.00000

boidNo = 3
boid Wall No = 0
position = = (4.9, -2.2, -8.5)
Boid Radius= 10
Boid Frame=
 -0.61393	0.48861	-0.61995	4.88612
-0.77356	-0.21611	0.59573	-2.16106
-0.15711	-0.84531	-0.51065	-8.45314
0.00000	0.00000	0.00000	1.00000

boidNo = 4
boid Wall No = 0
position = = (5.9, -4.8, -6.5)
Boid Radius= 10
Boid Frame=
 -0.79983	0.58799	-0.12060	5.87988
-0.46219	-0.47512	0.74876	-4.75119
-0.38296	-0.65462	-0.65177	-6.54623
0.00000	0.00000	0.00000	1.00000

boidNo = 5
boid Wall No = 1
position = = (-5.3, 8.3, -1.7)
Boid Radius= 9.999999
Boid Frame=
 -0.58014	-0.52718	0.62089	-5.27183
-0.20387	0.83201	0.51595	8.32008
0.78859	-0.17274	0.59016	-1.72745
0.00000	0.00000	0.00000	1.00000

boidNo = 6
boid Wall No = 0
position = = (-0.2, -9.8, -1.7)
Boid Radius= 10
Boid Frame=
 -0.94225	-0.02370	-0.33408	-0.23698
-0.03586	-0.98462	0.17097	-9.84623
0.33300	-0.17308	-0.92691	-1.73075
0.00000	0.00000	0.00000	1.00000

boidNo = 7
boid Wall No = 1
position = = (-3.3, 8.6, -4.0)
Boid Radius= 10
Boid Frame=
 -0.88597	-0.33208	0.32369	-3.32082
-0.13934	0.85638	0.49719	8.56380
0.44231	-0.39539	0.80500	-3.95391
0.00000	0.00000	0.00000	1.00000

boidNo = 8
boid Wall No = 0
position = = (6.3, -5.3, -5.8)
Boid Radius= 10
Boid Frame=
 -0.77967	0.62619	-0.00139	6.26185
-0.42323	-0.52534	0.73817	-5.25336
-0.46150	-0.57612	-0.67461	-5.76120
0.00000	0.00000	0.00000	1.00000

boidNo = 9
boid Wall No = 1
position = = (8.2, 0.0, -5.7)
Boid Radius= 10
Boid Frame=
 -0.33536	0.82271	-0.45901	8.22708
-0.80367	0.00439	0.59505	0.04395
-0.49157	-0.56845	-0.65972	-5.68447
0.00000	0.00000	0.00000	1.00000

boidNo = 10
boid Wall No = 0
position = = (-0.5, -8.8, -4.7)
Boid Radius= 10
Boid Frame=
 -0.97688	-0.04754	0.20846	-0.47539
0.13981	-0.87968	0.45455	-8.79681
-0.16177	-0.47318	-0.86598	-4.73183
0.00000	0.00000	0.00000	1.00000

boidNo = 11
boid Wall No = 1
position = = (1.0, 9.8, 1.4)
Boid Radius= 10
Boid Frame=
 0.93499	0.10300	-0.33938	1.02998
-0.04721	0.98453	0.16873	9.84532
-0.35151	0.14173	-0.92539	1.41735
0.00000	0.00000	0.00000	1.00000

boidNo = 12
boid Wall No = 0
position = = (-0.1, -9.9, -1.6)
Boid Radius= 9.999999
Boid Frame=
 -0.98459	-0.00611	-0.17476	-0.06108
-0.02209	-0.98704	0.15894	-9.87041
0.17346	-0.16035	-0.97170	-1.60353
0.00000	0.00000	0.00000	1.00000

boidNo = 13
boid Wall No = 1
position = = (-1.3, 9.3, 3.6)
Boid Radius= 10
Boid Frame=
 0.85598	-0.12614	0.50139	-1.26142
-0.07948	0.92615	0.36869	9.26147
0.51087	0.35544	-0.78273	3.55443
0.00000	0.00000	0.00000	1.00000

boidNo = 14
boid Wall No = 1
position = = (0.1, 7.5, 6.6)
Boid Radius= 10
Boid Frame=
 0.92743	0.01135	0.37381	0.11350
-0.25308	0.75495	0.60498	7.54952
0.27534	0.65568	-0.70304	6.55682
0.00000	0.00000	0.00000	1.00000

boidNo = 15
boid Wall No = 1
position = = (0.9, 9.8, -1.9)
Boid Radius= 10
Boid Frame=
 -0.88188	0.08521	-0.46372	0.85207
-0.01567	0.97770	0.20944	9.77696
-0.47122	-0.19197	0.86087	-1.91965
0.00000	0.00000	0.00000	1.00000

boidNo = 16
boid Wall No = 1
position = = (3.7, 7.6, 5.4)
Boid Radius= 10
Boid Frame=
 0.90360	0.36523	0.22387	3.65232
-0.42829	0.75891	0.49054	7.58909
-0.00926	0.53913	-0.84217	5.39132
0.00000	0.00000	0.00000	1.00000

boidNo = 17
boid Wall No = 1
position = = (-3.8, 8.2, 4.3)
Boid Radius= 10
Boid Frame=
 0.58764	-0.37639	0.71625	-3.76392
-0.15155	0.81834	0.55439	8.18343
0.79480	0.43433	-0.42385	4.34332
0.00000	0.00000	0.00000	1.00000

boidNo = 18
boid Wall No = 1
position = = (0.6, 8.8, 4.6)
Boid Radius= 10
Boid Frame=
 0.99524	0.05654	0.07942	0.56540
-0.08686	0.88413	0.45910	8.84128
0.04426	0.46381	-0.88483	4.63812
0.00000	0.00000	0.00000	1.00000

boidNo = 19
boid Wall No = 0
position = = (-4.3, -7.4, -5.2)
Boid Radius= 10
Boid Frame=
 -0.24115	-0.43484	-0.86762	-4.34844
-0.45725	-0.73765	0.49679	-7.37645
0.85602	-0.51652	0.02095	-5.16517
0.00000	0.00000	0.00000	1.00000

