Iteration Num of Simuation:0
m_SimulationDeltaT of action plan:0
boidNo = 0
boid Wall No = 0
position = = (-9.5, -2.3, 1.9)
Boid Radius= 10
Boid Frame=
 0.29668	-0.95384	-0.04649	-9.53844
-0.63080	-0.23228	0.74037	-2.32285
0.71699	0.19033	0.67060	1.90330
0.00000	0.00000	0.00000	1.00000

boidNo = 1
boid Wall No = 0
position = = (3.3, -8.8, 3.4)
Boid Radius= 10
Boid Frame=
 0.84475	0.32680	0.42379	3.26798
0.11287	-0.88288	0.45583	-8.82881
-0.52312	0.33723	0.78270	3.37230
0.00000	0.00000	0.00000	1.00000

boidNo = 2
boid Wall No = 0
position = = (-0.4, -8.9, 4.6)
Boid Radius= 10
Boid Frame=
 0.91755	-0.03668	-0.39592	-0.36683
0.15123	-0.88870	0.43282	-8.88703
0.36773	0.45701	0.80988	4.57013
0.00000	0.00000	0.00000	1.00000

boidNo = 3
boid Wall No = 0
position = = (-9.3, -3.5, -1.2)
Boid Radius= 9.999999
Boid Frame=
 0.12243	-0.92821	-0.35133	-9.28212
-0.58685	-0.35319	0.72861	-3.53186
0.80039	-0.11697	0.58796	-1.16971
0.00000	0.00000	0.00000	1.00000

boidNo = 4
boid Wall No = 0
position = = (1.6, -9.8, 0.8)
Boid Radius= 10
Boid Frame=
 0.92472	0.15697	0.34677	1.56970
0.11664	-0.98404	0.13440	-9.84038
-0.36233	0.08384	0.92827	0.83837
0.00000	0.00000	0.00000	1.00000

boidNo = 5
boid Wall No = 0
position = = (3.8, -7.5, -5.5)
Boid Radius= 10
Boid Frame=
 -0.87266	0.38077	0.30574	3.80770
-0.09532	-0.74688	0.65809	-7.46880
-0.47893	-0.54515	-0.68807	-5.45146
0.00000	0.00000	0.00000	1.00000

boidNo = 6
boid Wall No = 0
position = = (1.7, -9.5, -2.7)
Boid Radius= 10
Boid Frame=
 -0.45228	0.17386	0.87477	1.73855
0.16967	-0.94613	0.27576	-9.46135
-0.87559	-0.27314	-0.39842	-2.73137
0.00000	0.00000	0.00000	1.00000

boidNo = 7
boid Wall No = 0
position = = (-7.9, -6.1, 1.0)
Boid Radius= 10
Boid Frame=
 0.37604	-0.78558	-0.49139	-7.85576
-0.34649	-0.61105	0.71173	-6.11055
0.85938	0.09738	0.50197	0.97380
0.00000	0.00000	0.00000	1.00000

boidNo = 8
boid Wall No = 0
position = = (1.5, -7.6, 6.3)
Boid Radius= 10
Boid Frame=
 0.90657	0.14894	0.39489	1.48942
-0.14757	-0.76474	0.62721	-7.64741
-0.39541	0.62689	0.67132	6.26887
0.00000	0.00000	0.00000	1.00000

boidNo = 9
boid Wall No = 0
position = = (-6.5, -7.2, -2.4)
Boid Radius= 10
Boid Frame=
 -0.16893	-0.65073	-0.74028	-6.50734
-0.17288	-0.71986	0.67224	-7.19864
0.97035	-0.24154	-0.00910	-2.41541
0.00000	0.00000	0.00000	1.00000

boidNo = 10
boid Wall No = 1
position = = (-8.9, 2.2, 3.9)
Boid Radius= 10
Boid Frame=
 0.14859	-0.89456	0.42151	-8.94565
-0.67095	0.22193	0.70751	2.21929
0.72646	0.38795	0.56723	3.87945
0.00000	0.00000	0.00000	1.00000

boidNo = 11
boid Wall No = 0
position = = (-2.7, -1.1, 9.6)
Boid Radius= 10
Boid Frame=
 0.69586	-0.26932	0.66576	-2.69325
-0.70845	-0.10541	0.69784	-1.05412
0.11777	0.95726	0.26416	9.57263
0.00000	0.00000	0.00000	1.00000

boidNo = 12
boid Wall No = 1
position = = (-0.3, 10.0, -0.9)
Boid Radius= 10
Boid Frame=
 -0.80557	-0.02856	0.59181	-0.28563
0.03023	0.99555	0.08920	9.95555
0.59172	-0.08975	0.80113	-0.89748
0.00000	0.00000	0.00000	1.00000

boidNo = 13
boid Wall No = 0
position = = (-2.5, -9.4, -2.4)
Boid Radius= 10
Boid Frame=
 -0.91444	-0.24500	-0.32214	-2.45004
0.14322	-0.94034	0.30862	-9.40340
0.37853	-0.23608	-0.89497	-2.36078
0.00000	0.00000	0.00000	1.00000

boidNo = 14
boid Wall No = 1
position = = (0.3, 9.8, 2.1)
Boid Radius= 10
Boid Frame=
 0.89072	0.03049	-0.45352	0.30489
0.06897	0.97713	0.20114	9.77132
-0.44928	0.21044	-0.86825	2.10437
0.00000	0.00000	0.00000	1.00000

boidNo = 15
boid Wall No = 1
position = = (0.3, 9.1, 4.1)
Boid Radius= 10
Boid Frame=
 0.99880	0.02941	-0.03927	0.29410
-0.01056	0.91056	0.41323	9.10564
-0.04791	0.41232	-0.90978	4.12321
0.00000	0.00000	0.00000	1.00000

boidNo = 16
boid Wall No = 0
position = = (1.7, -9.7, 1.5)
Boid Radius= 10
Boid Frame=
 0.96125	0.16858	0.21814	1.68576
0.12924	-0.97447	0.18357	-9.74473
-0.24352	0.14827	0.95850	1.48269
0.00000	0.00000	0.00000	1.00000

boidNo = 17
boid Wall No = 0
position = = (-7.5, -5.9, -2.9)
Boid Radius= 10
Boid Frame=
 -0.12379	-0.75353	-0.64566	-7.53528
-0.30451	-0.59042	0.74745	-5.90420
0.94443	-0.28914	0.15637	-2.89136
0.00000	0.00000	0.00000	1.00000

boidNo = 18
boid Wall No = 0
position = = (2.3, -9.5, -2.1)
Boid Radius= 10
Boid Frame=
 -0.17218	0.22772	0.95838	2.27723
0.17208	-0.95100	0.25689	-9.50998
-0.96992	-0.20915	-0.12456	-2.09152
0.00000	0.00000	0.00000	1.00000

boidNo = 19
boid Wall No = 0
position = = (5.1, -5.5, -6.6)
Boid Radius= 10
Boid Frame=
 -0.84204	0.50965	-0.17672	5.09653
-0.47761	-0.55212	0.68341	-5.52120
-0.25073	-0.65986	-0.70832	-6.59862
0.00000	0.00000	0.00000	1.00000

boidNo = 20
boid Wall No = 0
position = = (-2.8, -0.9, -9.6)
Boid Radius= 10
Boid Frame=
 -0.64014	-0.27769	-0.71631	-2.77694
-0.72523	-0.08924	0.68270	-0.89245
0.25351	-0.95652	0.14426	-9.56515
0.00000	0.00000	0.00000	1.00000

boidNo = 21
boid Wall No = 0
position = = (-7.5, -4.0, -5.3)
Boid Radius= 10
Boid Frame=
 -0.22673	-0.75138	-0.61969	-7.51382
-0.59116	-0.39949	0.70067	-3.99489
0.77403	-0.52520	0.35361	-5.25199
0.00000	0.00000	0.00000	1.00000

boidNo = 22
boid Wall No = 0
position = = (-0.4, -2.7, 9.6)
Boid Radius= 10
Boid Frame=
 0.77615	-0.03755	0.62942	-0.37553
-0.61369	-0.27423	0.74039	-2.74234
-0.14481	0.96093	0.23589	9.60930
0.00000	0.00000	0.00000	1.00000

boidNo = 23
boid Wall No = 1
position = = (9.0, 1.8, 4.0)
Boid Radius= 10
Boid Frame=
 0.39899	0.89934	0.17885	8.99344
-0.71020	0.17972	0.68067	1.79719
-0.58001	0.39860	-0.71042	3.98600
0.00000	0.00000	0.00000	1.00000

boidNo = 24
boid Wall No = 1
position = = (8.5, 2.6, -4.5)
Boid Radius= 10
Boid Frame=
 -0.19065	0.85476	-0.48273	8.54763
-0.64049	0.26435	0.72103	2.64346
-0.74392	-0.44666	-0.49707	-4.46656
0.00000	0.00000	0.00000	1.00000

boidNo = 25
boid Wall No = 0
position = = (-1.9, -8.2, -5.4)
Boid Radius= 10
Boid Frame=
 -0.96087	-0.18883	-0.20268	-1.88834
0.04030	-0.81916	0.57215	-8.19156
0.27406	-0.54160	-0.79471	-5.41596
0.00000	0.00000	0.00000	1.00000

boidNo = 26
boid Wall No = 1
position = = (-3.0, 8.3, -4.7)
Boid Radius= 10
Boid Frame=
 -0.92965	-0.29683	0.21826	-2.96826
-0.13931	0.83161	0.53760	8.31613
0.34108	-0.46938	0.81446	-4.69377
0.00000	0.00000	0.00000	1.00000

boidNo = 27
boid Wall No = 0
position = = (3.9, -8.7, -3.0)
Boid Radius= 10
Boid Frame=
 -0.44789	0.39005	0.80452	3.90051
0.10786	-0.86968	0.48169	-8.69677
-0.88756	-0.30252	-0.34745	-3.02525
0.00000	0.00000	0.00000	1.00000

boidNo = 28
boid Wall No = 0
position = = (-0.2, -4.7, 8.8)
Boid Radius= 10
Boid Frame=
 0.85027	-0.02346	0.52582	-0.23458
-0.47276	-0.47322	0.74335	-4.73221
-0.23139	0.88063	0.41346	8.80631
0.00000	0.00000	0.00000	1.00000

boidNo = 29
boid Wall No = 0
position = = (-0.9, -9.8, -1.5)
Boid Radius= 9.999999
Boid Frame=
 -0.93299	-0.08576	0.34953	-0.85757
0.13256	-0.98480	0.11221	-9.84804
-0.33460	-0.15102	-0.93018	-1.51022
0.00000	0.00000	0.00000	1.00000

boidNo = 30
boid Wall No = 1
position = = (-1.6, 9.7, 1.8)
Boid Radius= 10
Boid Frame=
 0.89263	-0.16157	0.42084	-1.61568
0.06752	0.97095	0.22956	9.70951
0.44571	0.17649	-0.87761	1.76494
0.00000	0.00000	0.00000	1.00000

boidNo = 31
boid Wall No = 1
position = = (3.8, 9.2, -0.5)
Boid Radius= 10
Boid Frame=
 -0.16934	0.37780	-0.91027	3.77799
0.01118	0.92429	0.38154	9.24286
-0.98549	-0.05443	0.16074	-0.54431
0.00000	0.00000	0.00000	1.00000

boidNo = 32
boid Wall No = 0
position = = (7.7, -0.3, -6.4)
Boid Radius= 10
Boid Frame=
 -0.35118	0.76978	-0.53303	7.69775
-0.85537	-0.03222	0.51702	-0.32222
-0.38081	-0.63750	-0.66976	-6.37501
0.00000	0.00000	0.00000	1.00000

boidNo = 33
boid Wall No = 0
position = = (-8.1, -5.7, 1.4)
Boid Radius= 10
Boid Frame=
 0.42504	-0.81009	-0.40386	-8.10085
-0.40292	-0.56885	0.71698	-5.68850
0.81055	0.14203	0.56818	1.42026
0.00000	0.00000	0.00000	1.00000

boidNo = 34
boid Wall No = 0
position = = (-1.7, -9.8, 0.8)
Boid Radius= 10
Boid Frame=
 -0.02995	-0.16840	-0.98526	-1.68398
0.08643	-0.98245	0.16529	-9.82451
0.99581	0.08020	-0.04398	0.80204
0.00000	0.00000	0.00000	1.00000

boidNo = 35
boid Wall No = 1
position = = (1.2, 2.5, -9.6)
Boid Radius= 10
Boid Frame=
 -0.67554	0.12155	-0.72724	1.21553
-0.68739	0.25297	0.68081	2.52970
-0.26672	-0.95981	0.08734	-9.59808
0.00000	0.00000	0.00000	1.00000

boidNo = 36
boid Wall No = 0
position = = (0.4, -10.0, 0.0)
Boid Radius= 10
Boid Frame=
 0.04432	0.03817	0.99829	0.38166
0.00168	-0.99927	0.03813	-9.99271
-0.99902	0.00002	0.04435	0.00017
0.00000	0.00000	0.00000	1.00000

boidNo = 37
boid Wall No = 0
position = = (-6.6, -0.1, -7.5)
Boid Radius= 10
Boid Frame=
 -0.54051	-0.66348	-0.51734	-6.63481
-0.68215	-0.01433	0.73108	-0.14325
0.49247	-0.74806	0.44485	-7.48056
0.00000	0.00000	0.00000	1.00000

boidNo = 38
boid Wall No = 1
position = = (4.2, 8.7, 2.6)
Boid Radius= 10
Boid Frame=
 0.64546	0.42050	-0.63762	4.20500
-0.08328	0.86858	0.48851	8.68576
-0.75924	0.26221	-0.59565	2.62213
0.00000	0.00000	0.00000	1.00000

boidNo = 39
boid Wall No = 1
position = = (2.4, 9.1, 3.4)
Boid Radius= 10
Boid Frame=
 0.83560	0.23872	-0.49477	2.38718
-0.01331	0.90918	0.41618	9.09184
-0.54918	0.34117	-0.76289	3.41173
0.00000	0.00000	0.00000	1.00000

boidNo = 40
boid Wall No = 1
position = = (-5.5, 5.4, -6.4)
Boid Radius= 10
Boid Frame=
 -0.81930	-0.54673	-0.17269	-5.46735
-0.50310	0.54106	0.67390	5.41064
0.27501	-0.63901	0.71836	-6.39008
0.00000	0.00000	0.00000	1.00000

boidNo = 41
boid Wall No = 0
position = = (-4.0, -9.1, 0.3)
Boid Radius= 10
Boid Frame=
 -0.32523	-0.40499	-0.85452	-4.04990
0.17268	-0.91389	0.36741	-9.13891
0.92973	0.02807	-0.36716	0.28065
0.00000	0.00000	0.00000	1.00000

boidNo = 42
boid Wall No = 0
position = = (-6.0, -6.1, -5.2)
Boid Radius= 10
Boid Frame=
 -0.35317	-0.59749	-0.71992	-5.97488
-0.38163	-0.61056	0.69395	-6.10564
0.85418	-0.51983	0.01239	-5.19828
0.00000	0.00000	0.00000	1.00000

boidNo = 43
boid Wall No = 0
position = = (1.5, -9.9, 0.2)
Boid Radius= 10
Boid Frame=
 0.65750	0.14669	0.73903	1.46694
0.08480	-0.98904	0.12087	-9.89039
-0.74867	0.01681	0.66274	0.16805
0.00000	0.00000	0.00000	1.00000

boidNo = 44
boid Wall No = 0
position = = (6.9, -7.0, 2.0)
Boid Radius= 9.999999
Boid Frame=
 0.05707	0.69122	0.72039	6.91220
-0.21745	-0.69563	0.68470	-6.95634
-0.97440	0.19573	-0.11061	1.95726
0.00000	0.00000	0.00000	1.00000

