Iteration Num of Simuation:0
m_SimulationDeltaT of action plan:0
boidNo = 0
boid Wall No = 1
position = = (-6.7, 0.3, 7.4)
Boid Radius= 10
Boid Frame=
 0.53894	-0.66721	0.51416	-6.67214
-0.66688	0.03493	0.74435	0.34934
0.51460	0.74405	0.42612	7.44046
0.00000	0.00000	0.00000	1.00000

boidNo = 1
boid Wall No = 0
position = = (-7.7, -5.7, -3.0)
Boid Radius= 10
Boid Frame=
 -0.05875	-0.76572	-0.64049	-7.65718
-0.40934	-0.56670	0.71505	-5.66698
0.91049	-0.30419	0.28014	-3.04187
0.00000	0.00000	0.00000	1.00000

boidNo = 2
boid Wall No = 1
position = = (-3.1, 8.4, -4.4)
Boid Radius= 10
Boid Frame=
 -0.90706	-0.31070	0.28408	-3.10700
-0.12347	0.84144	0.52605	8.41443
0.40248	-0.44209	0.80161	-4.42085
0.00000	0.00000	0.00000	1.00000

boidNo = 3
boid Wall No = 1
position = = (5.6, 7.9, -2.4)
Boid Radius= 10
Boid Frame=
 -0.15327	0.55752	-0.81590	5.57516
-0.18625	0.79455	0.57792	7.94555
-0.97047	-0.24054	0.01794	-2.40539
0.00000	0.00000	0.00000	1.00000

boidNo = 4
boid Wall No = 0
position = = (-1.3, -8.8, -4.7)
Boid Radius= 10
Boid Frame=
 -0.99112	-0.12808	-0.03559	-1.28084
0.09616	-0.87560	0.47337	-8.75598
0.09179	-0.46575	-0.88014	-4.65750
0.00000	0.00000	0.00000	1.00000

boidNo = 5
boid Wall No = 0
position = = (-1.2, -9.9, -0.7)
Boid Radius= 10
Boid Frame=
 -0.70824	-0.12118	-0.69550	-1.21185
0.03677	-0.99015	0.13508	-9.90152
0.70502	-0.07009	-0.70572	-0.70091
0.00000	0.00000	0.00000	1.00000

boidNo = 6
boid Wall No = 1
position = = (3.1, 9.5, 0.2)
Boid Radius= 10
Boid Frame=
 -0.04843	0.31292	-0.94854	3.12917
0.03495	0.94961	0.31148	9.49609
-0.99822	0.01806	0.05693	0.18062
0.00000	0.00000	0.00000	1.00000

boidNo = 7
boid Wall No = 0
position = = (-1.0, -1.5, -9.8)
Boid Radius= 10
Boid Frame=
 -0.68780	-0.09603	-0.71952	-0.96033
-0.70535	-0.14577	0.69371	-1.45769
0.17150	-0.98465	-0.03252	-9.84647
0.00000	0.00000	0.00000	1.00000

boidNo = 8
boid Wall No = 0
position = = (6.0, -3.9, -7.0)
Boid Radius= 10
Boid Frame=
 -0.75446	0.60102	-0.26375	6.01022
-0.56620	-0.39272	0.72470	-3.92723
-0.33198	-0.69609	-0.63659	-6.96091
0.00000	0.00000	0.00000	1.00000

boidNo = 9
boid Wall No = 0
position = = (9.5, -0.5, 3.1)
Boid Radius= 9.999999
Boid Frame=
 0.20898	0.95037	0.23050	9.50367
-0.63302	-0.04820	0.77264	-0.48203
-0.74540	0.30737	-0.59153	3.07375
0.00000	0.00000	0.00000	1.00000

boidNo = 10
boid Wall No = 0
position = = (-1.7, -6.3, -7.6)
Boid Radius= 10
Boid Frame=
 -0.83793	-0.16892	-0.51897	-1.68924
-0.31350	-0.62939	0.71105	-6.29386
0.44675	-0.75851	-0.47443	-7.58511
0.00000	0.00000	0.00000	1.00000

boidNo = 11
boid Wall No = 0
position = = (8.3, -4.9, 2.7)
Boid Radius= 9.999999
Boid Frame=
 -0.21605	0.82710	0.51887	8.27098
-0.72395	-0.49229	0.48327	-4.92287
-0.65515	0.27122	-0.70514	2.71224
0.00000	0.00000	0.00000	1.00000

boidNo = 12
boid Wall No = 1
position = = (0.7, 9.6, 2.7)
Boid Radius= 10
Boid Frame=
 0.89513	0.06931	-0.44039	0.69308
0.05836	0.96112	0.26988	9.61124
-0.44197	0.26728	-0.85628	2.67276
0.00000	0.00000	0.00000	1.00000

boidNo = 13
boid Wall No = 0
position = = (-8.2, -4.9, -3.1)
Boid Radius= 9.999999
Boid Frame=
 -0.05328	-0.81539	-0.57645	-8.15392
-0.47602	-0.48672	0.73247	-4.86719
0.87782	-0.31343	0.36221	-3.13433
0.00000	0.00000	0.00000	1.00000

boidNo = 14
boid Wall No = 1
position = = (-2.4, 8.9, 3.9)
Boid Radius= 9.999999
Boid Frame=
 0.79484	-0.24163	0.55664	-2.41628
-0.05207	0.88677	0.45928	8.86766
0.60458	0.39403	-0.69226	3.94034
0.00000	0.00000	0.00000	1.00000

