Iteration Num of Simuation:0
m_SimulationDeltaT of action plan:0
boidNo = 0
boid Wall No = 1
position = = (9.1, 3.6, 2.1)
Boid Radius= 10
Boid Frame=
 0.40027	0.91032	-0.10534	9.10325
-0.62796	0.35618	0.69196	3.56181
-0.66743	0.21082	-0.71421	2.10818
0.00000	0.00000	0.00000	1.00000

boidNo = 1
boid Wall No = 1
position = = (-1.7, 8.1, 5.5)
Boid Radius= 10
Boid Frame=
 0.85365	-0.17167	0.49174	-1.71675
-0.15750	0.81483	0.55789	8.14834
0.49646	0.55369	-0.66855	5.53691
0.00000	0.00000	0.00000	1.00000

boidNo = 2
boid Wall No = 0
position = = (-1.6, -9.8, 1.5)
Boid Radius= 10
Boid Frame=
 0.55161	-0.16203	-0.81822	-1.62027
0.03768	-0.97511	0.21850	-9.75110
0.83325	0.15135	0.53177	1.51351
0.00000	0.00000	0.00000	1.00000

boidNo = 3
boid Wall No = 1
position = = (0.5, 9.9, -1.4)
Boid Radius= 10
Boid Frame=
 -0.99718	0.05318	0.05298	0.53176
0.06005	0.98861	0.13798	9.88613
0.04504	-0.14077	0.98902	-1.40774
0.00000	0.00000	0.00000	1.00000

boidNo = 4
boid Wall No = 1
position = = (-8.2, 5.7, -0.4)
Boid Radius= 10
Boid Frame=
 -0.47742	-0.81806	0.32071	-8.18056
-0.64125	0.57391	0.50933	5.73915
0.60072	-0.03751	0.79858	-0.37507
0.00000	0.00000	0.00000	1.00000

boidNo = 5
boid Wall No = 0
position = = (-2.9, -1.0, -9.5)
Boid Radius= 10
Boid Frame=
 -0.60556	-0.28824	-0.74176	-2.88243
-0.75066	-0.10255	0.65268	-1.02555
0.26420	-0.95205	0.15427	-9.52050
0.00000	0.00000	0.00000	1.00000

boidNo = 6
boid Wall No = 1
position = = (-1.9, 8.9, 4.2)
Boid Radius= 10
Boid Frame=
 0.86229	-0.18938	0.46967	-1.89380
-0.05245	0.88906	0.45478	8.89059
0.50369	0.41678	-0.75670	4.16785
0.00000	0.00000	0.00000	1.00000

boidNo = 7
boid Wall No = 1
position = = (0.7, 9.9, 1.0)
Boid Radius= 10
Boid Frame=
 0.47559	0.06843	-0.87700	0.68433
0.05869	0.99228	0.10925	9.92280
-0.87771	0.10343	-0.46790	1.03428
0.00000	0.00000	0.00000	1.00000

boidNo = 8
boid Wall No = 1
position = = (-1.4, 7.8, -6.1)
Boid Radius= 10
Boid Frame=
 -0.97664	-0.14184	-0.16143	-1.41840
-0.21051	0.78245	0.58605	7.82453
-0.04319	-0.60634	0.79403	-6.06341
0.00000	0.00000	0.00000	1.00000

boidNo = 9
boid Wall No = 0
position = = (-0.1, -8.1, 5.8)
Boid Radius= 10
Boid Frame=
 0.99856	-0.00539	-0.05334	-0.05386
0.02656	-0.81456	0.57947	-8.14562
0.04657	0.58005	0.81325	5.80052
0.00000	0.00000	0.00000	1.00000

boidNo = 10
boid Wall No = 0
position = = (-4.9, -8.4, 2.4)
Boid Radius= 9.999999
Boid Frame=
 0.34117	-0.48789	-0.80347	-4.87889
0.06721	-0.83991	0.53855	-8.39907
0.93760	0.23774	0.25376	2.37741
0.00000	0.00000	0.00000	1.00000

boidNo = 11
boid Wall No = 1
position = = (-4.2, 6.9, -5.9)
Boid Radius= 10
Boid Frame=
 -0.90538	-0.42254	-0.04174	-4.22538
-0.34954	0.68594	0.63821	6.85936
0.24104	-0.59241	0.76873	-5.92414
0.00000	0.00000	0.00000	1.00000

boidNo = 12
boid Wall No = 1
position = = (7.1, 3.9, -5.9)
Boid Radius= 10
Boid Frame=
 -0.31015	0.70598	-0.63671	7.05977
-0.58043	0.38981	0.71495	3.89809
-0.75293	-0.59131	-0.28887	-5.91308
0.00000	0.00000	0.00000	1.00000

boidNo = 13
boid Wall No = 1
position = = (8.1, 3.7, -4.6)
Boid Radius= 10
Boid Frame=
 -0.15374	0.80853	-0.56801	8.08532
-0.61344	0.37255	0.69634	3.72553
-0.77463	-0.45550	-0.43871	-4.55499
0.00000	0.00000	0.00000	1.00000

boidNo = 14
boid Wall No = 0
position = = (0.3, -10.0, -0.2)
Boid Radius= 10
Boid Frame=
 0.24059	0.02521	0.97030	0.25210
0.02498	-0.99949	0.01978	-9.99493
-0.97031	-0.01948	0.24110	-0.19476
0.00000	0.00000	0.00000	1.00000

