Iteration Num of Simuation:0
m_SimulationDeltaT of action plan:0
boidNo = 0
boid Wall No = 1
position = = (-8.4, 1.5, 5.2)
Boid Radius= 10
Boid Frame=
 0.29476	-0.83790	0.45940	-8.37898
-0.68208	0.15221	0.71526	1.52214
0.66924	0.52417	0.52665	5.24174
0.00000	0.00000	0.00000	1.00000

boidNo = 1
boid Wall No = 1
position = = (5.3, 3.5, -7.7)
Boid Radius= 10
Boid Frame=
 -0.48081	0.53446	-0.69511	5.34463
-0.62397	0.34841	0.69948	3.48408
-0.61603	-0.77004	-0.16597	-7.70040
0.00000	0.00000	0.00000	1.00000

boidNo = 2
boid Wall No = 0
position = = (-7.4, -4.6, -4.9)
Boid Radius= 10
Boid Frame=
 -0.26335	-0.74426	-0.61378	-7.44261
-0.46795	-0.45782	0.75593	-4.57820
0.84361	-0.48629	0.22771	-4.86288
0.00000	0.00000	0.00000	1.00000

boidNo = 3
boid Wall No = 1
position = = (6.0, 7.8, -1.8)
Boid Radius= 10
Boid Frame=
 0.02390	0.59829	-0.80092	5.98295
-0.23840	0.78145	0.57663	7.81447
-0.97087	-0.17715	-0.16131	-1.77154
0.00000	0.00000	0.00000	1.00000

boidNo = 4
boid Wall No = 1
position = = (1.1, 9.9, 0.8)
Boid Radius= 9.999999
Boid Frame=
 0.39608	0.10521	-0.91217	1.05207
0.03280	0.99116	0.12856	9.91159
-0.91763	0.08084	-0.38913	0.80842
0.00000	0.00000	0.00000	1.00000

boidNo = 5
boid Wall No = 0
position = = (-1.9, -9.5, -2.6)
Boid Radius= 10
Boid Frame=
 -0.98109	-0.18908	-0.04146	-1.89081
0.17093	-0.94674	0.27290	-9.46736
0.09085	-0.26065	-0.96115	-2.60651
0.00000	0.00000	0.00000	1.00000

boidNo = 6
boid Wall No = 0
position = = (-0.2, -10.0, -0.1)
Boid Radius= 10
Boid Frame=
 -0.62099	-0.02130	-0.78353	-0.21296
0.00184	-0.99967	0.02571	-9.99668
0.78381	-0.01452	-0.62083	-0.14521
0.00000	0.00000	0.00000	1.00000

boidNo = 7
boid Wall No = 0
position = = (-0.1, -10.0, 0.0)
Boid Radius= 10
Boid Frame=
 -0.02501	-0.00784	-0.99966	-0.07839
-0.00105	-0.99997	0.00787	-9.99969
0.99969	-0.00125	-0.02500	-0.01251
0.00000	0.00000	0.00000	1.00000

boidNo = 8
boid Wall No = 1
position = = (0.3, 0.5, -10.0)
Boid Radius= 10
Boid Frame=
 -0.68446	0.02756	-0.72853	0.27562
-0.72680	0.05258	0.68483	0.52582
-0.05718	-0.99824	0.01596	-9.98236
0.00000	0.00000	0.00000	1.00000

boidNo = 9
boid Wall No = 0
position = = (-5.0, -8.5, -1.8)
Boid Radius= 10
Boid Frame=
 -0.46564	-0.50021	-0.73005	-5.00214
0.09240	-0.84790	0.52203	-8.47905
0.88014	-0.17562	-0.44103	-1.75623
0.00000	0.00000	0.00000	1.00000

boidNo = 10
boid Wall No = 0
position = = (-1.0, -9.9, 1.1)
Boid Radius= 10
Boid Frame=
 0.25345	-0.10197	-0.96196	-1.01974
0.07763	-0.98908	0.12530	-9.89077
0.96423	0.10643	0.24277	1.06430
0.00000	0.00000	0.00000	1.00000

boidNo = 11
boid Wall No = 0
position = = (0.9, -10.0, 0.0)
Boid Radius= 10
Boid Frame=
 0.21152	0.09253	0.97298	0.92531
0.02369	-0.99570	0.08954	-9.95701
-0.97709	-0.00411	0.21281	-0.04111
0.00000	0.00000	0.00000	1.00000

boidNo = 12
boid Wall No = 1
position = = (4.4, 8.9, 1.4)
Boid Radius= 10
Boid Frame=
 0.39882	0.44407	-0.80234	4.44073
-0.05943	0.88561	0.46062	8.85605
-0.91510	0.13603	-0.37958	1.36025
0.00000	0.00000	0.00000	1.00000

boidNo = 13
boid Wall No = 0
position = = (4.5, -2.1, -8.7)
Boid Radius= 9.999999
Boid Frame=
 -0.74475	0.45160	-0.49133	4.51601
-0.62448	-0.21200	0.75172	-2.11997
-0.23532	-0.86667	-0.43990	-8.66668
0.00000	0.00000	0.00000	1.00000

boidNo = 14
boid Wall No = 0
position = = (-1.5, -5.9, -7.9)
Boid Radius= 10
Boid Frame=
 -0.83631	-0.14875	-0.52770	-1.48752
-0.35339	-0.58962	0.72627	-5.89623
0.41918	-0.79386	-0.44054	-7.93863
0.00000	0.00000	0.00000	1.00000

