Iteration Num of Simuation:0
m_SimulationDeltaT of action plan:0
boidNo = 0
boid Wall No = 0
position = = (7.9, -4.8, -3.8)
Boid Radius= 10
Boid Frame=
 -0.61116	0.78905	0.06232	7.89052
-0.55439	-0.48294	0.67781	-4.82937
-0.56492	-0.37970	-0.73259	-3.79695
0.00000	0.00000	0.00000	1.00000

boidNo = 1
boid Wall No = 0
position = = (5.3, -8.0, -2.6)
Boid Radius= 10
Boid Frame=
 -0.42759	0.53440	0.72910	5.34400
0.00791	-0.80430	0.59416	-8.04305
-0.90394	-0.25983	-0.33968	-2.59829
0.00000	0.00000	0.00000	1.00000

boidNo = 2
boid Wall No = 0
position = = (-2.4, -9.3, 2.8)
Boid Radius= 10
Boid Frame=
 0.38659	-0.23732	-0.89119	-2.37323
0.17349	-0.93036	0.32301	-9.30356
0.90578	0.27949	0.31850	2.79491
0.00000	0.00000	0.00000	1.00000

boidNo = 3
boid Wall No = 1
position = = (2.9, 9.1, -2.8)
Boid Radius= 10
Boid Frame=
 -0.65552	0.29338	-0.69586	2.93379
-0.02490	0.91255	0.40820	9.12554
-0.75477	-0.28491	0.59089	-2.84911
0.00000	0.00000	0.00000	1.00000

boidNo = 4
boid Wall No = 0
position = = (-5.7, -3.6, 7.4)
Boid Radius= 10
Boid Frame=
 0.75028	-0.56932	0.33607	-5.69322
-0.59554	-0.36129	0.71750	-3.61290
0.28707	0.73847	0.61012	7.38473
0.00000	0.00000	0.00000	1.00000

boidNo = 5
boid Wall No = 1
position = = (2.0, 4.7, -8.6)
Boid Radius= 10
Boid Frame=
 -0.68712	0.19922	-0.69870	1.99221
-0.55884	0.46962	0.68348	4.69623
-0.46429	-0.86010	0.21135	-8.60096
0.00000	0.00000	0.00000	1.00000

boidNo = 6
boid Wall No = 0
position = = (-0.3, -10.0, -0.6)
Boid Radius= 10
Boid Frame=
 -0.97160	-0.02579	-0.23523	-0.25792
0.01132	-0.99797	0.06268	-9.97969
0.23637	-0.05824	-0.96992	-0.58241
0.00000	0.00000	0.00000	1.00000

boidNo = 7
boid Wall No = 1
position = = (2.9, 5.5, -7.8)
Boid Radius= 9.999999
Boid Frame=
 -0.63228	0.29331	-0.71707	2.93311
-0.49874	0.55417	0.66645	5.54174
-0.59286	-0.77901	0.20411	-7.79013
0.00000	0.00000	0.00000	1.00000

boidNo = 8
boid Wall No = 0
position = = (1.4, -5.9, -8.0)
Boid Radius= 10
Boid Frame=
 -0.93622	0.13768	-0.32331	1.37675
-0.33982	-0.58899	0.73322	-5.88993
0.08948	-0.79632	-0.59821	-7.96325
0.00000	0.00000	0.00000	1.00000

boidNo = 9
boid Wall No = 0
position = = (-5.9, -7.9, -1.8)
Boid Radius= 10
Boid Frame=
 -0.25724	-0.58782	-0.76700	-5.87820
-0.02944	-0.78858	0.61423	-7.88578
0.96590	-0.18059	-0.18555	-1.80587
0.00000	0.00000	0.00000	1.00000

boidNo = 10
boid Wall No = 0
position = = (5.1, -7.6, 4.0)
Boid Radius= 10
Boid Frame=
 0.51688	0.51303	0.68530	5.13033
-0.09820	-0.75971	0.64281	-7.59709
-0.85041	0.39955	0.34229	3.99550
0.00000	0.00000	0.00000	1.00000

boidNo = 11
boid Wall No = 0
position = = (-7.0, -2.4, 6.7)
Boid Radius= 10
Boid Frame=
 0.56728	-0.70127	0.43175	-7.01271
-0.75999	-0.24387	0.60245	-2.43873
0.31719	0.66988	0.67130	6.69884
0.00000	0.00000	0.00000	1.00000

boidNo = 12
boid Wall No = 0
position = = (-8.5, -4.9, 1.6)
Boid Radius= 10
Boid Frame=
 0.43010	-0.85442	-0.29151	-8.54421
-0.49634	-0.49352	0.71421	-4.93518
0.75410	0.16249	0.63634	1.62494
0.00000	0.00000	0.00000	1.00000

boidNo = 13
boid Wall No = 1
position = = (-5.3, 5.0, 6.8)
Boid Radius= 10
Boid Frame=
 0.47285	-0.53333	0.70141	-5.33328
-0.49594	0.49688	0.71215	4.96879
0.72832	0.68460	0.02955	6.84597
0.00000	0.00000	0.00000	1.00000

boidNo = 14
boid Wall No = 0
position = = (-1.6, -9.8, 0.6)
Boid Radius= 10
Boid Frame=
 -0.51349	-0.16249	-0.84257	-1.62491
0.13492	-0.98498	0.10773	-9.84983
0.84742	0.05836	-0.52770	0.58360
0.00000	0.00000	0.00000	1.00000

