Iteration Num of Simuation:0
m_SimulationDeltaT of action plan:0
boidNo = 0
boid Wall No = 0
position = = (-1.9, -9.8, -0.9)
Boid Radius= 10
Boid Frame=
 -0.90968	-0.18956	-0.36953	-1.89564
0.13840	-0.97727	0.16061	-9.77266
0.39158	-0.09496	-0.91523	-0.94960
0.00000	0.00000	0.00000	1.00000

boidNo = 1
boid Wall No = 1
position = = (0.8, 9.9, 1.4)
Boid Radius= 10
Boid Frame=
 0.67197	0.07635	-0.73663	0.76348
0.05229	0.98730	0.15003	9.87298
-0.73873	0.13933	-0.65944	1.39334
0.00000	0.00000	0.00000	1.00000

boidNo = 2
boid Wall No = 0
position = = (8.0, -0.8, 5.9)
Boid Radius= 10
Boid Frame=
 0.39687	0.80268	0.44518	8.02684
-0.67155	-0.07670	0.73698	-0.76703
-0.62571	0.59145	-0.50860	5.91452
0.00000	0.00000	0.00000	1.00000

boidNo = 3
boid Wall No = 1
position = = (9.2, 1.0, -3.9)
Boid Radius= 10
Boid Frame=
 -0.20246	0.91690	-0.34395	9.16903
-0.71899	0.09929	0.68790	0.99289
-0.66488	-0.38656	-0.63914	-3.86563
0.00000	0.00000	0.00000	1.00000

boidNo = 4
boid Wall No = 0
position = = (-5.6, -2.6, 7.9)
Boid Radius= 9.999999
Boid Frame=
 0.67713	-0.55599	0.48205	-5.55990
-0.69274	-0.26068	0.67242	-2.60675
0.24820	0.78926	0.56167	7.89255
0.00000	0.00000	0.00000	1.00000

boidNo = 5
boid Wall No = 0
position = = (-3.3, -6.3, 7.1)
Boid Radius= 10
Boid Frame=
 0.93740	-0.32955	0.11257	-3.29547
-0.30605	-0.62536	0.71782	-6.25358
0.16616	0.70734	0.68707	7.07338
0.00000	0.00000	0.00000	1.00000

boidNo = 6
boid Wall No = 1
position = = (2.0, 9.0, 3.8)
Boid Radius= 10
Boid Frame=
 0.90933	0.19977	-0.36498	1.99769
-0.02635	0.90309	0.42865	9.03087
-0.41524	0.38017	-0.82647	3.80167
0.00000	0.00000	0.00000	1.00000

boidNo = 7
boid Wall No = 0
position = = (-3.4, -8.6, -3.8)
Boid Radius= 10
Boid Frame=
 -0.85333	-0.33926	-0.39588	-3.39260
0.10950	-0.85901	0.50012	-8.59006
0.50974	-0.38342	-0.77017	-3.83422
0.00000	0.00000	0.00000	1.00000

boidNo = 8
boid Wall No = 0
position = = (1.1, -1.5, 9.8)
Boid Radius= 10
Boid Frame=
 0.70114	0.11161	0.70423	1.11606
-0.68808	-0.15304	0.70931	-1.53035
-0.18694	0.98190	0.03051	9.81898
0.00000	0.00000	0.00000	1.00000

boidNo = 9
boid Wall No = 0
position = = (1.7, -8.2, 5.4)
Boid Radius= 10
Boid Frame=
 0.97231	0.16759	0.16289	1.67594
0.04681	-0.82251	0.56683	-8.22507
-0.22897	0.54350	0.80757	5.43502
0.00000	0.00000	0.00000	1.00000

boidNo = 10
boid Wall No = 0
position = = (-8.3, -1.9, 5.2)
Boid Radius= 10
Boid Frame=
 0.52131	-0.83361	0.18254	-8.33615
-0.57780	-0.18739	0.79438	-1.87392
0.62800	0.51959	0.57935	5.19588
0.00000	0.00000	0.00000	1.00000

boidNo = 11
boid Wall No = 1
position = = (7.6, 3.5, 5.5)
Boid Radius= 10
Boid Frame=
 0.63014	0.75502	0.18129	7.55020
-0.62350	0.35285	0.69767	3.52853
-0.46278	0.55267	-0.69310	5.52665
0.00000	0.00000	0.00000	1.00000

boidNo = 12
boid Wall No = 1
position = = (-6.2, 7.2, -3.2)
Boid Radius= 10
Boid Frame=
 -0.68066	-0.62022	0.38992	-6.20217
-0.29128	0.71748	0.63276	7.17476
0.67221	-0.31711	0.66901	-3.17112
0.00000	0.00000	0.00000	1.00000

boidNo = 13
boid Wall No = 1
position = = (-0.5, 9.8, 2.1)
Boid Radius= 9.999999
Boid Frame=
 0.99351	-0.04676	-0.10371	-0.46764
0.06752	0.97608	0.20668	9.76077
-0.09156	0.21234	-0.97290	2.12338
0.00000	0.00000	0.00000	1.00000

boidNo = 14
boid Wall No = 1
position = = (-1.0, 9.7, 2.2)
Boid Radius= 10
Boid Frame=
 0.98434	-0.10244	0.14345	-1.02439
0.06728	0.97053	0.23141	9.70527
0.16293	0.21814	-0.96222	2.18136
0.00000	0.00000	0.00000	1.00000

