Iteration Num of Simuation:0
m_SimulationDeltaT of action plan:0
boidNo = 0
boid Wall No = 1
position = = (-1.5, 1.5, 9.8)
Boid Radius= 10
Boid Frame=
 0.53291	-0.15413	0.83202	-1.54129
-0.82059	0.14579	0.55260	1.45791
0.20647	0.97724	0.04878	9.77235
0.00000	0.00000	0.00000	1.00000

boidNo = 1
boid Wall No = 1
position = = (-0.9, 9.7, 2.1)
Boid Radius= 10
Boid Frame=
 0.98824	-0.09358	0.12095	-0.93584
0.06540	0.97355	0.21890	9.73552
0.13823	0.20842	-0.96822	2.08420
0.00000	0.00000	0.00000	1.00000

boidNo = 2
boid Wall No = 0
position = = (6.9, -1.4, -7.1)
Boid Radius= 10
Boid Frame=
 -0.34119	0.68628	-0.64235	6.86282
-0.92763	-0.13536	0.34810	-1.35361
-0.15195	-0.71463	-0.68280	-7.14629
0.00000	0.00000	0.00000	1.00000

boidNo = 3
boid Wall No = 0
position = = (-8.1, -5.6, 2.0)
Boid Radius= 10
Boid Frame=
 0.46731	-0.80558	-0.36422	-8.05584
-0.39667	-0.55923	0.72795	-5.59229
0.79011	0.19570	0.58088	1.95700
0.00000	0.00000	0.00000	1.00000

boidNo = 4
boid Wall No = 0
position = = (-4.2, -8.7, 2.6)
Boid Radius= 10
Boid Frame=
 0.59130	-0.42360	-0.68624	-4.23597
-0.05193	-0.86917	0.49177	-8.69175
0.80478	0.25515	0.53594	2.55148
0.00000	0.00000	0.00000	1.00000

boidNo = 5
boid Wall No = 0
position = = (2.8, -6.8, -6.8)
Boid Radius= 10
Boid Frame=
 -0.88083	0.28029	-0.38154	2.80286
-0.46252	-0.68149	0.56715	-6.81485
0.10105	-0.67603	-0.72991	-6.76031
0.00000	0.00000	0.00000	1.00000

boidNo = 6
boid Wall No = 0
position = = (5.5, -8.4, -0.5)
Boid Radius= 10
Boid Frame=
 0.02933	0.54527	0.83775	5.45269
0.07829	-0.83679	0.54190	-8.36787
-0.99650	-0.04969	0.06723	-0.49695
0.00000	0.00000	0.00000	1.00000

boidNo = 7
boid Wall No = 1
position = = (-9.5, 0.5, -3.0)
Boid Radius= 10
Boid Frame=
 -0.26447	-0.95267	-0.14990	-9.52673
-0.63096	0.05338	0.77398	0.53382
0.72935	-0.29927	0.61521	-2.99275
0.00000	0.00000	0.00000	1.00000

boidNo = 8
boid Wall No = 1
position = = (8.6, 5.1, -0.4)
Boid Radius= 9.999999
Boid Frame=
 0.23565	0.85976	-0.45308	8.59760
-0.47157	0.50881	0.72024	5.08806
-0.84976	-0.04394	-0.52533	-0.43937
0.00000	0.00000	0.00000	1.00000

boidNo = 9
boid Wall No = 0
position = = (7.2, -3.5, 6.0)
Boid Radius= 10
Boid Frame=
 0.38991	0.72258	0.57083	7.22584
-0.51122	-0.34573	0.78684	-3.45735
-0.76592	0.59861	-0.23459	5.98615
0.00000	0.00000	0.00000	1.00000

boidNo = 10
boid Wall No = 1
position = = (2.7, 9.6, 0.3)
Boid Radius= 10
Boid Frame=
 0.41309	0.26640	-0.87085	2.66403
-0.08724	0.96344	0.25334	9.63435
-0.90650	0.02868	-0.42123	0.28680
0.00000	0.00000	0.00000	1.00000

boidNo = 11
boid Wall No = 1
position = = (1.8, 8.7, 4.6)
Boid Radius= 10
Boid Frame=
 0.97191	0.18420	-0.14652	1.84200
-0.09242	0.87119	0.48218	8.71185
-0.21646	0.45509	-0.86373	4.55089
0.00000	0.00000	0.00000	1.00000

boidNo = 12
boid Wall No = 1
position = = (-6.1, 6.0, -5.1)
Boid Radius= 10
Boid Frame=
 -0.78625	-0.61243	0.08211	-6.12430
-0.39521	0.60057	0.69507	6.00568
0.47500	-0.51405	0.71423	-5.14051
0.00000	0.00000	0.00000	1.00000

boidNo = 13
boid Wall No = 1
position = = (6.4, 0.1, -7.7)
Boid Radius= 10
Boid Frame=
 -0.56419	0.64390	-0.51680	6.43900
-0.66888	0.01049	0.74329	0.10486
-0.48403	-0.76504	-0.42478	-7.65038
0.00000	0.00000	0.00000	1.00000

boidNo = 14
boid Wall No = 0
position = = (-7.6, -4.5, -4.7)
Boid Radius= 10
Boid Frame=
 -0.28552	-0.75746	-0.58714	-7.57459
-0.42152	-0.45095	0.78674	-4.50953
0.86070	-0.47212	0.19053	-4.72120
0.00000	0.00000	0.00000	1.00000

boidNo = 15
boid Wall No = 1
position = = (9.7, 1.4, -2.1)
Boid Radius= 10
Boid Frame=
 -0.07759	0.96805	-0.23845	9.68049
-0.62716	0.13853	0.76647	1.38532
-0.77501	-0.20902	-0.59638	-2.09020
0.00000	0.00000	0.00000	1.00000

boidNo = 16
boid Wall No = 1
position = = (-8.8, 4.1, -2.3)
Boid Radius= 10
Boid Frame=
 -0.45250	-0.88432	0.11497	-8.84325
-0.63221	0.40904	0.65802	4.09041
0.62893	-0.22507	0.74417	-2.25068
0.00000	0.00000	0.00000	1.00000

boidNo = 17
boid Wall No = 0
position = = (-1.4, -9.9, -0.3)
Boid Radius= 10
Boid Frame=
 -0.06738	-0.13737	-0.98823	-1.37370
-0.02248	-0.99002	0.13915	-9.90016
0.99747	-0.03159	-0.06362	-0.31589
0.00000	0.00000	0.00000	1.00000

boidNo = 18
boid Wall No = 1
position = = (3.2, 3.3, 8.8)
Boid Radius= 10
Boid Frame=
 0.79969	0.32483	0.50496	3.24833
-0.59649	0.33377	0.72993	3.33768
-0.06857	0.88492	-0.46067	8.84920
0.00000	0.00000	0.00000	1.00000

boidNo = 19
boid Wall No = 0
position = = (6.4, -7.5, 1.8)
Boid Radius= 9.999999
Boid Frame=
 0.13786	0.63881	0.75691	6.38812
-0.11641	-0.74846	0.65288	-7.48459
-0.98359	0.17812	0.02882	1.78123
0.00000	0.00000	0.00000	1.00000

