Iteration Num of Simuation:0
m_SimulationDeltaT of action plan:0
boidNo = 0
boid Wall No = 1
position = = (-9.1, 4.2, -0.5)
Boid Radius= 10
Boid Frame=
 -0.31310	-0.90503	0.28792	-9.05026
-0.58493	0.42260	0.69229	4.22600
0.74822	-0.04834	0.66169	-0.48340
0.00000	0.00000	0.00000	1.00000

boidNo = 1
boid Wall No = 1
position = = (3.7, 8.9, 2.8)
Boid Radius= 10
Boid Frame=
 0.67440	0.36808	-0.64008	3.68082
-0.04812	0.88695	0.45934	8.86954
-0.73680	0.27898	-0.61588	2.78978
0.00000	0.00000	0.00000	1.00000

boidNo = 2
boid Wall No = 0
position = = (-0.9, -9.6, -2.8)
Boid Radius= 9.999999
Boid Frame=
 -0.94351	-0.08623	0.31994	-0.86227
0.16750	-0.95722	0.23597	-9.57216
-0.28590	-0.27623	-0.91758	-2.76231
0.00000	0.00000	0.00000	1.00000

boidNo = 3
boid Wall No = 1
position = = (-0.8, 10.0, -0.3)
Boid Radius= 10
Boid Frame=
 0.23303	-0.07868	0.96928	-0.78680
0.04287	0.99658	0.07059	9.96584
0.97153	-0.02511	-0.23560	-0.25106
0.00000	0.00000	0.00000	1.00000

boidNo = 4
boid Wall No = 1
position = = (1.1, 9.8, -1.7)
Boid Radius= 10
Boid Frame=
 -0.96900	0.10761	-0.22241	1.07614
0.06437	0.97903	0.19326	9.79034
-0.23854	-0.17295	0.95561	-1.72950
0.00000	0.00000	0.00000	1.00000

boidNo = 5
boid Wall No = 1
position = = (0.1, 9.7, 2.4)
Boid Radius= 9.999999
Boid Frame=
 0.95725	0.00887	-0.28913	0.08873
0.06156	0.97038	0.23359	9.70384
-0.28263	0.24141	-0.92835	2.41406
0.00000	0.00000	0.00000	1.00000

boidNo = 6
boid Wall No = 1
position = = (8.5, 1.7, -4.9)
Boid Radius= 10
Boid Frame=
 -0.25214	0.85398	-0.45514	8.53976
-0.68775	0.17273	0.70510	1.72730
-0.68075	-0.49081	-0.54377	-4.90805
0.00000	0.00000	0.00000	1.00000

boidNo = 7
boid Wall No = 1
position = = (3.1, 5.3, -7.9)
Boid Radius= 10
Boid Frame=
 -0.62666	0.31481	-0.71288	3.14806
-0.50954	0.52662	0.68047	5.26617
-0.58963	-0.78967	0.16960	-7.89666
0.00000	0.00000	0.00000	1.00000

boidNo = 8
boid Wall No = 0
position = = (1.2, -9.4, -3.2)
Boid Radius= 10
Boid Frame=
 -0.60437	0.11795	0.78792	1.17952
0.18532	-0.94104	0.28302	-9.41040
-0.77485	-0.31707	-0.54688	-3.17067
0.00000	0.00000	0.00000	1.00000

boidNo = 9
boid Wall No = 0
position = = (-5.7, -2.4, -7.8)
Boid Radius= 9.999999
Boid Frame=
 -0.49593	-0.57255	-0.65287	-5.72549
-0.65899	-0.24147	0.71234	-2.41469
0.56550	-0.78351	0.25755	-7.83505
0.00000	0.00000	0.00000	1.00000

boidNo = 10
boid Wall No = 0
position = = (6.2, -2.5, -7.4)
Boid Radius= 10
Boid Frame=
 -0.67449	0.62219	-0.39741	6.22190
-0.65393	-0.25363	0.71277	-2.53635
-0.34268	-0.74064	-0.57795	-7.40641
0.00000	0.00000	0.00000	1.00000

boidNo = 11
boid Wall No = 0
position = = (9.6, -2.1, 1.6)
Boid Radius= 10
Boid Frame=
 -0.02182	0.96369	0.26613	9.63689
-0.66854	-0.21199	0.71282	-2.11992
-0.74335	0.16237	-0.64890	1.62366
0.00000	0.00000	0.00000	1.00000

boidNo = 12
boid Wall No = 1
position = = (8.9, 4.5, -0.5)
Boid Radius= 10
Boid Frame=
 0.23712	0.89260	-0.38345	8.92602
-0.56906	0.44752	0.68985	4.47524
-0.78737	-0.05463	-0.61406	-0.54633
0.00000	0.00000	0.00000	1.00000

boidNo = 13
boid Wall No = 0
position = = (0.0, -1.1, 9.9)
Boid Radius= 10
Boid Frame=
 0.71283	0.00027	0.70134	0.00271
-0.69685	-0.11272	0.70830	-1.12718
-0.07925	0.99363	0.08016	9.93627
0.00000	0.00000	0.00000	1.00000

boidNo = 14
boid Wall No = 1
position = = (-0.8, 9.4, -3.4)
Boid Radius= 10
Boid Frame=
 -0.95233	-0.07910	0.29464	-0.79095
0.02949	0.93742	0.34696	9.37417
0.30364	-0.33911	0.89040	-3.39108
0.00000	0.00000	0.00000	1.00000

