Iteration Num of Simuation:0
m_SimulationDeltaT of action plan:0
boidNo = 0
boid Wall No = 1
position = = (8.2, 4.6, -3.3)
Boid Radius= 10
Boid Frame=
 0.00554	0.82062	-0.57145	8.20617
-0.58938	0.46433	0.66108	4.64335
-0.80784	-0.33314	-0.48623	-3.33138
0.00000	0.00000	0.00000	1.00000

boidNo = 1
boid Wall No = 0
position = = (4.5, -7.4, -5.0)
Boid Radius= 10
Boid Frame=
 -0.83836	0.44610	0.31329	4.46100
-0.15367	-0.74481	0.64934	-7.44813
-0.52301	-0.49624	-0.69297	-4.96235
0.00000	0.00000	0.00000	1.00000

boidNo = 2
boid Wall No = 1
position = = (1.3, 5.8, 8.0)
Boid Radius= 10
Boid Frame=
 0.84756	0.13158	0.51412	1.31575
-0.48649	0.57973	0.65364	5.79726
0.21205	0.80412	-0.55536	8.04118
0.00000	0.00000	0.00000	1.00000

boidNo = 3
boid Wall No = 0
position = = (-7.2, -5.7, 3.9)
Boid Radius= 10
Boid Frame=
 0.67023	-0.72263	-0.16910	-7.22634
-0.43530	-0.56731	0.69905	-5.67313
0.60109	0.39491	0.69479	3.94914
0.00000	0.00000	0.00000	1.00000

boidNo = 4
boid Wall No = 1
position = = (3.6, 5.4, 7.6)
Boid Radius= 10
Boid Frame=
 0.86731	0.36278	0.34083	3.62782
-0.49355	0.53772	0.68358	5.37715
-0.06472	0.76109	-0.64541	7.61086
0.00000	0.00000	0.00000	1.00000

boidNo = 5
boid Wall No = 1
position = = (7.7, 6.4, 0.7)
Boid Radius= 10
Boid Frame=
 0.40860	0.76538	-0.49724	7.65376
-0.40266	0.64007	0.65435	6.40071
-0.81909	0.06715	-0.56972	0.67145
0.00000	0.00000	0.00000	1.00000

boidNo = 6
boid Wall No = 1
position = = (0.6, 4.7, -8.8)
Boid Radius= 10
Boid Frame=
 -0.73003	0.05587	-0.68113	0.55868
-0.58396	0.46677	0.66417	4.66772
-0.35504	-0.88261	0.30813	-8.82612
0.00000	0.00000	0.00000	1.00000

boidNo = 7
boid Wall No = 0
position = = (-3.5, -9.2, -2.1)
Boid Radius= 10
Boid Frame=
 -0.82825	-0.34526	-0.44136	-3.45262
0.19401	-0.91560	0.35218	-9.15604
0.52570	-0.20607	-0.82533	-2.06068
0.00000	0.00000	0.00000	1.00000

boidNo = 8
boid Wall No = 0
position = = (0.9, -8.0, -5.9)
Boid Radius= 10
Boid Frame=
 -0.98626	0.09438	0.13561	0.94378
0.00520	-0.80268	0.59639	-8.02677
-0.16514	-0.58890	-0.79116	-5.88899
0.00000	0.00000	0.00000	1.00000

boidNo = 9
boid Wall No = 0
position = = (-0.3, -9.9, -1.5)
Boid Radius= 10
Boid Frame=
 -0.93710	-0.03329	0.34748	-0.33287
0.08154	-0.98878	0.12518	-9.88778
-0.33942	-0.14564	-0.92929	-1.45638
0.00000	0.00000	0.00000	1.00000

boidNo = 10
boid Wall No = 1
position = = (3.9, 1.0, 9.1)
Boid Radius= 10
Boid Frame=
 0.68694	0.39468	0.61020	3.94684
-0.69177	0.09788	0.71545	0.97876
-0.22265	0.91359	-0.34026	9.13589
0.00000	0.00000	0.00000	1.00000

boidNo = 11
boid Wall No = 0
position = = (-9.5, -3.0, -1.1)
Boid Radius= 9.999999
Boid Frame=
 0.12158	-0.94643	-0.29914	-9.46433
-0.65938	-0.30227	0.68837	-3.02274
0.74192	-0.11356	0.66081	-1.13558
0.00000	0.00000	0.00000	1.00000

boidNo = 12
boid Wall No = 1
position = = (-4.3, 8.8, -1.8)
Boid Radius= 10
Boid Frame=
 -0.46757	-0.43259	0.77087	-4.32593
-0.05185	0.88399	0.46462	8.83990
0.88244	-0.17727	0.43576	-1.77273
0.00000	0.00000	0.00000	1.00000

boidNo = 13
boid Wall No = 0
position = = (-3.0, -4.5, 8.4)
Boid Radius= 10
Boid Frame=
 0.84744	-0.29939	0.43842	-2.99386
-0.53048	-0.44526	0.72134	-4.45263
0.02075	0.84387	0.53615	8.43866
0.00000	0.00000	0.00000	1.00000

boidNo = 14
boid Wall No = 0
position = = (-3.5, -9.3, -1.5)
Boid Radius= 9.999999
Boid Frame=
 -0.73499	-0.35095	-0.58019	-3.50947
0.17578	-0.92501	0.33684	-9.25008
0.65489	-0.14559	-0.74156	-1.45587
0.00000	0.00000	0.00000	1.00000

