Iteration Num of Simuation:0
m_SimulationDeltaT of action plan:0
boidNo = 0
boid Wall No = 1
position = = (4.7, 7.5, 4.6)
Boid Radius= 10
Boid Frame=
 0.86252	0.47248	-0.18115	4.72481
-0.28873	0.75352	0.59063	7.53520
-0.41556	0.45713	-0.78635	4.57132
0.00000	0.00000	0.00000	1.00000

boidNo = 1
boid Wall No = 0
position = = (6.3, -1.5, 7.6)
Boid Radius= 10
Boid Frame=
 0.53617	0.63466	0.55654	6.34657
-0.62429	-0.14561	0.76750	-1.45612
-0.56814	0.75895	-0.31814	7.58951
0.00000	0.00000	0.00000	1.00000

boidNo = 2
boid Wall No = 0
position = = (1.5, -9.9, 0.5)
Boid Radius= 10
Boid Frame=
 -0.21173	0.15202	0.96543	1.52022
-0.07994	-0.98721	0.13792	-9.87212
-0.97405	0.04798	-0.22118	0.47977
0.00000	0.00000	0.00000	1.00000

boidNo = 3
boid Wall No = 1
position = = (6.7, 7.4, 0.2)
Boid Radius= 10
Boid Frame=
 0.37912	0.67085	-0.63736	6.70853
-0.31448	0.74119	0.59308	7.41188
-0.87027	0.02441	-0.49196	0.24413
0.00000	0.00000	0.00000	1.00000

boidNo = 4
boid Wall No = 0
position = = (-2.9, -9.5, -1.2)
Boid Radius= 10
Boid Frame=
 -0.88044	-0.29229	-0.37335	-2.92287
0.21943	-0.94918	0.22562	-9.49181
0.42032	-0.11672	-0.89984	-1.16719
0.00000	0.00000	0.00000	1.00000

boidNo = 5
boid Wall No = 0
position = = (-3.1, -7.5, 5.9)
Boid Radius= 9.999999
Boid Frame=
 0.92874	-0.30645	-0.20863	-3.06445
-0.10030	-0.74949	0.65438	-7.49486
0.35689	0.58682	0.72682	5.86823
0.00000	0.00000	0.00000	1.00000

boidNo = 6
boid Wall No = 1
position = = (0.2, 5.4, -8.4)
Boid Radius= 10
Boid Frame=
 -0.77235	0.02165	-0.63483	0.21650
-0.52698	0.53616	0.65941	5.36161
-0.35465	-0.84384	0.40269	-8.43838
0.00000	0.00000	0.00000	1.00000

boidNo = 7
boid Wall No = 1
position = = (-1.7, 8.6, -4.8)
Boid Radius= 9.999999
Boid Frame=
 -0.97901	-0.17289	0.10789	-1.72893
-0.09737	0.86190	0.49764	8.61901
0.17903	-0.47669	0.86065	-4.76691
0.00000	0.00000	0.00000	1.00000

boidNo = 8
boid Wall No = 0
position = = (1.5, -9.9, -0.2)
Boid Radius= 10
Boid Frame=
 0.15855	0.14882	0.97607	1.48819
0.04014	-0.98873	0.14423	-9.88730
-0.98654	-0.01631	0.16273	-0.16310
0.00000	0.00000	0.00000	1.00000

boidNo = 9
boid Wall No = 1
position = = (-8.8, 0.0, 4.8)
Boid Radius= 10
Boid Frame=
 0.34074	-0.87679	0.33932	-8.76788
-0.70085	0.00368	0.71330	0.03683
0.62666	0.48086	0.61324	4.80864
0.00000	0.00000	0.00000	1.00000

boidNo = 10
boid Wall No = 1
position = = (-2.5, 4.5, -8.6)
Boid Radius= 10
Boid Frame=
 -0.82123	-0.24795	-0.51390	-2.47951
-0.56739	0.45008	0.68956	4.50078
-0.06032	-0.85788	0.51031	-8.57875
0.00000	0.00000	0.00000	1.00000

boidNo = 11
boid Wall No = 1
position = = (-2.9, 8.6, -4.3)
Boid Radius= 10
Boid Frame=
 -0.90402	-0.28834	0.31561	-2.88336
-0.09555	0.85589	0.50825	8.55894
0.41668	-0.42931	0.80129	-4.29310
0.00000	0.00000	0.00000	1.00000

boidNo = 12
boid Wall No = 1
position = = (-2.2, 9.7, -0.3)
Boid Radius= 10
Boid Frame=
 0.11075	-0.22306	0.96849	-2.23057
0.05428	0.97439	0.21821	9.74391
0.99237	-0.02841	-0.12002	-0.28405
0.00000	0.00000	0.00000	1.00000

boidNo = 13
boid Wall No = 1
position = = (-5.3, 8.4, -0.8)
Boid Radius= 10
Boid Frame=
 -0.33878	-0.53450	0.77430	-5.34500
-0.12338	0.84110	0.52663	8.41095
0.93274	-0.08288	0.35090	-0.82877
0.00000	0.00000	0.00000	1.00000

boidNo = 14
boid Wall No = 1
position = = (-4.2, 6.7, 6.1)
Boid Radius= 10
Boid Frame=
 0.53560	-0.42335	0.73069	-4.23348
-0.35737	0.67034	0.65033	6.70342
0.76513	0.60944	-0.20774	6.09440
0.00000	0.00000	0.00000	1.00000

