Iteration Num of Simuation:0
m_SimulationDeltaT of action plan:0
boidNo = 0
boid Wall No = 0
position = = (-2.8, -3.0, 9.1)
Boid Radius= 10
Boid Frame=
 0.79744	-0.28114	0.53390	-2.81142
-0.60173	-0.30473	0.73829	-3.04727
0.04487	0.91000	0.41217	9.10000
0.00000	0.00000	0.00000	1.00000

boidNo = 1
boid Wall No = 0
position = = (4.3, -1.4, 8.9)
Boid Radius= 10
Boid Frame=
 0.60302	0.43031	0.67171	4.30313
-0.69188	-0.13700	0.70890	-1.37001
-0.39707	0.89222	-0.21511	8.92223
0.00000	0.00000	0.00000	1.00000

boidNo = 2
boid Wall No = 1
position = = (1.3, 8.9, -4.3)
Boid Radius= 10
Boid Frame=
 -0.93204	0.13074	-0.33794	1.30740
-0.03694	0.89350	0.44754	8.93502
-0.36046	-0.42961	0.82795	-4.29607
0.00000	0.00000	0.00000	1.00000

boidNo = 3
boid Wall No = 1
position = = (0.7, 10.0, 0.6)
Boid Radius= 10
Boid Frame=
 0.12272	0.07067	-0.98992	0.70671
0.04863	0.99584	0.07712	9.95835
-0.99125	0.05760	-0.11877	0.57602
0.00000	0.00000	0.00000	1.00000

boidNo = 4
boid Wall No = 0
position = = (8.7, -4.7, -1.8)
Boid Radius= 10
Boid Frame=
 -0.45483	0.86638	0.20617	8.66385
-0.58684	-0.46570	0.66237	-4.65702
-0.66988	-0.18028	-0.72025	-1.80277
0.00000	0.00000	0.00000	1.00000

boidNo = 5
boid Wall No = 1
position = = (9.3, 3.6, 0.2)
Boid Radius= 10
Boid Frame=
 0.24713	0.93094	-0.26886	9.30937
-0.59884	0.36486	0.71292	3.64864
-0.76178	0.01518	-0.64765	0.15183
0.00000	0.00000	0.00000	1.00000

boidNo = 6
boid Wall No = 0
position = = (-6.3, -7.6, 1.9)
Boid Radius= 10
Boid Frame=
 0.42902	-0.62729	-0.64995	-6.27295
-0.13224	-0.75540	0.64178	-7.55403
0.89356	0.18939	0.40704	1.89389
0.00000	0.00000	0.00000	1.00000

boidNo = 7
boid Wall No = 0
position = = (1.2, -9.3, 3.5)
Boid Radius= 10
Boid Frame=
 0.98210	0.11754	-0.14716	1.17539
0.16101	-0.92936	0.33223	-9.29355
0.09771	0.34998	0.93165	3.49976
0.00000	0.00000	0.00000	1.00000

boidNo = 8
boid Wall No = 0
position = = (-2.2, -7.5, -6.2)
Boid Radius= 10
Boid Frame=
 -0.88192	-0.21601	-0.41899	-2.16010
-0.12478	-0.75016	0.64938	-7.50159
0.45458	-0.62498	-0.63463	-6.24981
0.00000	0.00000	0.00000	1.00000

boidNo = 9
boid Wall No = 0
position = = (0.8, -10.0, 0.4)
Boid Radius= 9.999999
Boid Frame=
 0.54399	0.07655	0.83559	0.76552
0.00726	-0.99622	0.08654	-9.96222
-0.83906	0.04101	0.54249	0.41012
0.00000	0.00000	0.00000	1.00000

boidNo = 10
boid Wall No = 0
position = = (-7.6, -6.0, 2.6)
Boid Radius= 10
Boid Frame=
 0.53220	-0.75807	-0.37696	-7.58067
-0.33479	-0.59741	0.72871	-5.97405
0.77761	0.26161	0.57173	2.61615
0.00000	0.00000	0.00000	1.00000

boidNo = 11
boid Wall No = 0
position = = (0.1, -9.8, -2.0)
Boid Radius= 10
Boid Frame=
 -0.87780	0.01232	0.47887	0.12318
0.08335	-0.98050	0.17800	-9.80495
-0.47173	-0.19616	-0.85965	-1.96158
0.00000	0.00000	0.00000	1.00000

boidNo = 12
boid Wall No = 0
position = = (-8.8, -3.9, 2.6)
Boid Radius= 10
Boid Frame=
 0.47215	-0.88151	-0.00254	-8.81515
-0.73341	-0.39442	0.55367	-3.94418
0.48907	0.25955	0.83274	2.59549
0.00000	0.00000	0.00000	1.00000

boidNo = 13
boid Wall No = 0
position = = (7.2, -6.6, 1.9)
Boid Radius= 10
Boid Frame=
 0.04614	0.72411	0.68814	7.24106
-0.23205	-0.66226	0.71243	-6.62264
-0.97161	0.19256	-0.13747	1.92555
0.00000	0.00000	0.00000	1.00000

boidNo = 14
boid Wall No = 0
position = = (6.5, -0.2, -7.6)
Boid Radius= 10
Boid Frame=
 -0.53225	0.65063	-0.54165	6.50634
-0.72675	-0.02298	0.68652	-0.22983
-0.43422	-0.75904	-0.48508	-7.59044
0.00000	0.00000	0.00000	1.00000

