Iteration Num of Simuation:0
m_SimulationDeltaT of action plan:0
boidNo = 0
boid Wall No = 1
position = = (1.6, 8.0, -5.8)
Boid Radius= 10
Boid Frame=
 -0.81164	0.15902	-0.56210	1.59020
-0.22949	0.79807	0.55715	7.98071
-0.53719	-0.58120	0.61125	-5.81202
0.00000	0.00000	0.00000	1.00000

boidNo = 1
boid Wall No = 0
position = = (-2.9, -9.2, -2.7)
Boid Radius= 9.999999
Boid Frame=
 -0.85922	-0.28672	-0.42372	-2.86718
0.12448	-0.92048	0.37043	-9.20480
0.49624	-0.26554	-0.82658	-2.65536
0.00000	0.00000	0.00000	1.00000

boidNo = 2
boid Wall No = 1
position = = (-1.9, 9.8, 0.7)
Boid Radius= 10
Boid Frame=
 0.58755	-0.19369	0.78566	-1.93689
0.05942	0.97864	0.19682	9.78637
0.80700	0.06896	-0.58651	0.68958
0.00000	0.00000	0.00000	1.00000

boidNo = 3
boid Wall No = 1
position = = (-4.6, 8.6, -2.3)
Boid Radius= 10
Boid Frame=
 -0.69106	-0.46319	0.55488	-4.63187
-0.18670	0.85602	0.48204	8.56023
0.69826	-0.22953	0.67805	-2.29527
0.00000	0.00000	0.00000	1.00000

boidNo = 4
boid Wall No = 0
position = = (0.4, -10.0, 0.6)
Boid Radius= 10
Boid Frame=
 0.97756	0.03521	0.20767	0.35207
0.02268	-0.99779	0.06241	-9.97793
-0.20941	0.05630	0.97621	0.56302
0.00000	0.00000	0.00000	1.00000

boidNo = 5
boid Wall No = 0
position = = (-4.6, -7.7, 4.5)
Boid Radius= 10
Boid Frame=
 0.76310	-0.45633	-0.45765	-4.56331
-0.07470	-0.76566	0.63889	-7.65661
0.64195	0.45335	0.61836	4.53349
0.00000	0.00000	0.00000	1.00000

boidNo = 6
boid Wall No = 0
position = = (8.0, -2.0, 5.6)
Boid Radius= 10
Boid Frame=
 0.33133	0.80218	0.49671	8.02184
-0.62996	-0.20383	0.74940	-2.03832
-0.70241	0.56121	-0.43781	5.61207
0.00000	0.00000	0.00000	1.00000

boidNo = 7
boid Wall No = 0
position = = (-7.2, -6.6, 2.2)
Boid Radius= 10
Boid Frame=
 0.50394	-0.71523	-0.48425	-7.15230
-0.26834	-0.66254	0.69931	-6.62537
0.82100	0.22247	0.52580	2.22466
0.00000	0.00000	0.00000	1.00000

boidNo = 8
boid Wall No = 1
position = = (-5.4, 2.8, -8.0)
Boid Radius= 10
Boid Frame=
 -0.70069	-0.53501	-0.47202	-5.35009
-0.67490	0.28247	0.68170	2.82466
0.23139	-0.79623	0.55900	-7.96227
0.00000	0.00000	0.00000	1.00000

boidNo = 9
boid Wall No = 1
position = = (6.9, 6.9, -2.3)
Boid Radius= 10
Boid Frame=
 0.00467	0.68743	-0.72624	6.87426
-0.32322	0.68830	0.64944	6.88302
-0.94631	-0.23170	-0.22540	-2.31704
0.00000	0.00000	0.00000	1.00000

boidNo = 10
boid Wall No = 1
position = = (-1.3, 3.1, 9.4)
Boid Radius= 9.999999
Boid Frame=
 0.70521	-0.13164	0.69667	-1.31637
-0.63850	0.30927	0.70475	3.09266
0.30823	0.94182	-0.13405	9.41821
0.00000	0.00000	0.00000	1.00000

boidNo = 11
boid Wall No = 1
position = = (3.0, 5.3, 7.9)
Boid Radius= 10
Boid Frame=
 0.86106	0.30330	0.40814	3.03298
-0.50832	0.53480	0.67498	5.34798
0.01355	0.78867	-0.61467	7.88670
0.00000	0.00000	0.00000	1.00000

boidNo = 12
boid Wall No = 1
position = = (4.0, 9.2, -0.2)
Boid Radius= 9.999999
Boid Frame=
 -0.04805	0.39863	-0.91585	3.98631
-0.00047	0.91690	0.39911	9.16902
-0.99884	-0.01961	0.04387	-0.19606
0.00000	0.00000	0.00000	1.00000

boidNo = 13
boid Wall No = 1
position = = (2.1, 9.7, 1.2)
Boid Radius= 9.999999
Boid Frame=
 0.34578	0.20617	-0.91539	2.06174
0.04203	0.97118	0.23462	9.71179
-0.93738	0.11960	-0.32715	1.19596
0.00000	0.00000	0.00000	1.00000

boidNo = 14
boid Wall No = 1
position = = (-8.8, 0.2, 4.7)
Boid Radius= 10
Boid Frame=
 0.32779	-0.88204	0.33846	-8.82039
-0.69110	0.02040	0.72247	0.20398
0.64415	0.47073	0.60289	4.70735
0.00000	0.00000	0.00000	1.00000

