Iteration Num of Simuation:0
m_SimulationDeltaT of action plan:0
boidNo = 0
boid Wall No = 1
position = = (-4.2, 8.5, -3.1)
Boid Radius= 10
Boid Frame=
 -0.72554	-0.42363	0.54234	-4.23631
-0.11214	0.85032	0.51418	8.50321
0.67898	-0.31224	0.66445	-3.12236
0.00000	0.00000	0.00000	1.00000

boidNo = 1
boid Wall No = 1
position = = (7.0, 6.7, -2.6)
Boid Radius= 9.999999
Boid Frame=
 0.01265	0.69812	-0.71587	6.98121
-0.37086	0.66814	0.64502	6.68140
-0.92860	-0.25732	-0.26736	-2.57325
0.00000	0.00000	0.00000	1.00000

boidNo = 2
boid Wall No = 0
position = = (8.2, -5.6, 0.7)
Boid Radius= 10
Boid Frame=
 -0.20608	0.82327	0.52892	8.23270
-0.40525	-0.56380	0.71966	-5.63796
-0.89068	0.06604	-0.44982	0.66037
0.00000	0.00000	0.00000	1.00000

boidNo = 3
boid Wall No = 0
position = = (-2.5, -7.2, -6.5)
Boid Radius= 10
Boid Frame=
 -0.85007	-0.24731	-0.46499	-2.47311
-0.16163	-0.71779	0.67724	-7.17789
0.50125	-0.65086	-0.57020	-6.50859
0.00000	0.00000	0.00000	1.00000

boidNo = 4
boid Wall No = 1
position = = (-9.5, 2.0, -2.2)
Boid Radius= 10
Boid Frame=
 -0.30113	-0.95345	-0.01596	-9.53450
-0.68023	0.20304	0.70432	2.03044
0.66829	-0.22295	0.70971	-2.22947
0.00000	0.00000	0.00000	1.00000

boidNo = 5
boid Wall No = 0
position = = (6.3, -6.7, 3.8)
Boid Radius= 10
Boid Frame=
 0.30039	0.63230	0.71411	6.32304
-0.24250	-0.67346	0.69831	-6.73461
-0.92248	0.38294	0.04897	3.82937
0.00000	0.00000	0.00000	1.00000

boidNo = 6
boid Wall No = 1
position = = (0.1, 9.7, -2.4)
Boid Radius= 10
Boid Frame=
 -0.98079	0.01360	0.19459	0.13605
0.05991	0.97036	0.23413	9.70359
0.18564	-0.24129	0.95253	-2.41286
0.00000	0.00000	0.00000	1.00000

boidNo = 7
boid Wall No = 0
position = = (1.8, -9.5, 2.6)
Boid Radius= 10
Boid Frame=
 0.98221	0.17628	-0.06476	1.76278
0.18696	-0.95035	0.24876	-9.50349
0.01769	0.25644	0.96640	2.56443
0.00000	0.00000	0.00000	1.00000

boidNo = 8
boid Wall No = 0
position = = (-7.1, -0.4, -7.0)
Boid Radius= 10
Boid Frame=
 -0.47950	-0.71021	-0.51544	-7.10210
-0.70600	-0.03664	0.70727	-0.36644
0.52120	-0.70304	0.48383	-7.03036
0.00000	0.00000	0.00000	1.00000

boidNo = 9
boid Wall No = 1
position = = (-6.0, 7.1, -3.7)
Boid Radius= 10
Boid Frame=
 -0.73776	-0.60263	0.30420	-6.02634
-0.32032	0.70918	0.62806	7.09179
0.59423	-0.36592	0.71624	-3.65920
0.00000	0.00000	0.00000	1.00000

boidNo = 10
boid Wall No = 1
position = = (0.6, 3.1, -9.5)
Boid Radius= 10
Boid Frame=
 -0.72106	0.06383	-0.68992	0.63826
-0.64210	0.31256	0.70000	3.12564
-0.26032	-0.94775	0.18440	-9.47750
0.00000	0.00000	0.00000	1.00000

boidNo = 11
boid Wall No = 1
position = = (1.1, 0.6, 9.9)
Boid Radius= 10
Boid Frame=
 0.70837	0.10756	0.69760	1.07561
-0.70496	0.05829	0.70685	0.58293
-0.03536	0.99249	-0.11712	9.92488
0.00000	0.00000	0.00000	1.00000

boidNo = 12
boid Wall No = 0
position = = (-0.1, -9.6, 3.0)
Boid Radius= 10
Boid Frame=
 0.74507	-0.01029	-0.66691	-0.10290
0.18951	-0.95541	0.22646	-9.55406
0.63950	0.29512	0.70989	2.95115
0.00000	0.00000	0.00000	1.00000

boidNo = 13
boid Wall No = 0
position = = (7.8, -5.8, 2.3)
Boid Radius= 10
Boid Frame=
 -0.02092	0.78093	0.62426	7.80935
-0.38743	-0.58194	0.71501	-5.81944
-0.92166	0.22690	-0.31473	2.26898
0.00000	0.00000	0.00000	1.00000

boidNo = 14
boid Wall No = 0
position = = (-0.6, -10.0, 0.6)
Boid Radius= 10
Boid Frame=
 -0.03190	-0.06113	-0.99762	-0.61127
0.06294	-0.99627	0.05903	-9.96270
0.99751	0.06091	-0.03563	0.60911
0.00000	0.00000	0.00000	1.00000

