Iteration Num of Simuation:0
m_SimulationDeltaT of action plan:0
boidNo = 0
boid Wall No = 0
position = = (4.9, -8.5, -1.9)
Boid Radius= 10
Boid Frame=
 -0.25025	0.49495	0.83210	4.94954
0.06514	-0.84889	0.52453	-8.48895
-0.96599	-0.18547	-0.18019	-1.85469
0.00000	0.00000	0.00000	1.00000

boidNo = 1
boid Wall No = 1
position = = (5.8, 7.6, -3.1)
Boid Radius= 10
Boid Frame=
 -0.12237	0.57628	-0.80804	5.76284
-0.29752	0.75541	0.58381	7.55414
-0.94684	-0.31184	-0.07901	-3.11845
0.00000	0.00000	0.00000	1.00000

boidNo = 2
boid Wall No = 0
position = = (9.7, -2.3, 0.0)
Boid Radius= 10
Boid Frame=
 -0.18518	0.97277	0.13940	9.72768
-0.77939	-0.23178	0.58210	-2.31779
-0.59856	0.00086	-0.80108	0.00857
0.00000	0.00000	0.00000	1.00000

boidNo = 3
boid Wall No = 1
position = = (-0.3, 9.9, 1.1)
Boid Radius= 10
Boid Frame=
 0.98003	-0.03454	-0.19581	-0.34541
0.05618	0.99277	0.10604	9.92773
-0.19073	0.11493	-0.97489	1.14928
0.00000	0.00000	0.00000	1.00000

boidNo = 4
boid Wall No = 1
position = = (-1.0, 9.6, 2.7)
Boid Radius= 10
Boid Frame=
 0.98619	-0.09586	0.13502	-0.95862
0.05404	0.95707	0.28478	9.57069
0.15652	0.27355	-0.94904	2.73550
0.00000	0.00000	0.00000	1.00000

boidNo = 5
boid Wall No = 0
position = = (-1.0, -8.2, -5.7)
Boid Radius= 9.999999
Boid Frame=
 -0.99187	-0.09585	-0.08365	-0.95847
0.03028	-0.81650	0.57655	-8.16500
0.12356	-0.56933	-0.81277	-5.69334
0.00000	0.00000	0.00000	1.00000

boidNo = 6
boid Wall No = 1
position = = (-5.7, 0.8, -8.2)
Boid Radius= 10
Boid Frame=
 -0.60813	-0.57394	-0.54842	-5.73944
-0.70614	0.07548	0.70404	0.75482
0.36268	-0.81541	0.45119	-8.15408
0.00000	0.00000	0.00000	1.00000

boidNo = 7
boid Wall No = 1
position = = (8.4, 3.9, -3.7)
Boid Radius= 10
Boid Frame=
 -0.04726	0.84444	-0.53357	8.44437
-0.63633	0.38630	0.66773	3.86302
-0.76997	-0.37108	-0.51908	-3.71076
0.00000	0.00000	0.00000	1.00000

boidNo = 8
boid Wall No = 0
position = = (-1.3, -1.8, 9.7)
Boid Radius= 10
Boid Frame=
 0.75061	-0.12579	0.64866	-1.25789
-0.66016	-0.18408	0.72822	-1.84081
-0.02780	0.97483	0.22121	9.74829
0.00000	0.00000	0.00000	1.00000

boidNo = 9
boid Wall No = 0
position = = (9.9, -0.1, 1.5)
Boid Radius= 9.999999
Boid Frame=
 0.11300	0.98797	0.10556	9.87971
-0.64773	-0.00732	0.76183	-0.07317
-0.75344	0.15446	-0.63911	1.54464
0.00000	0.00000	0.00000	1.00000

boidNo = 10
boid Wall No = 0
position = = (6.5, -5.3, -5.4)
Boid Radius= 10
Boid Frame=
 -0.73979	0.65381	-0.15888	6.53811
-0.59475	-0.52503	0.60878	-5.25032
-0.31461	-0.54486	-0.77727	-5.44860
0.00000	0.00000	0.00000	1.00000

boidNo = 11
boid Wall No = 1
position = = (-9.4, 1.1, -3.1)
Boid Radius= 10
Boid Frame=
 -0.28599	-0.94418	-0.16348	-9.44184
-0.73330	0.10582	0.67162	1.05822
0.61683	-0.31196	0.72263	-3.11958
0.00000	0.00000	0.00000	1.00000

boidNo = 12
boid Wall No = 1
position = = (9.7, 2.2, -0.7)
Boid Radius= 10
Boid Frame=
 0.08923	0.97264	-0.21449	9.72642
-0.63150	0.22178	0.74298	2.21778
-0.77022	-0.06916	-0.63401	-0.69155
0.00000	0.00000	0.00000	1.00000

boidNo = 13
boid Wall No = 1
position = = (-0.4, 8.8, -4.7)
Boid Radius= 10
Boid Frame=
 -0.99814	-0.04123	-0.04496	-0.41233
-0.05753	0.88144	0.46878	8.81437
-0.02030	-0.47050	0.88217	-4.70498
0.00000	0.00000	0.00000	1.00000

boidNo = 14
boid Wall No = 0
position = = (8.2, -2.3, 5.2)
Boid Radius= 9.999999
Boid Frame=
 0.18410	0.82034	0.54143	8.20344
-0.75918	-0.23119	0.60844	-2.31189
-0.62430	0.52306	-0.58023	5.23056
0.00000	0.00000	0.00000	1.00000

