Iteration Num of Simuation:0
m_SimulationDeltaT of action plan:0
boidNo = 0
boid Wall No = 0
position = = (3.7, -2.0, 9.1)
Boid Radius= 10
Boid Frame=
 0.73358	0.36823	0.57120	3.68227
-0.53669	-0.20174	0.81931	-2.01735
-0.41692	0.90759	-0.04963	9.07586
0.00000	0.00000	0.00000	1.00000

boidNo = 1
boid Wall No = 0
position = = (1.0, -8.3, -5.5)
Boid Radius= 10
Boid Frame=
 -0.98355	0.10441	0.14742	1.04406
-0.00494	-0.83131	0.55579	-8.31305
-0.18058	-0.54592	-0.81815	-5.45922
0.00000	0.00000	0.00000	1.00000

boidNo = 2
boid Wall No = 0
position = = (-3.7, -9.3, -0.2)
Boid Radius= 10
Boid Frame=
 -0.30505	-0.37402	-0.87582	-3.74019
0.10070	-0.92716	0.36087	-9.27163
0.94700	-0.02189	-0.32050	-0.21894
0.00000	0.00000	0.00000	1.00000

boidNo = 3
boid Wall No = 1
position = = (0.3, 10.0, 0.7)
Boid Radius= 10
Boid Frame=
 0.81029	0.02692	-0.58541	0.26916
0.02184	0.99686	0.07607	9.96863
-0.58562	0.07443	-0.80716	0.74425
0.00000	0.00000	0.00000	1.00000

boidNo = 4
boid Wall No = 1
position = = (9.5, 3.0, 0.2)
Boid Radius= 10
Boid Frame=
 0.25534	0.95328	-0.16141	9.53283
-0.76748	0.30138	0.56582	3.01376
-0.58803	0.02060	-0.80858	0.20598
0.00000	0.00000	0.00000	1.00000

boidNo = 5
boid Wall No = 0
position = = (2.9, -6.7, -6.9)
Boid Radius= 10
Boid Frame=
 -0.93683	0.28547	-0.20214	2.85472
-0.34567	-0.66705	0.65997	-6.67048
-0.05356	-0.68815	-0.72359	-6.88152
0.00000	0.00000	0.00000	1.00000

boidNo = 6
boid Wall No = 1
position = = (-0.4, 9.9, -0.9)
Boid Radius= 10
Boid Frame=
 -0.99723	-0.04243	0.06114	-0.42431
-0.03657	0.99490	0.09399	9.94902
0.06482	-0.09149	0.99369	-0.91489
0.00000	0.00000	0.00000	1.00000

boidNo = 7
boid Wall No = 1
position = = (7.6, 4.4, 4.7)
Boid Radius= 10
Boid Frame=
 0.64066	0.76445	0.07193	7.64452
-0.60092	0.44087	0.66673	4.40869
-0.47797	0.47037	-0.74182	4.70369
0.00000	0.00000	0.00000	1.00000

boidNo = 8
boid Wall No = 0
position = = (-4.6, -8.8, -1.3)
Boid Radius= 10
Boid Frame=
 -0.60106	-0.45599	-0.65635	-4.55990
0.19607	-0.88029	0.43202	-8.80294
0.77478	-0.13098	-0.61852	-1.30979
0.00000	0.00000	0.00000	1.00000

boidNo = 9
boid Wall No = 0
position = = (9.4, -3.1, 1.5)
Boid Radius= 10
Boid Frame=
 -0.06228	0.93780	0.34153	9.37803
-0.57225	-0.31392	0.75762	-3.13919
-0.81771	0.14826	-0.55621	1.48257
0.00000	0.00000	0.00000	1.00000

boidNo = 10
boid Wall No = 0
position = = (-9.6, -1.4, -2.6)
Boid Radius= 10
Boid Frame=
 -0.03149	-0.95546	-0.29345	-9.55456
-0.83388	-0.13675	0.53474	-1.36746
0.55105	-0.26154	0.79243	-2.61541
0.00000	0.00000	0.00000	1.00000

boidNo = 11
boid Wall No = 0
position = = (4.2, -6.9, -5.9)
Boid Radius= 10
Boid Frame=
 -0.89459	0.42389	0.14148	4.23890
-0.21452	-0.68509	0.69615	-6.85094
-0.39202	-0.59242	-0.70381	-5.92422
0.00000	0.00000	0.00000	1.00000

boidNo = 12
boid Wall No = 1
position = = (1.6, 9.9, 0.5)
Boid Radius= 10
Boid Frame=
 0.76416	0.15634	-0.62579	1.56339
-0.08814	0.98639	0.13880	9.86391
-0.63898	0.05091	-0.76754	0.50906
0.00000	0.00000	0.00000	1.00000

boidNo = 13
boid Wall No = 0
position = = (-1.2, -9.2, 3.7)
Boid Radius= 10
Boid Frame=
 0.40954	-0.12493	-0.90370	-1.24930
0.29020	-0.92129	0.25887	-9.21288
0.86491	0.36827	0.34105	3.68267
0.00000	0.00000	0.00000	1.00000

boidNo = 14
boid Wall No = 0
position = = (1.3, -9.8, 1.5)
Boid Radius= 10
Boid Frame=
 0.68557	0.13235	0.71588	1.32352
-0.02136	-0.97925	0.20151	-9.79254
-0.72769	0.15344	0.66852	1.53441
0.00000	0.00000	0.00000	1.00000

boidNo = 15
boid Wall No = 1
position = = (0.7, 7.2, 6.9)
Boid Radius= 10
Boid Frame=
 0.88423	0.07258	0.46137	0.72581
-0.36823	0.71600	0.59308	7.16004
0.28730	0.69431	-0.65984	6.94313
0.00000	0.00000	0.00000	1.00000

boidNo = 16
boid Wall No = 0
position = = (-6.4, -6.1, -4.8)
Boid Radius= 10
Boid Frame=
 -0.34848	-0.63675	-0.68783	-6.36754
-0.32363	-0.60696	0.72585	-6.06960
0.87967	-0.47555	-0.00544	-4.75546
0.00000	0.00000	0.00000	1.00000

boidNo = 17
boid Wall No = 0
position = = (-3.9, -8.1, -4.3)
Boid Radius= 10
Boid Frame=
 -0.74207	-0.39201	-0.54375	-3.92006
0.00344	-0.81339	0.58170	-8.13394
0.67031	-0.42979	-0.60495	-4.29793
0.00000	0.00000	0.00000	1.00000

boidNo = 18
boid Wall No = 1
position = = (-4.4, 1.8, 8.8)
Boid Radius= 10
Boid Frame=
 0.57219	-0.43893	0.69277	-4.38934
-0.70065	0.17741	0.69110	1.77405
0.42625	0.88083	0.20603	8.80832
0.00000	0.00000	0.00000	1.00000

boidNo = 19
boid Wall No = 1
position = = (4.7, 8.1, 3.4)
Boid Radius= 10
Boid Frame=
 0.87804	0.47445	-0.06286	4.74449
-0.41021	0.81372	0.41181	8.13719
-0.24653	0.33580	-0.90910	3.35797
0.00000	0.00000	0.00000	1.00000

