Iteration Num of Simuation:0
m_SimulationDeltaT of action plan:0
boidNo = 0
boid Wall No = 1
position = = (-0.4, 9.4, 3.3)
Boid Radius= 10
Boid Frame=
 0.99917	-0.03974	0.00859	-0.39735
0.03471	0.94388	0.32845	9.43882
0.02116	0.32788	-0.94448	3.27884
0.00000	0.00000	0.00000	1.00000

boidNo = 1
boid Wall No = 0
position = = (-4.5, -8.8, 1.6)
Boid Radius= 10
Boid Frame=
 0.13783	-0.45023	-0.88221	-4.50230
0.11201	-0.87791	0.46554	-8.77912
0.98410	0.16298	0.07057	1.62983
0.00000	0.00000	0.00000	1.00000

boidNo = 2
boid Wall No = 0
position = = (1.1, -9.9, 0.2)
Boid Radius= 10
Boid Frame=
 0.98034	0.10932	0.16427	1.09315
0.10453	-0.99381	0.03751	-9.93814
-0.16735	0.01960	0.98570	0.19602
0.00000	0.00000	0.00000	1.00000

boidNo = 3
boid Wall No = 1
position = = (-1.0, 9.9, -0.5)
Boid Radius= 10
Boid Frame=
 -0.44170	-0.10312	0.89122	-1.03118
-0.00334	0.99355	0.11330	9.93555
0.89716	-0.04707	0.43919	-0.47068
0.00000	0.00000	0.00000	1.00000

boidNo = 4
boid Wall No = 1
position = = (0.4, 9.5, 3.0)
Boid Radius= 10
Boid Frame=
 0.96747	0.03806	-0.25009	0.38057
0.04030	0.95281	0.30089	9.52807
-0.24974	0.30118	-0.92028	3.01181
0.00000	0.00000	0.00000	1.00000

boidNo = 5
boid Wall No = 1
position = = (4.5, 6.9, -5.7)
Boid Radius= 10
Boid Frame=
 -0.46258	0.44669	-0.76583	4.46689
-0.36233	0.69312	0.62314	6.93123
-0.80916	-0.56573	0.15877	-5.65729
0.00000	0.00000	0.00000	1.00000

boidNo = 6
boid Wall No = 0
position = = (2.7, -4.3, 8.6)
Boid Radius= 10
Boid Frame=
 0.47364	0.26935	0.83852	2.69351
-0.71934	-0.43101	0.54477	-4.31013
-0.50815	0.86121	0.01039	8.61207
0.00000	0.00000	0.00000	1.00000

boidNo = 7
boid Wall No = 0
position = = (1.1, -9.5, -3.1)
Boid Radius= 10
Boid Frame=
 -0.49503	0.10891	0.86202	1.08907
0.21551	-0.94572	0.24324	-9.45722
-0.84172	-0.30618	-0.44469	-3.06185
0.00000	0.00000	0.00000	1.00000

boidNo = 8
boid Wall No = 0
position = = (-6.8, -6.5, -3.5)
Boid Radius= 10
Boid Frame=
 -0.20206	-0.67590	-0.70875	-6.75902
-0.28722	-0.65096	0.70268	-6.50962
0.93631	-0.34555	0.06260	-3.45551
0.00000	0.00000	0.00000	1.00000

boidNo = 9
boid Wall No = 1
position = = (5.0, 8.1, -3.1)
Boid Radius= 9.999999
Boid Frame=
 -0.28683	0.50202	-0.81590	5.02023
-0.17766	0.80904	0.56026	8.09042
-0.94136	-0.30565	0.14287	-3.05652
0.00000	0.00000	0.00000	1.00000

boidNo = 10
boid Wall No = 1
position = = (-9.4, 2.5, -2.4)
Boid Radius= 10
Boid Frame=
 -0.34438	-0.93860	0.02086	-9.38600
-0.64117	0.25136	0.72507	2.51365
0.68579	-0.23632	0.68836	-2.36319
0.00000	0.00000	0.00000	1.00000

boidNo = 11
boid Wall No = 1
position = = (2.9, 9.5, 0.5)
Boid Radius= 10
Boid Frame=
 0.00621	0.29402	-0.95578	2.94016
0.05169	0.95443	0.29394	9.54426
-0.99864	0.05123	0.00927	0.51233
0.00000	0.00000	0.00000	1.00000

boidNo = 12
boid Wall No = 1
position = = (0.0, 2.0, 9.8)
Boid Radius= 10
Boid Frame=
 0.70321	0.00281	0.71098	0.02811
-0.69726	0.19828	0.68885	1.98280
0.13904	0.98014	-0.14139	9.80141
0.00000	0.00000	0.00000	1.00000

boidNo = 13
boid Wall No = 0
position = = (1.0, -9.9, 0.6)
Boid Radius= 10
Boid Frame=
 0.80972	0.10319	0.57767	1.03194
0.04654	-0.99261	0.11209	-9.92608
-0.58497	0.06387	0.80854	0.63874
0.00000	0.00000	0.00000	1.00000

boidNo = 14
boid Wall No = 0
position = = (8.8, -4.0, -2.8)
Boid Radius= 10
Boid Frame=
 -0.47750	0.87557	0.07334	8.75568
-0.62289	-0.39620	0.67456	-3.96201
-0.61968	-0.27642	-0.73457	-2.76416
0.00000	0.00000	0.00000	1.00000

