Iteration Num of Simuation:0
m_SimulationDeltaT of action plan:0
boidNo = 0
boid Wall No = 1
position = = (-7.5, 5.9, 3.0)
Boid Radius= 10
Boid Frame=
 -0.00250	-0.75122	0.66005	-7.51216
-0.45043	0.59015	0.66995	5.90150
0.89281	0.29563	0.33984	2.95631
0.00000	0.00000	0.00000	1.00000

boidNo = 1
boid Wall No = 1
position = = (2.2, 6.7, 7.1)
Boid Radius= 10
Boid Frame=
 0.93534	0.22241	0.27510	2.22407
-0.35149	0.67215	0.65166	6.72151
0.03997	0.70622	-0.70686	7.06221
0.00000	0.00000	0.00000	1.00000

boidNo = 2
boid Wall No = 1
position = = (0.3, 9.9, 1.4)
Boid Radius= 10
Boid Frame=
 0.79253	0.02760	-0.60921	0.27595
0.06546	0.98935	0.12997	9.89355
-0.60632	0.14288	-0.78228	1.42884
0.00000	0.00000	0.00000	1.00000

boidNo = 3
boid Wall No = 0
position = = (-3.9, -2.2, -8.9)
Boid Radius= 9.999999
Boid Frame=
 -0.62298	-0.39257	-0.67660	-3.92566
-0.65083	-0.21971	0.72674	-2.19712
0.43395	-0.89310	0.11862	-8.93095
0.00000	0.00000	0.00000	1.00000

boidNo = 4
boid Wall No = 1
position = = (-3.2, 7.9, 5.2)
Boid Radius= 10
Boid Frame=
 0.66759	-0.32179	0.67140	-3.21792
-0.19939	0.79156	0.57764	7.91564
0.71734	0.51950	-0.46428	5.19497
0.00000	0.00000	0.00000	1.00000

boidNo = 5
boid Wall No = 1
position = = (4.4, 7.5, -5.0)
Boid Radius= 10
Boid Frame=
 -0.49585	0.43759	-0.75010	4.37586
-0.26678	0.74524	0.61110	7.45239
-0.82642	-0.50313	0.25278	-5.03127
0.00000	0.00000	0.00000	1.00000

boidNo = 6
boid Wall No = 0
position = = (3.5, -8.5, 3.9)
Boid Radius= 10
Boid Frame=
 0.83205	0.35240	0.42838	3.52400
0.09315	-0.85006	0.51838	-8.50064
-0.54682	0.39142	0.74012	3.91415
0.00000	0.00000	0.00000	1.00000

boidNo = 7
boid Wall No = 0
position = = (-2.6, -9.5, 1.9)
Boid Radius= 10
Boid Frame=
 0.17483	-0.26102	-0.94937	-2.61017
0.14791	-0.94632	0.28742	-9.46316
0.97343	0.19067	0.12683	1.90672
0.00000	0.00000	0.00000	1.00000

boidNo = 8
boid Wall No = 0
position = = (3.5, -9.1, 2.0)
Boid Radius= 10
Boid Frame=
 0.76804	0.35362	0.53391	3.53623
0.16036	-0.91336	0.37425	-9.13355
-0.62000	0.20182	0.75820	2.01824
0.00000	0.00000	0.00000	1.00000

boidNo = 9
boid Wall No = 1
position = = (-1.3, 9.9, -0.7)
Boid Radius= 10
Boid Frame=
 -0.00435	-0.12935	0.99159	-1.29351
0.06543	0.98944	0.12936	9.89437
0.99785	-0.06545	-0.00416	-0.65446
0.00000	0.00000	0.00000	1.00000

boidNo = 10
boid Wall No = 1
position = = (-5.3, 8.4, -0.7)
Boid Radius= 10
Boid Frame=
 -0.30116	-0.53394	0.79007	-5.33940
-0.11576	0.84288	0.52551	8.42879
0.94652	-0.06681	0.31565	-0.66807
0.00000	0.00000	0.00000	1.00000

boidNo = 11
boid Wall No = 0
position = = (3.1, -3.4, 8.9)
Boid Radius= 10
Boid Frame=
 0.70846	0.30995	0.63405	3.09954
-0.53919	-0.34197	0.76963	-3.41969
-0.45538	0.88712	0.07515	8.87122
0.00000	0.00000	0.00000	1.00000

boidNo = 12
boid Wall No = 1
position = = (-0.2, 9.6, -2.8)
Boid Radius= 10
Boid Frame=
 -0.96896	-0.01763	0.24657	-0.17625
0.05186	0.96077	0.27247	9.60765
0.24170	-0.27680	0.93003	-2.76803
0.00000	0.00000	0.00000	1.00000

boidNo = 13
boid Wall No = 1
position = = (-2.9, 9.5, 0.5)
Boid Radius= 10
Boid Frame=
 0.31127	-0.29320	0.90396	-2.93201
0.04742	0.95482	0.29337	9.54823
0.94914	0.04845	-0.31111	0.48449
0.00000	0.00000	0.00000	1.00000

boidNo = 14
boid Wall No = 1
position = = (-3.4, 9.4, 0.7)
Boid Radius= 10
Boid Frame=
 0.28394	-0.34199	0.89578	-3.41985
0.02779	0.93678	0.34883	9.36775
0.95844	0.07415	-0.27549	0.74153
0.00000	0.00000	0.00000	1.00000

boidNo = 15
boid Wall No = 0
position = = (-1.9, -2.1, 9.6)
Boid Radius= 10
Boid Frame=
 0.70118	-0.18734	0.68793	-1.87338
-0.71277	-0.20792	0.66987	-2.07917
-0.01754	0.96004	0.27932	9.60039
0.00000	0.00000	0.00000	1.00000

boidNo = 16
boid Wall No = 0
position = = (0.2, -10.0, 0.0)
Boid Radius= 10
Boid Frame=
 0.06126	0.02498	0.99781	0.24981
-0.00161	-0.99968	0.02513	-9.99683
-0.99812	0.00315	0.06120	0.03148
0.00000	0.00000	0.00000	1.00000

boidNo = 17
boid Wall No = 1
position = = (6.0, 2.7, 7.5)
Boid Radius= 10
Boid Frame=
 0.68756	0.60388	0.40323	6.03880
-0.65161	0.26808	0.70960	2.68083
-0.32041	0.75064	-0.57782	7.50640
0.00000	0.00000	0.00000	1.00000

boidNo = 18
boid Wall No = 1
position = = (5.8, 5.6, -5.9)
Boid Radius= 10
Boid Frame=
 -0.38208	0.57955	-0.71982	5.79550
-0.45547	0.55965	0.69235	5.59647
-0.80409	-0.59238	-0.05014	-5.92383
0.00000	0.00000	0.00000	1.00000

boidNo = 19
boid Wall No = 1
position = = (-0.7, 9.8, -2.1)
Boid Radius= 10
Boid Frame=
 -0.79917	-0.06884	0.59715	-0.68840
0.06928	0.97625	0.20526	9.76252
0.59710	-0.20541	0.77542	-2.05409
0.00000	0.00000	0.00000	1.00000

boidNo = 20
boid Wall No = 0
position = = (7.2, -2.3, -6.6)
Boid Radius= 10
Boid Frame=
 -0.64273	0.71819	-0.26665	7.18190
-0.58462	-0.23487	0.77657	-2.34871
-0.49509	-0.65501	-0.57083	-6.55011
0.00000	0.00000	0.00000	1.00000

boidNo = 21
boid Wall No = 1
position = = (0.1, 5.0, 8.7)
Boid Radius= 10
Boid Frame=
 0.80910	0.01263	0.58753	0.12629
-0.51394	0.50007	0.69700	5.00067
0.28500	0.86589	-0.41109	8.65895
0.00000	0.00000	0.00000	1.00000

boidNo = 22
boid Wall No = 1
position = = (2.2, 8.0, -5.6)
Boid Radius= 10
Boid Frame=
 -0.78476	0.21807	-0.58017	2.18068
-0.19870	0.79814	0.56876	7.98141
-0.58709	-0.56162	0.58302	-5.61620
0.00000	0.00000	0.00000	1.00000

boidNo = 23
boid Wall No = 1
position = = (-1.5, 6.5, -7.5)
Boid Radius= 10
Boid Frame=
 -0.87902	-0.15060	-0.45238	-1.50603
-0.43362	0.64702	0.62717	6.47020
-0.19825	-0.74745	0.63405	-7.47452
0.00000	0.00000	0.00000	1.00000

boidNo = 24
boid Wall No = 1
position = = (-1.1, 9.8, -1.5)
Boid Radius= 10
Boid Frame=
 -0.52389	-0.10704	0.84503	-1.07036
0.07000	0.98331	0.16795	9.83307
0.84890	-0.14714	0.50765	-1.47141
0.00000	0.00000	0.00000	1.00000

boidNo = 25
boid Wall No = 1
position = = (-1.0, 9.9, 0.8)
Boid Radius= 9.999999
Boid Frame=
 0.90446	-0.10252	0.41405	-1.02520
0.06053	0.99171	0.11333	9.91712
0.42224	0.07744	-0.90317	0.77441
0.00000	0.00000	0.00000	1.00000

boidNo = 26
boid Wall No = 1
position = = (0.0, 9.9, 1.3)
Boid Radius= 10
Boid Frame=
 0.90802	-0.00240	-0.41892	-0.02403
0.05605	0.99169	0.11580	9.91690
-0.41516	0.12863	-0.90061	1.28631
0.00000	0.00000	0.00000	1.00000

boidNo = 27
boid Wall No = 1
position = = (-4.0, 6.4, -6.5)
Boid Radius= 10
Boid Frame=
 -0.89703	-0.40066	-0.18656	-4.00662
-0.42012	0.64193	0.64142	6.41932
0.13724	-0.65375	0.74416	-6.53754
0.00000	0.00000	0.00000	1.00000

boidNo = 28
boid Wall No = 0
position = = (0.0, -7.2, -7.0)
Boid Radius= 10
Boid Frame=
 -0.97522	0.00301	-0.22123	0.03014
-0.15629	-0.71712	0.67919	-7.17124
0.15660	-0.69694	-0.69982	-6.96939
0.00000	0.00000	0.00000	1.00000

