Iteration Num of Simuation:0
m_SimulationDeltaT of action plan:0
boidNo = 0
boid Wall No = 1
position = = (4.3, 5.0, -7.6)
Boid Radius= 10
Boid Frame=
 -0.56243	0.42810	-0.70739	4.28097
-0.50775	0.49641	0.70411	4.96408
-0.65258	-0.75519	0.06183	-7.55190
0.00000	0.00000	0.00000	1.00000

boidNo = 1
boid Wall No = 0
position = = (-0.2, -10.0, 0.0)
Boid Radius= 10
Boid Frame=
 0.22717	-0.01862	-0.97368	-0.18617
-0.00044	-0.99982	0.01901	-9.99819
0.97386	0.00389	0.22713	0.03891
0.00000	0.00000	0.00000	1.00000

boidNo = 2
boid Wall No = 0
position = = (6.5, -5.6, -5.2)
Boid Radius= 9.999999
Boid Frame=
 -0.75999	0.64983	0.01147	6.49832
-0.46619	-0.55735	0.68704	-5.57346
-0.45286	-0.51680	-0.72653	-5.16801
0.00000	0.00000	0.00000	1.00000

boidNo = 3
boid Wall No = 1
position = = (1.8, 8.5, -5.0)
Boid Radius= 10
Boid Frame=
 -0.83895	0.17706	-0.51460	1.77058
-0.13731	0.84614	0.51498	8.46136
-0.52660	-0.50270	0.68555	-5.02698
0.00000	0.00000	0.00000	1.00000

boidNo = 4
boid Wall No = 0
position = = (0.0, -10.0, 0.0)
Boid Radius= 10
Boid Frame=
 0.61051	-0.00208	-0.79201	-0.02076
-0.00006	-1.00000	0.00258	-9.99997
0.79201	0.00153	0.61051	0.01530
0.00000	0.00000	0.00000	1.00000

boidNo = 5
boid Wall No = 1
position = = (-3.5, 1.5, 9.3)
Boid Radius= 10
Boid Frame=
 0.60265	-0.34799	0.71813	-3.47994
-0.72121	0.14768	0.67680	1.47684
0.34158	0.92579	0.16197	9.25791
0.00000	0.00000	0.00000	1.00000

boidNo = 6
boid Wall No = 1
position = = (6.7, 0.8, -7.3)
Boid Radius= 10
Boid Frame=
 -0.48436	0.67401	-0.55777	6.74015
-0.70307	0.07954	0.70666	0.79541
-0.52066	-0.73442	-0.43535	-7.34423
0.00000	0.00000	0.00000	1.00000

boidNo = 7
boid Wall No = 0
position = = (1.5, -7.3, -6.6)
Boid Radius= 10
Boid Frame=
 -0.98925	0.14558	-0.01349	1.45582
-0.11723	-0.73473	0.66815	-7.34730
-0.08736	-0.66255	-0.74390	-6.62553
0.00000	0.00000	0.00000	1.00000

boidNo = 8
boid Wall No = 0
position = = (7.1, -6.6, 2.2)
Boid Radius= 10
Boid Frame=
 0.10286	0.71461	0.69192	7.14611
-0.21727	-0.66267	0.71670	-6.62671
-0.97068	0.22405	-0.08710	2.24049
0.00000	0.00000	0.00000	1.00000

boidNo = 9
boid Wall No = 1
position = = (-5.8, 8.1, 1.0)
Boid Radius= 10
Boid Frame=
 -0.05324	-0.57591	0.81578	-5.75914
-0.16099	0.81120	0.56218	8.11197
0.98552	0.10140	0.13590	1.01401
0.00000	0.00000	0.00000	1.00000

boidNo = 10
boid Wall No = 1
position = = (8.7, 2.3, -4.3)
Boid Radius= 10
Boid Frame=
 -0.18382	0.87355	-0.45069	8.73548
-0.65272	0.23435	0.72044	2.34347
-0.73496	-0.42661	-0.52711	-4.26609
0.00000	0.00000	0.00000	1.00000

boidNo = 11
boid Wall No = 1
position = = (8.1, 5.9, 0.3)
Boid Radius= 10
Boid Frame=
 0.35820	0.80531	-0.47240	8.05313
-0.44522	0.59208	0.67173	5.92076
-0.82066	0.03029	-0.57062	0.30290
0.00000	0.00000	0.00000	1.00000

boidNo = 12
boid Wall No = 1
position = = (-2.6, 9.6, -0.4)
Boid Radius= 10
Boid Frame=
 -0.09995	-0.26415	0.95929	-2.64146
0.01321	0.96368	0.26673	9.63681
0.99490	-0.03933	0.09283	-0.39332
0.00000	0.00000	0.00000	1.00000

boidNo = 13
boid Wall No = 0
position = = (7.6, -6.5, -0.6)
Boid Radius= 10
Boid Frame=
 -0.31545	0.75956	0.56883	7.59557
-0.28726	-0.64774	0.70563	-6.47742
-0.90442	-0.05919	-0.42252	-0.59189
0.00000	0.00000	0.00000	1.00000

boidNo = 14
boid Wall No = 0
position = = (-0.7, -9.9, 1.3)
Boid Radius= 10
Boid Frame=
 0.63224	-0.06535	-0.77202	-0.65351
0.05618	-0.98995	0.12980	-9.89947
0.77274	0.12543	0.62221	1.25435
0.00000	0.00000	0.00000	1.00000

