Iteration Num of Simuation:0
m_SimulationDeltaT of action plan:0
boidNo = 0
boid Wall No = 1
position = = (-6.3, 5.7, 5.2)
Boid Radius= 10
Boid Frame=
 0.25511	-0.63429	0.72979	-6.34294
-0.48735	0.56753	0.66363	5.67529
0.83511	0.52496	0.16434	5.24959
0.00000	0.00000	0.00000	1.00000

boidNo = 1
boid Wall No = 0
position = = (-9.4, -1.9, -2.8)
Boid Radius= 10
Boid Frame=
 -0.04412	-0.94217	-0.33221	-9.42172
-0.75523	-0.18622	0.62845	-1.86224
0.65397	-0.27863	0.70334	-2.78628
0.00000	0.00000	0.00000	1.00000

boidNo = 2
boid Wall No = 0
position = = (-0.9, -6.6, 7.5)
Boid Radius= 10
Boid Frame=
 0.90020	-0.09263	0.42550	-0.92633
-0.37563	-0.65949	0.65113	-6.59495
-0.22030	0.74598	0.62848	7.45980
0.00000	0.00000	0.00000	1.00000

boidNo = 3
boid Wall No = 0
position = = (3.3, -1.0, -9.4)
Boid Radius= 10
Boid Frame=
 -0.70977	0.32527	-0.62484	3.25270
-0.68322	-0.10179	0.72309	-1.01786
-0.17160	-0.94013	-0.29447	-9.40127
0.00000	0.00000	0.00000	1.00000

boidNo = 4
boid Wall No = 0
position = = (2.7, -4.0, -8.8)
Boid Radius= 10
Boid Frame=
 -0.65711	0.26560	-0.70545	2.65604
-0.74137	-0.39691	0.54114	-3.96908
0.13627	-0.87859	-0.45773	-8.78589
0.00000	0.00000	0.00000	1.00000

boidNo = 5
boid Wall No = 0
position = = (9.7, 0.0, -2.5)
Boid Radius= 10
Boid Frame=
 -0.18942	0.96726	-0.16893	9.67256
-0.67961	-0.00497	0.73356	-0.04974
-0.70870	-0.25375	-0.65830	-2.53753
0.00000	0.00000	0.00000	1.00000

boidNo = 6
boid Wall No = 0
position = = (5.9, -8.0, 1.2)
Boid Radius= 10
Boid Frame=
 0.19098	0.59349	0.78185	5.93493
-0.00984	-0.79531	0.60612	-7.95315
-0.98154	0.12345	0.14605	1.23452
0.00000	0.00000	0.00000	1.00000

boidNo = 7
boid Wall No = 0
position = = (-1.8, -8.2, -5.4)
Boid Radius= 10
Boid Frame=
 -0.96712	-0.18007	-0.17958	-1.80072
0.04789	-0.82246	0.56680	-8.22464
0.24976	-0.53956	-0.80405	-5.39563
0.00000	0.00000	0.00000	1.00000

boidNo = 8
boid Wall No = 1
position = = (6.2, 7.8, -0.8)
Boid Radius= 10
Boid Frame=
 0.14337	0.61736	-0.77351	6.17358
-0.21307	0.78251	0.58505	7.82507
-0.96646	-0.08094	-0.24373	-0.80937
0.00000	0.00000	0.00000	1.00000

boidNo = 9
boid Wall No = 1
position = = (5.1, 2.3, 8.3)
Boid Radius= 10
Boid Frame=
 0.68695	0.51160	0.51611	5.11602
-0.68940	0.23417	0.68548	2.34173
-0.22983	0.82670	-0.51357	8.26696
0.00000	0.00000	0.00000	1.00000

boidNo = 10
boid Wall No = 1
position = = (-2.0, 9.5, 2.5)
Boid Radius= 10
Boid Frame=
 0.84354	-0.20294	0.49725	-2.02943
0.04103	0.94750	0.31711	9.47501
0.53550	0.24710	-0.80758	2.47096
0.00000	0.00000	0.00000	1.00000

boidNo = 11
boid Wall No = 1
position = = (-3.5, 4.4, 8.3)
Boid Radius= 10
Boid Frame=
 0.59776	-0.35141	0.72055	-3.51408
-0.57548	0.43766	0.69086	4.37657
0.55813	0.82763	-0.05939	8.27628
0.00000	0.00000	0.00000	1.00000

boidNo = 12
boid Wall No = 0
position = = (-2.0, -9.8, 0.2)
Boid Radius= 10
Boid Frame=
 -0.37701	-0.20449	-0.90335	-2.04491
0.09404	-0.97873	0.18231	-9.78734
0.92142	0.01622	-0.38822	0.16216
0.00000	0.00000	0.00000	1.00000

boidNo = 13
boid Wall No = 0
position = = (-9.7, -2.2, 1.1)
Boid Radius= 10
Boid Frame=
 0.22326	-0.96958	-0.10038	-9.69575
-0.61683	-0.22027	0.75565	-2.20272
0.75477	0.10679	0.64724	1.06790
0.00000	0.00000	0.00000	1.00000

boidNo = 14
boid Wall No = 1
position = = (0.0, 9.8, -1.9)
Boid Radius= 10
Boid Frame=
 -0.99029	-0.00453	0.13896	-0.04532
0.02158	0.98235	0.18583	9.82346
0.13735	-0.18702	0.97271	-1.87021
0.00000	0.00000	0.00000	1.00000

