Iteration Num of Simuation:0
m_SimulationDeltaT of action plan:0
boidNo = 0
boid Wall No = 0
position = = (-2.8, -6.6, -7.0)
Boid Radius= 10
Boid Frame=
 -0.80657	-0.28310	-0.51895	-2.83100
-0.23055	-0.65770	0.71713	-6.57700
0.54433	-0.69806	-0.46521	-6.98058
0.00000	0.00000	0.00000	1.00000

boidNo = 1
boid Wall No = 1
position = = (0.4, 7.3, -6.8)
Boid Radius= 10
Boid Frame=
 -0.90267	0.03899	-0.42857	0.38990
-0.26823	0.72778	0.63118	7.27779
-0.33651	-0.68470	0.64648	-6.84702
0.00000	0.00000	0.00000	1.00000

boidNo = 2
boid Wall No = 0
position = = (-1.0, -9.4, 3.4)
Boid Radius= 10
Boid Frame=
 0.95050	-0.09620	-0.29546	-0.96200
0.01458	-0.93601	0.35168	-9.36008
0.31038	0.33858	0.88827	3.38578
0.00000	0.00000	0.00000	1.00000

boidNo = 3
boid Wall No = 1
position = = (-7.6, 0.5, 6.5)
Boid Radius= 10
Boid Frame=
 0.40581	-0.75795	0.51071	-7.57950
-0.74636	0.04768	0.66383	0.47684
0.52750	0.65057	0.54636	6.50567
0.00000	0.00000	0.00000	1.00000

boidNo = 4
boid Wall No = 0
position = = (-4.3, -7.7, 4.7)
Boid Radius= 10
Boid Frame=
 0.80663	-0.43261	-0.40274	-4.32611
-0.09749	-0.76943	0.63124	-7.69435
0.58297	0.46991	0.66282	4.69913
0.00000	0.00000	0.00000	1.00000

boidNo = 5
boid Wall No = 0
position = = (8.8, -4.7, 0.6)
Boid Radius= 10
Boid Frame=
 -0.22038	0.88229	0.41593	8.82290
-0.51581	-0.46733	0.71801	-4.67327
-0.82787	0.05630	-0.55809	0.56304
0.00000	0.00000	0.00000	1.00000

boidNo = 6
boid Wall No = 1
position = = (4.9, 5.3, -6.9)
Boid Radius= 10
Boid Frame=
 -0.46844	0.48901	-0.73582	4.89011
-0.50715	0.53314	0.67717	5.33137
-0.72344	-0.69039	0.00174	-6.90386
0.00000	0.00000	0.00000	1.00000

boidNo = 7
boid Wall No = 1
position = = (-3.2, 4.4, 8.4)
Boid Radius= 9.999999
Boid Frame=
 0.45964	-0.31815	0.82917	-3.18150
-0.70079	0.44360	0.55868	4.43598
0.54556	0.83786	0.01906	8.37856
0.00000	0.00000	0.00000	1.00000

boidNo = 8
boid Wall No = 1
position = = (4.6, 4.1, -7.9)
Boid Radius= 10
Boid Frame=
 -0.58670	0.45977	-0.66662	4.59771
-0.52597	0.40957	0.74539	4.09565
-0.61574	-0.78795	-0.00153	-7.87951
0.00000	0.00000	0.00000	1.00000

boidNo = 9
boid Wall No = 0
position = = (7.5, -6.1, -2.6)
Boid Radius= 10
Boid Frame=
 -0.60798	0.75195	0.25481	7.51951
-0.48796	-0.60706	0.62719	-6.07064
-0.62630	-0.25699	-0.73600	-2.56988
0.00000	0.00000	0.00000	1.00000

boidNo = 10
boid Wall No = 1
position = = (7.5, 6.5, 0.9)
Boid Radius= 10
Boid Frame=
 0.40734	0.75160	-0.51881	7.51603
-0.34666	0.65281	0.67355	6.52809
-0.84492	0.09451	-0.52647	0.94513
0.00000	0.00000	0.00000	1.00000

boidNo = 11
boid Wall No = 1
position = = (-5.2, 6.3, -5.7)
Boid Radius= 10
Boid Frame=
 -0.85479	-0.51875	-0.01503	-5.18753
-0.39631	0.63379	0.66427	6.33786
0.33506	-0.57377	0.74734	-5.73769
0.00000	0.00000	0.00000	1.00000

boidNo = 12
boid Wall No = 1
position = = (2.0, 8.0, 5.6)
Boid Radius= 10
Boid Frame=
 0.85436	0.20289	0.47844	2.02889
-0.42476	0.80306	0.41794	8.03063
0.29942	0.56029	-0.77228	5.60291
0.00000	0.00000	0.00000	1.00000

boidNo = 13
boid Wall No = 1
position = = (4.1, 8.5, 3.3)
Boid Radius= 10
Boid Frame=
 0.89175	0.40941	0.19279	4.09408
-0.44932	0.85171	0.26962	8.51713
0.05382	0.32706	-0.94347	3.27061
0.00000	0.00000	0.00000	1.00000

boidNo = 14
boid Wall No = 0
position = = (-7.2, -6.9, 0.5)
Boid Radius= 10
Boid Frame=
 0.24141	-0.72388	-0.64631	-7.23883
-0.18383	-0.68806	0.70198	-6.88061
0.95285	0.05066	0.29918	0.50657
0.00000	0.00000	0.00000	1.00000

boidNo = 15
boid Wall No = 0
position = = (-7.5, -6.2, -2.3)
Boid Radius= 10
Boid Frame=
 0.07780	-0.74787	-0.65927	-7.47874
-0.42810	-0.62226	0.65537	-6.22262
0.90037	-0.23124	0.36858	-2.31244
0.00000	0.00000	0.00000	1.00000

boidNo = 16
boid Wall No = 1
position = = (5.9, 4.9, -6.4)
Boid Radius= 10
Boid Frame=
 0.06210	0.59339	-0.80251	5.93391
-0.82098	0.48762	0.29702	4.87623
-0.56758	-0.64040	-0.51744	-6.40399
0.00000	0.00000	0.00000	1.00000

boidNo = 17
boid Wall No = 0
position = = (0.1, -9.4, -3.5)
Boid Radius= 10
Boid Frame=
 -0.98075	0.01012	-0.19501	0.10123
-0.07726	-0.93728	0.33992	-9.37276
0.17934	-0.34844	-0.92001	-3.48440
0.00000	0.00000	0.00000	1.00000

boidNo = 18
boid Wall No = 1
position = = (4.0, 9.0, 1.5)
Boid Radius= 10
Boid Frame=
 0.54358	0.40440	-0.73552	4.04399
-0.10588	0.90232	0.41786	9.02321
-0.83265	0.14926	-0.53330	1.49261
0.00000	0.00000	0.00000	1.00000

boidNo = 19
boid Wall No = 0
position = = (3.0, -6.8, 6.6)
Boid Radius= 10
Boid Frame=
 0.61359	0.30457	0.72853	3.04568
-0.39351	-0.68195	0.61652	-6.81950
-0.68459	0.66497	0.29859	6.64968
0.00000	0.00000	0.00000	1.00000

