Iteration Num of Simuation:0
m_SimulationDeltaT of action plan:0
boidNo = 0
boid Wall No = 0
position = = (-9.0, -2.6, 3.5)
Boid Radius= 10
Boid Frame=
 0.44046	-0.89771	0.01055	-8.97709
-0.55471	-0.26289	0.78942	-2.62891
0.70590	0.35356	0.61376	3.53564
0.00000	0.00000	0.00000	1.00000

boidNo = 1
boid Wall No = 0
position = = (3.8, -8.4, 3.8)
Boid Radius= 10
Boid Frame=
 0.67804	0.38252	0.62765	3.82518
-0.01942	-0.84429	0.53553	-8.44291
-0.73477	0.37530	0.56503	3.75303
0.00000	0.00000	0.00000	1.00000

boidNo = 2
boid Wall No = 0
position = = (-8.6, -4.9, 1.5)
Boid Radius= 10
Boid Frame=
 0.45491	-0.85715	-0.24157	-8.57146
-0.58242	-0.49157	0.64742	-4.91568
0.67368	0.15382	0.72284	1.53823
0.00000	0.00000	0.00000	1.00000

boidNo = 3
boid Wall No = 0
position = = (9.6, -0.8, 2.8)
Boid Radius= 10
Boid Frame=
 0.17934	0.95653	0.22998	9.56529
-0.60113	-0.07851	0.79528	-0.78508
-0.77877	0.28087	-0.56092	2.80873
0.00000	0.00000	0.00000	1.00000

boidNo = 4
boid Wall No = 0
position = = (7.2, -5.6, 4.0)
Boid Radius= 10
Boid Frame=
 0.21395	0.72396	0.65583	7.23958
-0.36747	-0.56241	0.74071	-5.62410
-0.90509	0.39947	-0.14571	3.99475
0.00000	0.00000	0.00000	1.00000

boidNo = 5
boid Wall No = 0
position = = (-9.5, -1.8, -2.6)
Boid Radius= 10
Boid Frame=
 -0.12348	-0.94957	-0.28822	-9.49568
-0.54342	-0.17832	0.82031	-1.78321
0.83033	-0.25792	0.49399	-2.57920
0.00000	0.00000	0.00000	1.00000

boidNo = 6
boid Wall No = 0
position = = (10.0, -0.8, 0.5)
Boid Radius= 10
Boid Frame=
 -0.02065	0.99509	0.09679	9.95090
-0.71592	-0.08230	0.69332	-0.82297
-0.69788	0.05497	-0.71410	0.54974
0.00000	0.00000	0.00000	1.00000

boidNo = 7
boid Wall No = 0
position = = (1.1, -9.9, -0.4)
Boid Radius= 10
Boid Frame=
 -0.38061	0.11362	0.91773	1.13617
-0.00917	-0.99284	0.11911	-9.92838
-0.92469	-0.03692	-0.37893	-0.36921
0.00000	0.00000	0.00000	1.00000

boidNo = 8
boid Wall No = 0
position = = (5.1, -8.3, -2.5)
Boid Radius= 10
Boid Frame=
 -0.36665	0.50854	0.77907	5.08545
0.05151	-0.82501	0.56277	-8.25005
-0.92893	-0.24647	-0.27629	-2.46472
0.00000	0.00000	0.00000	1.00000

boidNo = 9
boid Wall No = 0
position = = (8.3, -1.0, 5.5)
Boid Radius= 10
Boid Frame=
 0.07063	0.82694	0.55783	8.26943
-0.95544	-0.10459	0.27603	-1.04594
-0.28661	0.55247	-0.78271	5.52472
0.00000	0.00000	0.00000	1.00000

boidNo = 10
boid Wall No = 1
position = = (-1.0, 6.0, -7.9)
Boid Radius= 10
Boid Frame=
 -0.87645	-0.10467	-0.46998	-1.04671
-0.43250	0.60011	0.67291	6.00107
-0.21160	-0.79304	0.57123	-7.93042
0.00000	0.00000	0.00000	1.00000

boidNo = 11
boid Wall No = 0
position = = (6.4, -0.4, 7.7)
Boid Radius= 10
Boid Frame=
 0.52398	0.64149	0.56031	6.41486
-0.70616	-0.04062	0.70688	-0.40623
-0.47622	0.76606	-0.43171	7.66059
0.00000	0.00000	0.00000	1.00000

boidNo = 12
boid Wall No = 0
position = = (4.4, -7.0, -5.6)
Boid Radius= 10
Boid Frame=
 -0.87057	0.43643	0.22724	4.36429
-0.17328	-0.70418	0.68855	-7.04180
-0.46052	-0.56005	-0.68866	-5.60054
0.00000	0.00000	0.00000	1.00000

boidNo = 13
boid Wall No = 1
position = = (9.2, 0.1, 4.0)
Boid Radius= 10
Boid Frame=
 0.28311	0.91813	0.27727	9.18133
-0.71192	0.00746	0.70222	0.07458
-0.64266	0.39620	-0.65575	3.96203
0.00000	0.00000	0.00000	1.00000

boidNo = 14
boid Wall No = 0
position = = (-3.7, -9.2, 1.2)
Boid Radius= 10
Boid Frame=
 -0.04208	-0.37202	-0.92727	-3.72022
0.14885	-0.92007	0.36238	-9.20069
0.98796	0.12277	-0.09409	1.22774
0.00000	0.00000	0.00000	1.00000

boidNo = 15
boid Wall No = 1
position = = (-8.8, 3.0, 3.5)
Boid Radius= 10
Boid Frame=
 0.06028	-0.88412	0.46336	-8.84116
-0.67734	0.30474	0.66958	3.04744
0.73320	0.35422	0.58048	3.54217
0.00000	0.00000	0.00000	1.00000

boidNo = 16
boid Wall No = 1
position = = (2.7, 2.2, 9.4)
Boid Radius= 10
Boid Frame=
 0.77398	0.27361	0.57104	2.73611
-0.62806	0.21694	0.74732	2.16943
-0.08059	0.93706	-0.33975	9.37055
0.00000	0.00000	0.00000	1.00000

boidNo = 17
boid Wall No = 0
position = = (-8.1, -4.4, -3.8)
Boid Radius= 10
Boid Frame=
 -0.09139	-0.81107	-0.57777	-8.11067
-0.55146	-0.44189	0.70755	-4.41893
0.82918	-0.38328	0.40688	-3.83277
0.00000	0.00000	0.00000	1.00000

boidNo = 18
boid Wall No = 1
position = = (-8.7, 4.8, 0.8)
Boid Radius= 10
Boid Frame=
 -0.19199	-0.87217	0.44995	-8.72173
-0.49526	0.48192	0.72282	4.81921
0.84726	0.08406	0.52448	0.84064
0.00000	0.00000	0.00000	1.00000

boidNo = 19
boid Wall No = 0
position = = (0.0, -10.0, 0.4)
Boid Radius= 10
Boid Frame=
 0.98240	0.00015	-0.18680	0.00154
0.00836	-0.99903	0.04316	-9.99033
0.18661	0.04397	0.98145	0.43966
0.00000	0.00000	0.00000	1.00000

