Iteration Num of Simuation:0
m_SimulationDeltaT of action plan:0
boidNo = 0
boid Wall No = 0
position = = (5.7, -7.4, 3.6)
Boid Radius= 10
Boid Frame=
 0.06905	0.56985	0.81884	5.69848
-0.39821	-0.73684	0.54635	-7.36837
-0.91469	0.36379	-0.17604	3.63793
0.00000	0.00000	0.00000	1.00000

boidNo = 1
boid Wall No = 0
position = = (2.2, -6.7, -7.1)
Boid Radius= 10
Boid Frame=
 -0.88167	0.21770	-0.41864	2.17696
-0.44738	-0.66772	0.59498	-6.67718
0.15001	-0.71187	-0.68610	-7.11872
0.00000	0.00000	0.00000	1.00000

boidNo = 2
boid Wall No = 1
position = = (3.5, 9.3, 0.8)
Boid Radius= 10
Boid Frame=
 0.16913	0.34898	-0.92174	3.48985
0.01945	0.93385	0.35714	9.33849
-0.98540	0.07833	-0.15116	0.78329
0.00000	0.00000	0.00000	1.00000

boidNo = 3
boid Wall No = 0
position = = (-6.6, -6.0, 4.5)
Boid Radius= 10
Boid Frame=
 0.72079	-0.66437	-0.19766	-6.64373
-0.35113	-0.59583	0.72229	-5.95828
0.59764	0.45122	0.66275	4.51217
0.00000	0.00000	0.00000	1.00000

boidNo = 4
boid Wall No = 1
position = = (3.6, 7.9, -5.0)
Boid Radius= 10
Boid Frame=
 -0.61878	0.36370	-0.69630	3.63695
-0.19821	0.78541	0.58639	7.85406
-0.76014	-0.50086	0.41391	-5.00862
0.00000	0.00000	0.00000	1.00000

boidNo = 5
boid Wall No = 1
position = = (-8.0, 2.0, -5.6)
Boid Radius= 10
Boid Frame=
 -0.43830	-0.80273	-0.40437	-8.02733
-0.83589	0.19865	0.51168	1.98651
0.33042	-0.56228	0.75807	-5.62279
0.00000	0.00000	0.00000	1.00000

boidNo = 6
boid Wall No = 0
position = = (-6.4, -0.5, -7.7)
Boid Radius= 10
Boid Frame=
 0.00793	-0.63768	-0.77026	-6.37680
-0.99789	-0.05474	0.03504	-0.54743
0.06451	-0.76835	0.63677	-7.68354
0.00000	0.00000	0.00000	1.00000

boidNo = 7
boid Wall No = 1
position = = (-1.2, 2.8, 9.5)
Boid Radius= 10
Boid Frame=
 0.75030	-0.11865	0.65037	-1.18647
-0.60306	0.28024	0.74685	2.80243
0.27087	0.95257	-0.13871	9.52569
0.00000	0.00000	0.00000	1.00000

boidNo = 8
boid Wall No = 0
position = = (-5.9, -1.4, -8.0)
Boid Radius= 9.999999
Boid Frame=
 -0.27993	-0.58762	-0.75918	-5.87617
-0.88834	-0.14130	0.43692	-1.41295
0.36401	-0.79671	0.48245	-7.96707
0.00000	0.00000	0.00000	1.00000

boidNo = 9
boid Wall No = 0
position = = (-9.3, -3.2, 1.7)
Boid Radius= 10
Boid Frame=
 0.34739	-0.93362	-0.08759	-9.33622
-0.69094	-0.31800	0.64922	-3.17995
0.63398	0.16501	0.75554	1.65011
0.00000	0.00000	0.00000	1.00000

boidNo = 10
boid Wall No = 0
position = = (3.3, -5.8, 7.5)
Boid Radius= 10
Boid Frame=
 -0.37430	0.32728	0.86763	3.27283
-0.80569	-0.57800	-0.12954	-5.77998
-0.45909	0.74753	-0.48003	7.47532
0.00000	0.00000	0.00000	1.00000

boidNo = 11
boid Wall No = 0
position = = (9.9, -0.8, -0.7)
Boid Radius= 9.999999
Boid Frame=
 -0.10976	0.99394	-0.00591	9.93941
-0.78791	-0.08338	0.61012	-0.83378
-0.60593	-0.07162	-0.79229	-0.71619
0.00000	0.00000	0.00000	1.00000

boidNo = 12
boid Wall No = 0
position = = (3.5, -4.2, 8.4)
Boid Radius= 9.999999
Boid Frame=
 0.72595	0.35352	0.58992	3.53524
-0.44029	-0.42005	0.79354	-4.20045
-0.52833	0.83581	0.14928	8.35813
0.00000	0.00000	0.00000	1.00000

boidNo = 13
boid Wall No = 0
position = = (-0.8, -9.9, -0.8)
Boid Radius= 10
Boid Frame=
 -0.80346	-0.07753	-0.59029	-0.77529
0.01306	-0.99354	0.11271	-9.93542
0.59522	-0.08285	-0.79928	-0.82850
0.00000	0.00000	0.00000	1.00000

boidNo = 14
boid Wall No = 1
position = = (-9.3, 3.5, -1.3)
Boid Radius= 10
Boid Frame=
 -0.34932	-0.92841	0.12660	-9.28412
-0.69699	0.34776	0.62711	3.47757
0.62625	-0.13083	0.76857	-1.30826
0.00000	0.00000	0.00000	1.00000

boidNo = 15
boid Wall No = 1
position = = (4.7, 8.8, 0.3)
Boid Radius= 10
Boid Frame=
 0.40777	0.47482	-0.77992	4.74819
-0.18587	0.87944	0.43823	8.79437
-0.89397	0.03374	-0.44686	0.33736
0.00000	0.00000	0.00000	1.00000

boidNo = 16
boid Wall No = 0
position = = (0.1, -10.0, 0.5)
Boid Radius= 10
Boid Frame=
 0.58845	0.01458	0.80840	0.14581
-0.02823	-0.99886	0.03857	-9.98857
-0.80804	0.04552	0.58737	0.45520
0.00000	0.00000	0.00000	1.00000

boidNo = 17
boid Wall No = 1
position = = (5.4, 8.3, -1.4)
Boid Radius= 9.999999
Boid Frame=
 0.37763	0.54463	-0.74885	5.44630
-0.39086	0.82691	0.40430	8.26906
-0.83942	-0.14002	-0.52514	-1.40015
0.00000	0.00000	0.00000	1.00000

boidNo = 18
boid Wall No = 1
position = = (2.4, 7.6, 6.0)
Boid Radius= 10
Boid Frame=
 0.93647	0.24144	0.25440	2.41443
-0.34536	0.76129	0.54879	7.61287
0.06117	0.60179	-0.79631	6.01787
0.00000	0.00000	0.00000	1.00000

boidNo = 19
boid Wall No = 0
position = = (7.0, -5.4, -4.6)
Boid Radius= 10
Boid Frame=
 -0.60842	0.69956	-0.37476	6.99560
-0.79348	-0.54500	0.27086	-5.44998
0.01476	-0.46216	-0.88667	-4.62161
0.00000	0.00000	0.00000	1.00000

