Iteration Num of Simuation:0
m_SimulationDeltaT of action plan:0
boidNo = 0
boid Wall No = 1
position = = (6.1, 5.5, 5.8)
Boid Radius= 10
Boid Frame=
 0.79121	0.60637	0.07944	6.06365
-0.48723	0.54653	0.68111	5.46530
-0.36958	0.57760	-0.72786	5.77605
0.00000	0.00000	0.00000	1.00000

boidNo = 1
boid Wall No = 0
position = = (5.7, -5.0, 6.6)
Boid Radius= 10
Boid Frame=
 0.47985	0.56667	0.66980	5.66669
-0.44726	-0.49879	0.74241	-4.98789
-0.75479	0.65582	-0.01410	6.55817
0.00000	0.00000	0.00000	1.00000

boidNo = 2
boid Wall No = 0
position = = (3.2, -6.4, -7.0)
Boid Radius= 10
Boid Frame=
 -0.93666	0.32089	-0.14032	3.20890
-0.32422	-0.64293	0.69392	-6.42931
-0.13246	-0.69546	-0.70625	-6.95463
0.00000	0.00000	0.00000	1.00000

boidNo = 3
boid Wall No = 0
position = = (2.4, -1.8, -9.5)
Boid Radius= 10
Boid Frame=
 -0.75285	0.23506	-0.61479	2.35065
-0.65560	-0.18497	0.73210	-1.84973
-0.05837	-0.95422	-0.29337	-9.54217
0.00000	0.00000	0.00000	1.00000

boidNo = 4
boid Wall No = 0
position = = (0.3, -10.0, 0.2)
Boid Radius= 10
Boid Frame=
 0.54294	0.02601	0.83937	0.26006
-0.00054	-0.99951	0.03131	-9.99509
-0.83977	0.01745	0.54266	0.17451
0.00000	0.00000	0.00000	1.00000

boidNo = 5
boid Wall No = 0
position = = (0.0, -9.9, 1.2)
Boid Radius= 10
Boid Frame=
 0.99988	0.00269	0.01520	0.02688
0.00087	-0.99298	0.11830	-9.92978
-0.01541	0.11827	0.99286	1.18273
0.00000	0.00000	0.00000	1.00000

boidNo = 6
boid Wall No = 0
position = = (1.5, -9.0, -4.0)
Boid Radius= 10
Boid Frame=
 -0.77846	0.14818	0.60995	1.48185
0.14371	-0.90385	0.40299	-9.03850
-0.61102	-0.40137	-0.68232	-4.01368
0.00000	0.00000	0.00000	1.00000

boidNo = 7
boid Wall No = 1
position = = (8.1, 2.1, 5.5)
Boid Radius= 10
Boid Frame=
 0.52185	0.80952	0.26899	8.09518
-0.68743	0.21237	0.69450	2.12374
-0.50509	0.54734	-0.66731	5.47337
0.00000	0.00000	0.00000	1.00000

boidNo = 8
boid Wall No = 0
position = = (9.8, -1.2, -1.5)
Boid Radius= 10
Boid Frame=
 -0.19368	0.98088	-0.01907	9.80879
-0.69476	-0.12341	0.70858	-1.23410
-0.69267	-0.15049	-0.70538	-1.50489
0.00000	0.00000	0.00000	1.00000

boidNo = 9
boid Wall No = 0
position = = (-8.7, -2.6, -4.2)
Boid Radius= 9.999999
Boid Frame=
 -0.10714	-0.86744	-0.48588	-8.67436
-0.72905	-0.26374	0.63161	-2.63742
0.67603	-0.42190	0.60414	-4.21895
0.00000	0.00000	0.00000	1.00000

boidNo = 10
boid Wall No = 1
position = = (4.9, 6.1, 6.2)
Boid Radius= 10
Boid Frame=
 0.86753	0.48813	0.09546	4.88131
-0.41755	0.61049	0.67302	6.10489
-0.27025	0.62372	-0.73344	6.23724
0.00000	0.00000	0.00000	1.00000

boidNo = 11
boid Wall No = 0
position = = (6.2, -1.7, -7.7)
Boid Radius= 10
Boid Frame=
 -0.58420	0.61977	-0.52403	6.19768
-0.75006	-0.16564	0.64029	-1.65641
-0.31003	-0.76711	-0.56163	-7.67106
0.00000	0.00000	0.00000	1.00000

boidNo = 12
boid Wall No = 0
position = = (2.0, -8.9, 4.0)
Boid Radius= 9.999999
Boid Frame=
 0.97305	0.20132	0.11241	2.01319
0.13606	-0.89493	0.42495	-8.94930
-0.18615	0.39821	0.89821	3.98209
0.00000	0.00000	0.00000	1.00000

boidNo = 13
boid Wall No = 1
position = = (-2.7, 9.5, 1.7)
Boid Radius= 10
Boid Frame=
 0.60650	-0.27197	0.74712	-2.71967
0.03417	0.94773	0.31725	9.47725
0.79435	0.16689	-0.58409	1.66887
0.00000	0.00000	0.00000	1.00000

boidNo = 14
boid Wall No = 0
position = = (-0.1, -10.0, 0.5)
Boid Radius= 10
Boid Frame=
 0.99003	-0.01278	-0.14030	-0.12778
-0.00494	-0.99841	0.05608	-9.98414
0.14080	0.05483	0.98852	0.54832
0.00000	0.00000	0.00000	1.00000

