Iteration Num of Simuation:0
m_SimulationDeltaT of action plan:0
boidNo = 0
boid Wall No = 0
position = = (-4.6, -4.4, -7.7)
Boid Radius= 10
Boid Frame=
 -0.55265	-0.46253	-0.69328	-4.62525
-0.53376	-0.44244	0.72066	-4.42441
0.64006	-0.76832	0.00236	-7.68320
0.00000	0.00000	0.00000	1.00000

boidNo = 1
boid Wall No = 0
position = = (10.0, -0.6, 0.4)
Boid Radius= 10
Boid Frame=
 -0.01384	0.99776	0.06548	9.97758
-0.70452	-0.05620	0.70745	-0.56199
-0.70955	0.03634	-0.70372	0.36343
0.00000	0.00000	0.00000	1.00000

boidNo = 2
boid Wall No = 1
position = = (-4.6, 8.5, 2.5)
Boid Radius= 10
Boid Frame=
 0.32210	-0.45607	0.82961	-4.56070
-0.10251	0.85436	0.50948	8.54357
0.94114	0.24915	-0.22844	2.49146
0.00000	0.00000	0.00000	1.00000

boidNo = 3
boid Wall No = 0
position = = (7.4, -3.7, 5.6)
Boid Radius= 10
Boid Frame=
 0.28203	0.73675	0.61454	7.36750
-0.58670	-0.37438	0.71807	-3.74376
-0.75911	0.56306	-0.32666	5.63065
0.00000	0.00000	0.00000	1.00000

boidNo = 4
boid Wall No = 1
position = = (3.2, 8.8, 3.4)
Boid Radius= 10
Boid Frame=
 0.79625	0.31775	-0.51480	3.17746
-0.05273	0.88418	0.46417	8.84175
-0.60266	0.34245	-0.72078	3.42449
0.00000	0.00000	0.00000	1.00000

boidNo = 5
boid Wall No = 0
position = = (-1.7, -9.8, -1.2)
Boid Radius= 10
Boid Frame=
 -0.97192	-0.16719	-0.16558	-1.67191
0.14352	-0.97883	0.14594	-9.78828
0.18647	-0.11808	-0.97534	-1.18078
0.00000	0.00000	0.00000	1.00000

boidNo = 6
boid Wall No = 0
position = = (4.5, 0.0, 8.9)
Boid Radius= 10
Boid Frame=
 0.62896	0.45404	0.63108	4.54038
-0.70710	-0.00333	0.70711	-0.03327
-0.32315	0.89098	-0.31896	8.90976
0.00000	0.00000	0.00000	1.00000

boidNo = 7
boid Wall No = 1
position = = (-5.0, 6.0, -6.3)
Boid Radius= 10
Boid Frame=
 -0.85948	-0.49566	-0.12499	-4.95656
-0.44334	0.60109	0.66494	6.01086
0.25445	-0.62691	0.73637	-6.26913
0.00000	0.00000	0.00000	1.00000

boidNo = 8
boid Wall No = 1
position = = (-1.8, 4.7, -8.6)
Boid Radius= 10
Boid Frame=
 -0.82426	-0.17763	-0.53764	-1.77630
-0.55030	0.47486	0.68679	4.74861
-0.13331	-0.86195	0.48916	-8.61948
0.00000	0.00000	0.00000	1.00000

boidNo = 9
boid Wall No = 0
position = = (-2.2, -7.9, -5.7)
Boid Radius= 10
Boid Frame=
 -0.92380	-0.22441	-0.31021	-2.24413
-0.01139	-0.79376	0.60812	-7.93760
0.38271	-0.56532	-0.73072	-5.65318
0.00000	0.00000	0.00000	1.00000

boidNo = 10
boid Wall No = 1
position = = (-7.6, 4.1, -5.1)
Boid Radius= 10
Boid Frame=
 -0.64070	-0.76074	-0.10383	-7.60737
-0.59475	0.40621	0.69373	4.06214
0.48557	-0.50623	0.71271	-5.06230
0.00000	0.00000	0.00000	1.00000

boidNo = 11
boid Wall No = 1
position = = (6.2, 1.3, -7.7)
Boid Radius= 10
Boid Frame=
 -0.49868	0.61963	-0.60612	6.19631
-0.69617	0.13030	0.70596	1.30296
-0.51641	-0.77400	-0.36639	-7.74003
0.00000	0.00000	0.00000	1.00000

boidNo = 12
boid Wall No = 1
position = = (5.2, 8.5, -0.8)
Boid Radius= 10
Boid Frame=
 0.02606	0.51585	-0.85628	5.15852
-0.10427	0.85330	0.51088	8.53302
-0.99421	-0.07597	-0.07602	-0.75970
0.00000	0.00000	0.00000	1.00000

boidNo = 13
boid Wall No = 0
position = = (-0.7, -8.8, -4.7)
Boid Radius= 10
Boid Frame=
 -0.98262	-0.06602	0.17348	-0.66017
0.13978	-0.87812	0.45757	-8.78121
-0.12213	-0.47386	-0.87209	-4.73863
0.00000	0.00000	0.00000	1.00000

boidNo = 14
boid Wall No = 0
position = = (2.9, -9.0, 3.2)
Boid Radius= 9.999999
Boid Frame=
 0.91341	0.29463	0.28085	2.94626
0.16509	-0.89884	0.40600	-8.98838
-0.37205	0.32448	0.86965	3.24477
0.00000	0.00000	0.00000	1.00000

