Iteration Num of Simuation:0
m_SimulationDeltaT of action plan:0
boidNo = 0
boid Wall No = 1
position = = (-1.0, 9.7, -2.0)
Boid Radius= 10
Boid Frame=
 -0.73462	-0.10062	0.67097	-1.00615
0.06276	0.97463	0.21486	9.74626
0.67557	-0.19995	0.70967	-1.99951
0.00000	0.00000	0.00000	1.00000

boidNo = 1
boid Wall No = 1
position = = (-2.8, 5.9, 7.6)
Boid Radius= 10
Boid Frame=
 0.67689	-0.27874	0.68127	-2.78742
-0.43912	0.58988	0.67765	5.89885
0.59076	0.75785	-0.27688	7.57852
0.00000	0.00000	0.00000	1.00000

boidNo = 2
boid Wall No = 1
position = = (-5.8, 7.4, -3.3)
Boid Radius= 10
Boid Frame=
 -0.73173	-0.58484	0.35004	-5.84842
-0.30268	0.73896	0.60193	7.38963
0.61070	-0.33450	0.71774	-3.34503
0.00000	0.00000	0.00000	1.00000

boidNo = 3
boid Wall No = 0
position = = (2.9, -8.4, 4.6)
Boid Radius= 10
Boid Frame=
 0.87985	0.29440	0.37308	2.94402
0.05133	-0.83929	0.54125	-8.39292
-0.47247	0.45707	0.75357	4.57074
0.00000	0.00000	0.00000	1.00000

boidNo = 4
boid Wall No = 0
position = = (0.7, -10.0, -0.1)
Boid Radius= 10
Boid Frame=
 0.12306	0.07383	0.98965	0.73826
0.01511	-0.99725	0.07251	-9.97253
-0.99228	-0.00603	0.12383	-0.06027
0.00000	0.00000	0.00000	1.00000

boidNo = 5
boid Wall No = 1
position = = (-5.3, 7.0, 4.8)
Boid Radius= 10
Boid Frame=
 0.35760	-0.52766	0.77052	-5.27658
-0.33335	0.69860	0.63311	6.98604
0.87236	0.48325	-0.07392	4.83249
0.00000	0.00000	0.00000	1.00000

boidNo = 6
boid Wall No = 0
position = = (-5.2, -1.3, -8.5)
Boid Radius= 10
Boid Frame=
 -0.53436	-0.51720	-0.66855	-5.17199
-0.72401	-0.12811	0.67779	-1.28114
0.43620	-0.84622	0.30600	-8.46222
0.00000	0.00000	0.00000	1.00000

boidNo = 7
boid Wall No = 1
position = = (-8.5, 5.3, -0.4)
Boid Radius= 10
Boid Frame=
 -0.38699	-0.84654	0.36552	-8.46543
-0.55743	0.53055	0.63859	5.30549
0.73452	-0.04338	0.67720	-0.43380
0.00000	0.00000	0.00000	1.00000

boidNo = 8
boid Wall No = 1
position = = (-0.4, 9.7, -2.2)
Boid Radius= 10
Boid Frame=
 -0.92145	-0.04371	0.38602	-0.43714
0.04609	0.97433	0.22035	9.74332
0.38575	-0.22083	0.89579	-2.20831
0.00000	0.00000	0.00000	1.00000

boidNo = 9
boid Wall No = 0
position = = (9.1, -1.1, 4.0)
Boid Radius= 10
Boid Frame=
 0.20519	0.90980	0.36079	9.09798
-0.71792	-0.11063	0.68728	-1.10634
-0.66520	0.40003	-0.63046	4.00034
0.00000	0.00000	0.00000	1.00000

boidNo = 10
boid Wall No = 0
position = = (-1.9, -0.2, -9.8)
Boid Radius= 10
Boid Frame=
 -0.01521	-0.18602	-0.98243	-1.86018
-0.99960	-0.02047	0.01935	-0.20469
0.02371	-0.98233	0.18563	-9.82333
0.00000	0.00000	0.00000	1.00000

boidNo = 11
boid Wall No = 0
position = = (6.0, -7.9, 1.0)
Boid Radius= 10
Boid Frame=
 0.13969	0.60447	0.78428	6.04473
-0.01868	-0.79030	0.61244	-7.90298
-0.99002	0.10021	0.09911	1.00207
0.00000	0.00000	0.00000	1.00000

boidNo = 12
boid Wall No = 0
position = = (7.1, -5.2, -4.8)
Boid Radius= 10
Boid Frame=
 -0.70418	0.70749	0.05988	7.07492
-0.45929	-0.51820	0.72147	-5.18199
-0.54146	-0.48055	-0.68985	-4.80546
0.00000	0.00000	0.00000	1.00000

boidNo = 13
boid Wall No = 1
position = = (-1.6, 9.8, 1.2)
Boid Radius= 10
Boid Frame=
 0.83746	-0.15978	0.52261	-1.59776
0.07092	0.97999	0.18597	9.79993
0.54187	0.11868	-0.83204	1.18682
0.00000	0.00000	0.00000	1.00000

boidNo = 14
boid Wall No = 1
position = = (-3.5, 8.9, -3.0)
Boid Radius= 10
Boid Frame=
 -0.72695	-0.35379	0.58854	-3.53791
-0.05725	0.88530	0.46148	8.85304
0.68430	-0.30178	0.66382	-3.01778
0.00000	0.00000	0.00000	1.00000

