Iteration Num of Simuation:0
m_SimulationDeltaT of action plan:0
boidNo = 0
boid Wall No = 0
position = = (0.0, -10.0, 0.3)
Boid Radius= 10
Boid Frame=
 0.93773	-0.00163	-0.34737	-0.01633
0.00806	-0.99962	0.02645	-9.99618
0.34728	0.02760	0.93736	0.27599
0.00000	0.00000	0.00000	1.00000

boidNo = 1
boid Wall No = 1
position = = (4.2, 7.6, -5.0)
Boid Radius= 10
Boid Frame=
 -0.49124	0.41696	-0.76474	4.16963
-0.27247	0.76035	0.58960	7.60353
-0.82731	-0.49800	0.25991	-4.98001
0.00000	0.00000	0.00000	1.00000

boidNo = 2
boid Wall No = 1
position = = (6.3, 6.2, -4.6)
Boid Radius= 10
Boid Frame=
 -0.19558	0.62939	-0.75208	6.29386
-0.44826	0.62471	0.63937	6.24715
-0.87225	-0.46217	-0.15995	-4.62175
0.00000	0.00000	0.00000	1.00000

boidNo = 3
boid Wall No = 1
position = = (4.3, 7.9, -4.3)
Boid Radius= 10
Boid Frame=
 -0.45511	0.43339	-0.77785	4.33387
-0.21606	0.79370	0.56864	7.93704
-0.86382	-0.42686	0.26759	-4.26861
0.00000	0.00000	0.00000	1.00000

boidNo = 4
boid Wall No = 0
position = = (-4.7, -3.2, 8.2)
Boid Radius= 10
Boid Frame=
 0.75906	-0.47002	0.45046	-4.70019
-0.62178	-0.31836	0.71557	-3.18355
0.19292	0.82324	0.53390	8.23245
0.00000	0.00000	0.00000	1.00000

boidNo = 5
boid Wall No = 0
position = = (-5.0, -7.9, -3.5)
Boid Radius= 10
Boid Frame=
 -0.54733	-0.49858	-0.67219	-4.98583
-0.02875	-0.79150	0.61049	-7.91504
0.83642	-0.35346	-0.41888	-3.53463
0.00000	0.00000	0.00000	1.00000

boidNo = 6
boid Wall No = 0
position = = (-9.2, -2.4, 3.0)
Boid Radius= 10
Boid Frame=
 0.38345	-0.92287	0.03573	-9.22872
-0.64472	-0.23977	0.72584	-2.39774
0.66129	0.30136	0.68694	3.01357
0.00000	0.00000	0.00000	1.00000

boidNo = 7
boid Wall No = 0
position = = (-2.3, -4.8, -8.5)
Boid Radius= 10
Boid Frame=
 -0.71852	-0.22742	-0.65727	-2.27420
-0.50611	-0.47725	0.71840	-4.77246
0.47706	-0.84883	-0.22781	-8.48832
0.00000	0.00000	0.00000	1.00000

boidNo = 8
boid Wall No = 0
position = = (-6.0, -7.6, 2.3)
Boid Radius= 10
Boid Frame=
 0.52560	-0.60290	-0.60021	-6.02901
-0.15985	-0.76295	0.62639	-7.62947
0.83558	0.23329	0.49738	2.33286
0.00000	0.00000	0.00000	1.00000

boidNo = 9
boid Wall No = 1
position = = (2.3, 2.5, -9.4)
Boid Radius= 10
Boid Frame=
 -0.66087	0.22646	-0.71552	2.26462
-0.67020	0.25099	0.69845	2.50989
-0.33776	-0.94113	0.01410	-9.41127
0.00000	0.00000	0.00000	1.00000

boidNo = 10
boid Wall No = 1
position = = (2.5, 9.7, 0.3)
Boid Radius= 10
Boid Frame=
 -0.15004	0.24558	-0.95769	2.45583
0.06528	0.96901	0.23826	9.69006
-0.98652	0.02677	0.16143	0.26767
0.00000	0.00000	0.00000	1.00000

boidNo = 11
boid Wall No = 0
position = = (8.1, -5.3, 2.4)
Boid Radius= 10
Boid Frame=
 -0.08668	0.81299	0.57579	8.12993
-0.52079	-0.52968	0.66949	-5.29678
-0.84927	0.24183	-0.46931	2.41834
0.00000	0.00000	0.00000	1.00000

boidNo = 12
boid Wall No = 1
position = = (-5.9, 0.2, 8.1)
Boid Radius= 10
Boid Frame=
 0.55852	-0.58928	0.58379	-5.89277
-0.71254	0.01947	0.70136	0.19473
0.42466	0.80770	0.40901	8.07696
0.00000	0.00000	0.00000	1.00000

boidNo = 13
boid Wall No = 0
position = = (6.6, -6.0, 4.5)
Boid Radius= 10
Boid Frame=
 0.31854	0.66158	0.67886	6.61579
-0.31571	-0.60123	0.73407	-6.01227
-0.89379	0.44815	-0.01735	4.48150
0.00000	0.00000	0.00000	1.00000

boidNo = 14
boid Wall No = 0
position = = (-8.5, -2.1, -4.8)
Boid Radius= 10
Boid Frame=
 -0.21942	-0.85064	-0.47777	-8.50640
-0.69700	-0.20599	0.68685	-2.05986
0.68267	-0.48372	0.54770	-4.83717
0.00000	0.00000	0.00000	1.00000

