Iteration Num of Simuation:0
m_SimulationDeltaT of action plan:0
boidNo = 0
boid Wall No = 1
position = = (0.5, 9.3, 3.8)
Boid Radius= 10
Boid Frame=
 0.94938	0.04616	0.31071	0.46164
-0.15748	0.92580	0.34364	9.25802
0.27179	0.37518	-0.88621	3.75180
0.00000	0.00000	0.00000	1.00000

boidNo = 1
boid Wall No = 1
position = = (-9.8, 0.0, -2.0)
Boid Radius= 10
Boid Frame=
 -0.14024	-0.97962	-0.14381	-9.79619
-0.72787	0.00353	0.68571	0.03533
0.67123	-0.20084	0.71353	-2.00836
0.00000	0.00000	0.00000	1.00000

boidNo = 2
boid Wall No = 1
position = = (-9.3, 1.8, -3.1)
Boid Radius= 10
Boid Frame=
 -0.34099	-0.93306	-0.11459	-9.33056
-0.71263	0.17707	0.67883	1.77067
0.61310	-0.31314	0.72530	-3.13137
0.00000	0.00000	0.00000	1.00000

boidNo = 3
boid Wall No = 0
position = = (-3.0, -9.3, 2.0)
Boid Radius= 10
Boid Frame=
 0.18194	-0.30148	-0.93595	-3.01476
0.15440	-0.93127	0.32998	-9.31275
0.97111	0.20455	0.12288	2.04548
0.00000	0.00000	0.00000	1.00000

boidNo = 4
boid Wall No = 0
position = = (-3.8, -8.9, -2.5)
Boid Radius= 10
Boid Frame=
 -0.82645	-0.38008	-0.41537	-3.80075
0.20275	-0.88917	0.41022	-8.89165
0.52524	-0.25481	-0.81191	-2.54810
0.00000	0.00000	0.00000	1.00000

boidNo = 5
boid Wall No = 1
position = = (5.5, 4.4, 7.0)
Boid Radius= 10
Boid Frame=
 0.76331	0.55415	0.33207	5.54154
-0.60868	0.44463	0.65713	4.44626
-0.21650	0.70372	-0.67669	7.03719
0.00000	0.00000	0.00000	1.00000

boidNo = 6
boid Wall No = 0
position = = (-6.4, -5.9, -4.9)
Boid Radius= 10
Boid Frame=
 -0.39323	-0.63712	-0.66291	-6.37125
-0.29880	-0.59330	0.74747	-5.93300
0.86953	-0.49200	-0.04293	-4.92004
0.00000	0.00000	0.00000	1.00000

boidNo = 7
boid Wall No = 1
position = = (6.1, 7.8, -1.4)
Boid Radius= 10
Boid Frame=
 0.05008	0.61284	-0.78862	6.12839
-0.21463	0.77777	0.59077	7.77766
-0.97541	-0.13968	-0.17049	-1.39676
0.00000	0.00000	0.00000	1.00000

boidNo = 8
boid Wall No = 0
position = = (-2.4, -1.4, -9.6)
Boid Radius= 10
Boid Frame=
 -0.65339	-0.24274	-0.71705	-2.42744
-0.70654	-0.14456	0.69275	-1.44565
0.27182	-0.95926	0.07705	-9.59258
0.00000	0.00000	0.00000	1.00000

boidNo = 9
boid Wall No = 0
position = = (-8.0, -4.7, -3.7)
Boid Radius= 10
Boid Frame=
 -0.03544	-0.80176	-0.59660	-8.01757
-0.58175	-0.46885	0.66464	-4.68855
0.81260	-0.37062	0.44981	-3.70623
0.00000	0.00000	0.00000	1.00000

boidNo = 10
boid Wall No = 0
position = = (4.0, -8.9, 2.2)
Boid Radius= 10
Boid Frame=
 0.84097	0.39546	0.36930	3.95459
0.25563	-0.89193	0.37299	-8.91927
-0.47690	0.21927	0.85117	2.19269
0.00000	0.00000	0.00000	1.00000

boidNo = 11
boid Wall No = 1
position = = (-7.2, 2.1, 6.6)
Boid Radius= 9.999999
Boid Frame=
 0.36880	-0.71903	0.58905	-7.19030
-0.68811	0.21484	0.69307	2.14835
0.62489	0.66094	0.41554	6.60940
0.00000	0.00000	0.00000	1.00000

boidNo = 12
boid Wall No = 0
position = = (-2.2, -9.5, 2.3)
Boid Radius= 10
Boid Frame=
 0.30323	-0.22188	-0.92673	-2.21880
0.15372	-0.94839	0.27737	-9.48387
0.94044	0.22656	0.25347	2.26563
0.00000	0.00000	0.00000	1.00000

boidNo = 13
boid Wall No = 0
position = = (-9.7, -2.2, 1.1)
Boid Radius= 10
Boid Frame=
 0.23603	-0.96962	-0.06415	-9.69625
-0.72806	-0.22018	0.64919	-2.20184
0.64360	0.10652	0.75792	1.06522
0.00000	0.00000	0.00000	1.00000

boidNo = 14
boid Wall No = 0
position = = (3.0, -9.3, 2.2)
Boid Radius= 10
Boid Frame=
 0.72452	0.30169	0.61972	3.01690
0.07463	-0.92817	0.36460	-9.28169
-0.68521	0.21791	0.69499	2.17910
0.00000	0.00000	0.00000	1.00000

