Iteration Num of Simuation:0
m_SimulationDeltaT of action plan:0
boidNo = 0
boid Wall No = 1
position = = (-4.2, 7.2, 5.5)
Boid Radius= 9.999999
Boid Frame=
 0.52777	-0.41609	0.74049	-4.16089
-0.30342	0.72192	0.62190	7.21923
0.79335	0.55290	-0.25476	5.52899
0.00000	0.00000	0.00000	1.00000

boidNo = 1
boid Wall No = 1
position = = (1.0, 6.6, -7.4)
Boid Radius= 10
Boid Frame=
 -0.81525	0.10283	-0.56990	1.02828
-0.37059	0.66358	0.64987	6.63579
-0.44500	-0.74101	0.50288	-7.41006
0.00000	0.00000	0.00000	1.00000

boidNo = 2
boid Wall No = 0
position = = (1.3, -7.6, -6.3)
Boid Radius= 10
Boid Frame=
 -0.99124	0.12583	0.04014	1.25830
-0.07103	-0.76408	0.64120	-7.64081
-0.11136	-0.63273	-0.76632	-6.32730
0.00000	0.00000	0.00000	1.00000

boidNo = 3
boid Wall No = 0
position = = (-3.0, -3.5, 8.8)
Boid Radius= 10
Boid Frame=
 0.79898	-0.30403	0.51884	-3.04029
-0.60037	-0.35388	0.71717	-3.53880
0.03443	0.88450	0.46527	8.84497
0.00000	0.00000	0.00000	1.00000

boidNo = 4
boid Wall No = 1
position = = (-7.8, 1.4, -6.1)
Boid Radius= 10
Boid Frame=
 -0.51770	-0.77876	-0.35428	-7.78764
-0.69440	0.14056	0.70573	1.40564
0.49980	-0.61137	0.61354	-6.11366
0.00000	0.00000	0.00000	1.00000

boidNo = 5
boid Wall No = 0
position = = (1.5, -8.6, 4.9)
Boid Radius= 10
Boid Frame=
 0.98831	0.14776	0.03756	1.47756
0.10920	-0.85799	0.50193	-8.57989
-0.10639	0.49196	0.86409	4.91959
0.00000	0.00000	0.00000	1.00000

boidNo = 6
boid Wall No = 0
position = = (0.1, -9.8, 2.1)
Boid Radius= 10
Boid Frame=
 0.38032	0.00795	-0.92482	0.07953
0.19559	-0.97804	0.07202	-9.78038
0.90394	0.20828	0.37352	2.08277
0.00000	0.00000	0.00000	1.00000

boidNo = 7
boid Wall No = 0
position = = (-9.1, -2.9, -3.1)
Boid Radius= 10
Boid Frame=
 -0.07689	-0.90792	-0.41204	-9.07916
-0.60421	-0.28630	0.74362	-2.86304
0.79311	-0.30613	0.52655	-3.06135
0.00000	0.00000	0.00000	1.00000

boidNo = 8
boid Wall No = 0
position = = (-3.1, -9.5, -0.2)
Boid Radius= 10
Boid Frame=
 -0.58309	-0.31096	-0.75054	-3.10964
0.17257	-0.95017	0.25960	-9.50171
0.79387	-0.02185	-0.60770	-0.21849
0.00000	0.00000	0.00000	1.00000

boidNo = 9
boid Wall No = 1
position = = (3.3, 9.4, -0.8)
Boid Radius= 10
Boid Frame=
 -0.33125	0.32617	-0.88537	3.26168
0.03537	0.94198	0.33379	9.41984
-0.94288	-0.07925	0.32357	-0.79250
0.00000	0.00000	0.00000	1.00000

boidNo = 10
boid Wall No = 1
position = = (-4.6, 5.5, -7.0)
Boid Radius= 9.999999
Boid Frame=
 -0.85385	-0.45623	-0.25058	-4.56226
-0.49309	0.55477	0.67014	5.54771
0.16672	-0.69576	0.69865	-6.95764
0.00000	0.00000	0.00000	1.00000

boidNo = 11
boid Wall No = 1
position = = (-0.6, 10.0, 0.6)
Boid Radius= 10
Boid Frame=
 0.96027	-0.05823	0.27294	-0.58230
0.03872	0.99633	0.07632	9.96331
0.27639	0.06272	-0.95900	0.62722
0.00000	0.00000	0.00000	1.00000

boidNo = 12
boid Wall No = 0
position = = (3.7, -9.0, 2.2)
Boid Radius= 10
Boid Frame=
 0.77100	0.37237	0.51662	3.72375
0.16683	-0.90100	0.40046	-9.01001
-0.61460	0.22256	0.75679	2.22564
0.00000	0.00000	0.00000	1.00000

boidNo = 13
boid Wall No = 1
position = = (-8.1, 1.5, 5.7)
Boid Radius= 10
Boid Frame=
 0.32828	-0.80534	0.49363	-8.05337
-0.69335	0.14946	0.70494	1.49457
0.64149	0.57367	0.50931	5.73669
0.00000	0.00000	0.00000	1.00000

boidNo = 14
boid Wall No = 1
position = = (-4.5, 7.6, 4.7)
Boid Radius= 10
Boid Frame=
 0.46236	-0.45018	0.76391	-4.50184
-0.25103	0.75982	0.59971	7.59823
0.85042	0.46904	-0.23830	4.69045
0.00000	0.00000	0.00000	1.00000

