Iteration Num of Simuation:0
m_SimulationDeltaT of action plan:0
boidNo = 0
boid Wall No = 1
position = = (-3.6, 9.2, -1.6)
Boid Radius= 10
Boid Frame=
 -0.66175	-0.35731	0.65911	-3.57306
-0.12532	0.91948	0.37263	9.19479
0.73918	-0.16399	0.65324	-1.63986
0.00000	0.00000	0.00000	1.00000

boidNo = 1
boid Wall No = 1
position = = (-3.6, 4.0, 8.5)
Boid Radius= 10
Boid Frame=
 0.56469	-0.35898	0.74314	-3.58980
-0.62875	0.39615	0.66913	3.96154
0.53460	0.84510	0.00201	8.45101
0.00000	0.00000	0.00000	1.00000

boidNo = 2
boid Wall No = 0
position = = (8.1, -2.8, 5.1)
Boid Radius= 10
Boid Frame=
 0.07345	0.81287	0.57779	8.12875
-0.81922	-0.28122	0.49979	-2.81224
-0.56875	0.51005	-0.64527	5.10047
0.00000	0.00000	0.00000	1.00000

boidNo = 3
boid Wall No = 0
position = = (0.2, -7.3, 6.9)
Boid Radius= 10
Boid Frame=
 0.97685	0.02440	0.21254	0.24399
-0.12856	-0.72713	0.67435	-7.27131
-0.17100	0.68607	0.70716	6.86065
0.00000	0.00000	0.00000	1.00000

boidNo = 4
boid Wall No = 0
position = = (-2.5, -3.5, 9.1)
Boid Radius= 10
Boid Frame=
 0.85149	-0.24742	0.46233	-2.47421
-0.52332	-0.34530	0.77904	-3.45301
0.03311	0.90529	0.42350	9.05290
0.00000	0.00000	0.00000	1.00000

boidNo = 5
boid Wall No = 0
position = = (-5.2, -7.9, -3.2)
Boid Radius= 10
Boid Frame=
 -0.45535	-0.51760	-0.72439	-5.17605
-0.06217	-0.79316	0.60583	-7.93164
0.88814	-0.32090	-0.32899	-3.20900
0.00000	0.00000	0.00000	1.00000

boidNo = 6
boid Wall No = 1
position = = (-2.1, 9.6, -1.9)
Boid Radius= 10
Boid Frame=
 -0.69943	-0.20948	0.68331	-2.09476
-0.01318	0.95970	0.28072	9.59699
0.71458	-0.18734	0.67401	-1.87342
0.00000	0.00000	0.00000	1.00000

boidNo = 7
boid Wall No = 0
position = = (1.3, -9.8, -1.3)
Boid Radius= 10
Boid Frame=
 -0.62983	0.13144	0.76553	1.31439
0.01760	-0.98291	0.18324	-9.82910
-0.77653	-0.12889	-0.61676	-1.28887
0.00000	0.00000	0.00000	1.00000

boidNo = 8
boid Wall No = 1
position = = (3.2, 8.0, 5.1)
Boid Radius= 10
Boid Frame=
 0.93751	0.32322	-0.12882	3.23223
-0.19569	0.79593	0.57289	7.95928
-0.28770	0.51188	-0.80945	5.11885
0.00000	0.00000	0.00000	1.00000

boidNo = 9
boid Wall No = 0
position = = (6.6, -4.5, -6.0)
Boid Radius= 10
Boid Frame=
 -0.75334	0.65728	-0.02164	6.57279
-0.41759	-0.45269	0.78784	-4.52688
-0.50804	-0.60254	-0.61550	-6.02543
0.00000	0.00000	0.00000	1.00000

boidNo = 10
boid Wall No = 0
position = = (-8.2, -0.3, 5.7)
Boid Radius= 10
Boid Frame=
 0.14704	-0.81754	0.55679	-8.17538
-0.97745	-0.03386	0.20842	-0.33862
0.15154	0.57488	0.80408	5.74879
0.00000	0.00000	0.00000	1.00000

boidNo = 11
boid Wall No = 1
position = = (-3.7, 9.2, 1.1)
Boid Radius= 9.999999
Boid Frame=
 0.28118	-0.36949	0.88567	-3.69490
0.00186	0.92312	0.38452	9.23115
0.95965	0.10647	-0.26025	1.06469
0.00000	0.00000	0.00000	1.00000

boidNo = 12
boid Wall No = 1
position = = (-2.0, 9.2, 3.3)
Boid Radius= 10
Boid Frame=
 0.63810	-0.20490	0.74219	-2.04904
-0.12839	0.92213	0.36497	9.22125
0.75917	0.32818	-0.56210	3.28176
0.00000	0.00000	0.00000	1.00000

boidNo = 13
boid Wall No = 1
position = = (2.5, 1.2, -9.6)
Boid Radius= 10
Boid Frame=
 -0.50720	0.24687	-0.82571	2.46873
-0.82882	0.12289	0.54585	1.22889
-0.23623	-0.96122	-0.14228	-9.61224
0.00000	0.00000	0.00000	1.00000

boidNo = 14
boid Wall No = 1
position = = (-9.1, 3.8, -1.9)
Boid Radius= 9.999999
Boid Frame=
 -0.38110	-0.90629	0.18273	-9.06294
-0.54482	0.37984	0.74759	3.79836
0.74695	-0.18535	0.63853	-1.85353
0.00000	0.00000	0.00000	1.00000

