Iteration Num of Simuation:0
m_SimulationDeltaT of action plan:0
boidNo = 0
boid Wall No = 0
position = = (-3.2, -7.3, 6.0)
Boid Radius= 10
Boid Frame=
 0.93461	-0.32412	-0.14643	-3.24125
-0.14859	-0.72989	0.66722	-7.29887
0.32314	0.60184	0.73032	6.01837
0.00000	0.00000	0.00000	1.00000

boidNo = 1
boid Wall No = 1
position = = (-1.8, 8.7, -4.6)
Boid Radius= 9.999999
Boid Frame=
 -0.96661	-0.18195	0.18046	-1.81947
-0.07341	0.87129	0.48524	8.71294
0.24552	-0.45579	0.85556	-4.55787
0.00000	0.00000	0.00000	1.00000

boidNo = 2
boid Wall No = 0
position = = (8.0, -5.8, 1.3)
Boid Radius= 10
Boid Frame=
 -0.13713	0.80341	0.57942	8.03410
-0.38869	-0.58168	0.71455	-5.81676
-0.91111	0.12722	-0.39204	1.27225
0.00000	0.00000	0.00000	1.00000

boidNo = 3
boid Wall No = 1
position = = (-5.6, 3.2, 7.6)
Boid Radius= 9.999999
Boid Frame=
 0.49388	-0.55729	0.66747	-5.57287
-0.61127	0.32342	0.72232	3.23418
0.61841	0.76474	0.18092	7.64743
0.00000	0.00000	0.00000	1.00000

boidNo = 4
boid Wall No = 1
position = = (5.9, 7.2, 3.8)
Boid Radius= 10
Boid Frame=
 0.78412	0.58684	-0.20193	5.86838
-0.38726	0.71693	0.57969	7.16926
-0.48495	0.37635	-0.78942	3.76350
0.00000	0.00000	0.00000	1.00000

boidNo = 5
boid Wall No = 1
position = = (1.9, 7.0, 6.9)
Boid Radius= 10
Boid Frame=
 0.93267	0.18554	0.30935	1.85542
-0.34602	0.70253	0.62187	7.02533
0.10194	0.68704	-0.71943	6.87038
0.00000	0.00000	0.00000	1.00000

boidNo = 6
boid Wall No = 0
position = = (7.7, -6.0, 2.0)
Boid Radius= 10
Boid Frame=
 -0.04306	0.77361	0.63220	7.73610
-0.37020	-0.60009	0.70911	-6.00094
-0.92796	0.20351	-0.31222	2.03506
0.00000	0.00000	0.00000	1.00000

boidNo = 7
boid Wall No = 0
position = = (1.3, -9.9, -0.6)
Boid Radius= 10
Boid Frame=
 0.19576	0.13064	0.97191	1.30635
0.08370	-0.98970	0.11617	-9.89697
-0.97707	-0.05860	0.20467	-0.58605
0.00000	0.00000	0.00000	1.00000

boidNo = 8
boid Wall No = 0
position = = (9.7, -2.1, 0.9)
Boid Radius= 10
Boid Frame=
 -0.07400	0.97274	0.21978	9.72739
-0.67043	-0.21167	0.71113	-2.11675
-0.73827	0.09472	-0.66782	0.94723
0.00000	0.00000	0.00000	1.00000

boidNo = 9
boid Wall No = 1
position = = (8.3, 0.6, -5.5)
Boid Radius= 10
Boid Frame=
 -0.34719	0.83325	-0.43029	8.33250
-0.71703	0.05986	0.69447	0.59858
-0.60442	-0.54965	-0.57668	-5.49648
0.00000	0.00000	0.00000	1.00000

boidNo = 10
boid Wall No = 0
position = = (-2.3, -8.7, 4.3)
Boid Radius= 10
Boid Frame=
 0.74918	-0.23047	-0.62097	-2.30471
0.12649	-0.87047	0.47568	-8.70475
0.65017	0.43492	0.62299	4.34922
0.00000	0.00000	0.00000	1.00000

boidNo = 11
boid Wall No = 0
position = = (0.3, -2.9, 9.6)
Boid Radius= 10
Boid Frame=
 0.73932	0.03108	0.67264	0.31083
-0.63753	-0.28919	0.71409	-2.89191
-0.21672	0.95677	0.19399	9.56767
0.00000	0.00000	0.00000	1.00000

boidNo = 12
boid Wall No = 1
position = = (9.2, 2.1, -3.2)
Boid Radius= 10
Boid Frame=
 -0.10855	0.92303	-0.36910	9.23028
-0.66201	0.20987	0.71951	2.09870
-0.74159	-0.32245	-0.58827	-3.22450
0.00000	0.00000	0.00000	1.00000

boidNo = 13
boid Wall No = 1
position = = (-9.6, 2.5, 0.8)
Boid Radius= 10
Boid Frame=
 -0.12536	-0.96465	0.23181	-9.64651
-0.69244	0.25240	0.67588	2.52401
0.71050	0.07578	0.69961	0.75784
0.00000	0.00000	0.00000	1.00000

boidNo = 14
boid Wall No = 1
position = = (-0.7, 10.0, 0.4)
Boid Radius= 10
Boid Frame=
 0.89072	-0.06770	0.44949	-0.67703
0.04025	0.99671	0.07036	9.96709
0.45277	0.04457	-0.89051	0.44575
0.00000	0.00000	0.00000	1.00000

