Iteration Num of Simuation:0
m_SimulationDeltaT of action plan:0
boidNo = 0
boid Wall No = 1
position = = (-4.3, 2.8, -8.6)
Boid Radius= 10
Boid Frame=
 -0.76330	-0.43277	-0.47968	-4.32769
-0.61949	0.27959	0.73353	2.79587
0.18334	-0.85705	0.48150	-8.57054
0.00000	0.00000	0.00000	1.00000

boidNo = 1
boid Wall No = 0
position = = (3.9, -8.6, -3.3)
Boid Radius= 10
Boid Frame=
 -0.46864	0.38528	0.79495	3.85275
0.12876	-0.86048	0.49294	-8.60480
-0.87395	-0.33337	-0.35365	-3.33372
0.00000	0.00000	0.00000	1.00000

boidNo = 2
boid Wall No = 1
position = = (0.8, 8.5, -5.2)
Boid Radius= 10
Boid Frame=
 -0.92375	0.08062	-0.37441	0.80623
-0.13060	0.85269	0.50584	8.52686
-0.36003	-0.51617	0.77714	-5.16165
0.00000	0.00000	0.00000	1.00000

boidNo = 3
boid Wall No = 1
position = = (6.7, 6.5, 3.6)
Boid Radius= 10
Boid Frame=
 0.69522	0.67213	-0.25480	6.72125
-0.38782	0.64919	0.65433	6.49192
-0.60521	0.35609	-0.71199	3.56087
0.00000	0.00000	0.00000	1.00000

boidNo = 4
boid Wall No = 1
position = = (2.5, 8.0, -5.4)
Boid Radius= 10
Boid Frame=
 -0.75849	0.25474	-0.59984	2.54737
-0.17741	0.80496	0.56618	8.04964
-0.62707	-0.53586	0.56536	-5.35857
0.00000	0.00000	0.00000	1.00000

boidNo = 5
boid Wall No = 1
position = = (0.5, 8.8, 4.8)
Boid Radius= 10
Boid Frame=
 0.98830	0.04599	0.14539	0.45989
-0.10993	0.87564	0.47029	8.75640
0.10568	0.48077	-0.87045	4.80771
0.00000	0.00000	0.00000	1.00000

boidNo = 6
boid Wall No = 0
position = = (1.1, -7.0, 7.1)
Boid Radius= 10
Boid Frame=
 0.93038	0.10859	0.35015	1.08591
-0.17842	-0.70026	0.69123	-7.00260
-0.32026	0.70558	0.63213	7.05580
0.00000	0.00000	0.00000	1.00000

boidNo = 7
boid Wall No = 1
position = = (0.3, 9.8, -1.9)
Boid Radius= 10
Boid Frame=
 -0.98736	0.02625	0.15632	0.26254
0.05462	0.98214	0.18003	9.82143
0.14880	-0.18629	0.97116	-1.86294
0.00000	0.00000	0.00000	1.00000

boidNo = 8
boid Wall No = 1
position = = (-9.8, 2.1, 0.2)
Boid Radius= 10
Boid Frame=
 -0.12536	-0.97758	0.16919	-9.77579
-0.64321	0.20992	0.73635	2.09922
0.75536	0.01652	0.65510	0.16517
0.00000	0.00000	0.00000	1.00000

boidNo = 9
boid Wall No = 1
position = = (-5.7, 2.0, 8.0)
Boid Radius= 10
Boid Frame=
 0.49707	-0.56599	0.65770	-5.65994
-0.68970	0.20222	0.69528	2.02224
0.52653	0.79922	0.28985	7.99222
0.00000	0.00000	0.00000	1.00000

boidNo = 10
boid Wall No = 1
position = = (-6.9, 6.9, 2.3)
Boid Radius= 10
Boid Frame=
 -0.02793	-0.68543	0.72760	-6.85429
-0.34622	0.68947	0.63621	6.89467
0.93774	0.23414	0.25657	2.34143
0.00000	0.00000	0.00000	1.00000

boidNo = 11
boid Wall No = 0
position = = (-0.5, -10.0, 0.3)
Boid Radius= 10
Boid Frame=
 0.43735	-0.05445	-0.89764	-0.54453
0.00290	-0.99807	0.06196	-9.98074
0.89929	0.02970	0.43635	0.29704
0.00000	0.00000	0.00000	1.00000

boidNo = 12
boid Wall No = 1
position = = (2.3, 8.5, 4.7)
Boid Radius= 10
Boid Frame=
 0.95514	0.23038	-0.18613	2.30377
-0.10456	0.85028	0.51584	8.50281
-0.27710	0.47323	-0.83622	4.73233
0.00000	0.00000	0.00000	1.00000

boidNo = 13
boid Wall No = 1
position = = (-3.2, 4.7, -8.2)
Boid Radius= 10
Boid Frame=
 -0.84664	-0.32277	-0.42311	-3.22766
-0.53149	0.47267	0.70293	4.72667
0.02689	-0.82001	0.57172	-8.20005
0.00000	0.00000	0.00000	1.00000

boidNo = 14
boid Wall No = 0
position = = (0.8, -9.7, -2.2)
Boid Radius= 10
Boid Frame=
 -0.63601	0.08316	0.76719	0.83163
0.11783	-0.97205	0.20305	-9.72053
-0.76264	-0.21954	-0.60843	-2.19540
0.00000	0.00000	0.00000	1.00000

