Iteration Num of Simuation:0
m_SimulationDeltaT of action plan:0
boidNo = 0
boid Wall No = 0
position = = (0.6, -9.8, 1.6)
Boid Radius= 10
Boid Frame=
 0.93852	0.05958	0.34004	0.59576
-0.00007	-0.98497	0.17275	-9.84966
-0.34522	0.16215	0.92441	1.62152
0.00000	0.00000	0.00000	1.00000

boidNo = 1
boid Wall No = 1
position = = (5.0, 2.8, -8.2)
Boid Radius= 9.999999
Boid Frame=
 -0.51813	0.49545	-0.69719	4.95455
-0.66413	0.28059	0.69296	2.80593
-0.53896	-0.82207	-0.18366	-8.22066
0.00000	0.00000	0.00000	1.00000

boidNo = 2
boid Wall No = 1
position = = (-4.3, 0.1, -9.0)
Boid Radius= 10
Boid Frame=
 -0.59779	-0.43272	-0.67484	-4.32719
-0.75185	0.01055	0.65925	0.10547
0.27815	-0.90147	0.33165	-9.01467
0.00000	0.00000	0.00000	1.00000

boidNo = 3
boid Wall No = 1
position = = (5.1, 7.6, -4.0)
Boid Radius= 10
Boid Frame=
 -0.22567	0.50687	-0.83196	5.06873
-0.32948	0.76395	0.55481	7.63954
-0.91680	-0.39932	0.00540	-3.99318
0.00000	0.00000	0.00000	1.00000

boidNo = 4
boid Wall No = 1
position = = (-0.5, 10.0, 0.8)
Boid Radius= 10
Boid Frame=
 0.99081	-0.05153	0.12508	-0.51528
0.04128	0.99568	0.08316	9.95681
0.12882	0.07723	-0.98866	0.77232
0.00000	0.00000	0.00000	1.00000

boidNo = 5
boid Wall No = 0
position = = (0.1, -10.0, -0.7)
Boid Radius= 10
Boid Frame=
 -0.99322	0.00932	0.11591	0.09323
-0.00069	-0.99723	0.07432	-9.97234
-0.11628	-0.07374	-0.99048	-0.73737
0.00000	0.00000	0.00000	1.00000

boidNo = 6
boid Wall No = 0
position = = (8.9, -1.4, 4.3)
Boid Radius= 10
Boid Frame=
 -0.01771	0.89346	0.44879	8.93462
-0.96032	-0.14015	0.24112	-1.40150
-0.27833	0.42671	-0.86049	4.26713
0.00000	0.00000	0.00000	1.00000

boidNo = 7
boid Wall No = 0
position = = (-0.8, -0.8, 9.9)
Boid Radius= 9.999999
Boid Frame=
 0.50888	-0.08039	0.85708	-0.80394
-0.86044	-0.07796	0.50356	-0.77960
-0.02634	0.99371	0.10885	9.93710
0.00000	0.00000	0.00000	1.00000

boidNo = 8
boid Wall No = 0
position = = (-4.7, -7.8, -4.0)
Boid Radius= 10
Boid Frame=
 0.48095	-0.47260	-0.73847	-4.72598
-0.61277	-0.78360	0.10239	-7.83598
0.62705	-0.40327	0.66647	-4.03267
0.00000	0.00000	0.00000	1.00000

boidNo = 9
boid Wall No = 0
position = = (-3.4, -6.0, 7.3)
Boid Radius= 10
Boid Frame=
 0.93664	-0.33755	0.09360	-3.37547
-0.29080	-0.60034	0.74500	-6.00338
0.19528	0.72502	0.66046	7.25022
0.00000	0.00000	0.00000	1.00000

boidNo = 10
boid Wall No = 1
position = = (-6.6, 6.7, -3.4)
Boid Radius= 10
Boid Frame=
 -0.68352	-0.65905	0.31376	-6.59050
-0.34353	0.66973	0.65837	6.69728
0.64404	-0.34222	0.68418	-3.42223
0.00000	0.00000	0.00000	1.00000

boidNo = 11
boid Wall No = 0
position = = (-9.8, -2.1, -0.4)
Boid Radius= 10
Boid Frame=
 0.16580	-0.97635	-0.13876	-9.76348
-0.84960	-0.21286	0.48256	-2.12861
0.50069	-0.03789	0.86480	-0.37885
0.00000	0.00000	0.00000	1.00000

boidNo = 12
boid Wall No = 1
position = = (-9.4, 2.8, 2.0)
Boid Radius= 10
Boid Frame=
 -0.08450	-0.93780	0.33675	-9.37796
-0.74603	0.28358	0.60251	2.83576
0.66053	0.20031	0.72359	2.00311
0.00000	0.00000	0.00000	1.00000

boidNo = 13
boid Wall No = 0
position = = (0.3, -6.7, -7.4)
Boid Radius= 10
Boid Frame=
 -0.95640	0.03073	-0.29043	0.30725
-0.23477	-0.67242	0.70195	-6.72419
0.17373	-0.73953	-0.65032	-7.39533
0.00000	0.00000	0.00000	1.00000

boidNo = 14
boid Wall No = 1
position = = (-3.2, 4.5, 8.3)
Boid Radius= 10
Boid Frame=
 0.67768	-0.32246	0.66088	-3.22457
-0.50446	0.45005	0.73687	4.50045
0.53504	0.83276	-0.14232	8.32755
0.00000	0.00000	0.00000	1.00000

boidNo = 15
boid Wall No = 1
position = = (-8.7, 0.7, 4.9)
Boid Radius= 10
Boid Frame=
 0.16342	-0.87124	0.46285	-8.71240
-0.89413	0.06747	0.44270	0.67473
0.41693	0.48620	0.76797	4.86199
0.00000	0.00000	0.00000	1.00000

boidNo = 16
boid Wall No = 1
position = = (-0.7, 10.0, -0.4)
Boid Radius= 10
Boid Frame=
 -0.17066	-0.07434	0.98252	-0.74341
0.02728	0.99641	0.08013	9.96411
0.98495	-0.04048	0.16802	-0.40480
0.00000	0.00000	0.00000	1.00000

boidNo = 17
boid Wall No = 0
position = = (8.4, -5.4, 0.6)
Boid Radius= 10
Boid Frame=
 -0.17765	0.83927	0.51388	8.39268
-0.37717	-0.54038	0.75216	-5.40376
-0.90895	0.06020	-0.41254	0.60197
0.00000	0.00000	0.00000	1.00000

boidNo = 18
boid Wall No = 0
position = = (9.4, -2.6, 2.1)
Boid Radius= 10
Boid Frame=
 0.04714	0.94329	0.32861	9.43290
-0.52120	-0.25741	0.81369	-2.57411
-0.85213	0.20963	-0.47951	2.09626
0.00000	0.00000	0.00000	1.00000

boidNo = 19
boid Wall No = 0
position = = (-1.0, -9.9, -0.6)
Boid Radius= 10
Boid Frame=
 -0.47259	-0.10408	-0.87512	-1.04079
-0.00194	-0.99288	0.11913	-9.92877
0.88128	-0.05800	-0.46902	-0.57998
0.00000	0.00000	0.00000	1.00000

