Iteration Num of Simuation:0
m_SimulationDeltaT of action plan:0
boidNo = 0
boid Wall No = 0
position = = (9.1, -2.3, -3.5)
Boid Radius= 10
Boid Frame=
 -0.40392	0.91056	-0.08790	9.10562
-0.66503	-0.22630	0.71170	-2.26302
-0.62816	-0.34592	-0.69696	-3.45924
0.00000	0.00000	0.00000	1.00000

boidNo = 1
boid Wall No = 1
position = = (-5.6, 6.3, 5.4)
Boid Radius= 10
Boid Frame=
 0.34993	-0.55614	0.75383	-5.56140
-0.41242	0.63106	0.65702	6.31064
0.84111	0.54080	0.00853	5.40802
0.00000	0.00000	0.00000	1.00000

boidNo = 2
boid Wall No = 0
position = = (-7.6, -6.4, -1.0)
Boid Radius= 10
Boid Frame=
 0.11967	-0.76143	-0.63710	-7.61432
-0.29740	-0.63974	0.70872	-6.39740
0.94722	-0.10466	0.30301	-1.04659
0.00000	0.00000	0.00000	1.00000

boidNo = 3
boid Wall No = 1
position = = (0.7, 0.3, -10.0)
Boid Radius= 10
Boid Frame=
 -0.70410	0.07273	-0.70637	0.72732
-0.70672	0.02520	0.70705	0.25205
-0.06923	-0.99703	-0.03365	-9.97033
0.00000	0.00000	0.00000	1.00000

boidNo = 4
boid Wall No = 0
position = = (-0.4, -7.9, -6.2)
Boid Radius= 10
Boid Frame=
 -0.99515	-0.03917	-0.09018	-0.39174
-0.02487	-0.78709	0.61634	-7.87090
0.09513	-0.61559	-0.78230	-6.15593
0.00000	0.00000	0.00000	1.00000

boidNo = 5
boid Wall No = 0
position = = (-3.5, -9.3, -0.7)
Boid Radius= 10
Boid Frame=
 0.92605	-0.35218	-0.13563	-3.52181
-0.35827	-0.93334	-0.02267	-9.33341
0.11861	-0.06959	0.99050	-0.69589
0.00000	0.00000	0.00000	1.00000

boidNo = 6
boid Wall No = 0
position = = (3.0, -8.3, 4.7)
Boid Radius= 10
Boid Frame=
 0.88268	0.30340	0.35891	3.03402
0.06000	-0.83019	0.55424	-8.30192
-0.46612	0.46768	0.75100	4.67684
0.00000	0.00000	0.00000	1.00000

boidNo = 7
boid Wall No = 0
position = = (-8.9, -2.5, -3.9)
Boid Radius= 10
Boid Frame=
 -0.14497	-0.88606	-0.44033	-8.86056
-0.65693	-0.24659	0.71249	-2.46590
0.73988	-0.39255	0.54633	-3.92553
0.00000	0.00000	0.00000	1.00000

boidNo = 8
boid Wall No = 1
position = = (4.1, 6.9, -6.0)
Boid Radius= 10
Boid Frame=
 -0.53612	0.41205	-0.73674	4.12050
-0.34595	0.68887	0.63701	6.88867
-0.77000	-0.59639	0.22677	-5.96387
0.00000	0.00000	0.00000	1.00000

boidNo = 9
boid Wall No = 0
position = = (1.4, -9.6, -2.6)
Boid Radius= 10
Boid Frame=
 -0.33126	0.13503	0.93383	1.35032
0.19904	-0.95743	0.20905	-9.57435
-0.92231	-0.25512	-0.29028	-2.55117
0.00000	0.00000	0.00000	1.00000

boidNo = 10
boid Wall No = 1
position = = (-2.3, 7.5, -6.2)
Boid Radius= 10
Boid Frame=
 -0.96247	-0.23243	-0.14013	-2.32430
-0.26894	0.74737	0.60754	7.47373
0.03648	-0.62242	0.78183	-6.22422
0.00000	0.00000	0.00000	1.00000

boidNo = 11
boid Wall No = 0
position = = (3.2, -8.9, -3.3)
Boid Radius= 10
Boid Frame=
 -0.48025	0.32295	0.81552	3.22950
0.14978	-0.88590	0.43903	-8.85901
-0.86425	-0.33299	-0.37708	-3.32990
0.00000	0.00000	0.00000	1.00000

boidNo = 12
boid Wall No = 0
position = = (2.7, -1.3, -9.5)
Boid Radius= 10
Boid Frame=
 -0.71175	0.26959	-0.64864	2.69588
-0.69399	-0.12717	0.70866	-1.27169
-0.10856	-0.95454	-0.27760	-9.54542
0.00000	0.00000	0.00000	1.00000

boidNo = 13
boid Wall No = 0
position = = (-9.6, -2.8, 0.1)
Boid Radius= 10
Boid Frame=
 0.19056	-0.96129	-0.19901	-9.61292
-0.64406	-0.27542	0.71368	-2.75421
0.74086	0.00783	0.67161	0.07825
0.00000	0.00000	0.00000	1.00000

boidNo = 14
boid Wall No = 0
position = = (1.1, -0.4, -9.9)
Boid Radius= 10
Boid Frame=
 -0.70709	0.10709	-0.69897	1.07088
-0.70562	-0.04248	0.70731	-0.42483
-0.04605	-0.99334	-0.10560	-9.93342
0.00000	0.00000	0.00000	1.00000

